0 5 -5 1 6 -4 -1 4 -6 
1 6 -4 2 7 -3 0 5 -5 
-1 4 -6 0 5 -5 -2 3 -7 
1 6 -4 2 7 -3 0 5 -5 
2 7 -3 3 8 -2 1 6 -4 
0 5 -5 1 6 -4 -1 4 -6 
-1 4 -6 0 5 -5 -2 3 -7 
0 5 -5 1 6 -4 -1 4 -6 
-2 3 -7 -1 4 -6 -3 2 -8 
1 6 -4 2 7 -3 0 5 -5 
2 7 -3 3 8 -2 1 6 -4 
0 5 -5 1 6 -4 -1 4 -6 
2 7 -3 3 8 -2 1 6 -4 
3 8 -2 4 9 -1 2 7 -3 
1 6 -4 2 7 -3 0 5 -5 
0 5 -5 1 6 -4 -1 4 -6 
1 6 -4 2 7 -3 0 5 -5 
-1 4 -6 0 5 -5 -2 3 -7 
-1 4 -6 0 5 -5 -2 3 -7 
0 5 -5 1 6 -4 -1 4 -6 
-2 3 -7 -1 4 -6 -3 2 -8 
0 5 -5 1 6 -4 -1 4 -6 
1 6 -4 2 7 -3 0 5 -5 
-1 4 -6 0 5 -5 -2 3 -7 
-2 3 -7 -1 4 -6 -3 2 -8 
-1 4 -6 0 5 -5 -2 3 -7 
-3 2 -8 -2 3 -7 -4 1 -9 
1 6 -4 2 7 -3 0 5 -5 
2 7 -3 3 8 -2 1 6 -4 
0 5 -5 1 6 -4 -1 4 -6 
2 7 -3 3 8 -2 1 6 -4 
3 8 -2 4 9 -1 2 7 -3 
1 6 -4 2 7 -3 0 5 -5 
0 5 -5 1 6 -4 -1 4 -6 
1 6 -4 2 7 -3 0 5 -5 
-1 4 -6 0 5 -5 -2 3 -7 
2 7 -3 3 8 -2 1 6 -4 
3 8 -2 4 9 -1 2 7 -3 
1 6 -4 2 7 -3 0 5 -5 
3 8 -2 4 9 -1 2 7 -3 
4 9 -1 5 10 0 3 8 -2 
2 7 -3 3 8 -2 1 6 -4 
1 6 -4 2 7 -3 0 5 -5 
2 7 -3 3 8 -2 1 6 -4 
0 5 -5 1 6 -4 -1 4 -6 
0 5 -5 1 6 -4 -1 4 -6 
1 6 -4 2 7 -3 0 5 -5 
-1 4 -6 0 5 -5 -2 3 -7 
1 6 -4 2 7 -3 0 5 -5 
2 7 -3 3 8 -2 1 6 -4 
0 5 -5 1 6 -4 -1 4 -6 
-1 4 -6 0 5 -5 -2 3 -7 
0 5 -5 1 6 -4 -1 4 -6 
-2 3 -7 -1 4 -6 -3 2 -8 
-1 4 -6 0 5 -5 -2 3 -7 
0 5 -5 1 6 -4 -1 4 -6 
-2 3 -7 -1 4 -6 -3 2 -8 
0 5 -5 1 6 -4 -1 4 -6 
1 6 -4 2 7 -3 0 5 -5 
-1 4 -6 0 5 -5 -2 3 -7 
-2 3 -7 -1 4 -6 -3 2 -8 
-1 4 -6 0 5 -5 -2 3 -7 
-3 2 -8 -2 3 -7 -4 1 -9 
0 5 -5 1 6 -4 -1 4 -6 
1 6 -4 2 7 -3 0 5 -5 
-1 4 -6 0 5 -5 -2 3 -7 
1 6 -4 2 7 -3 0 5 -5 
2 7 -3 3 8 -2 1 6 -4 
0 5 -5 1 6 -4 -1 4 -6 
-1 4 -6 0 5 -5 -2 3 -7 
0 5 -5 1 6 -4 -1 4 -6 
-2 3 -7 -1 4 -6 -3 2 -8 
-2 3 -7 -1 4 -6 -3 2 -8 
-1 4 -6 0 5 -5 -2 3 -7 
-3 2 -8 -2 3 -7 -4 1 -9 
-1 4 -6 0 5 -5 -2 3 -7 
0 5 -5 1 6 -4 -1 4 -6 
-2 3 -7 -1 4 -6 -3 2 -8 
-3 2 -8 -2 3 -7 -4 1 -9 
-2 3 -7 -1 4 -6 -3 2 -8 
-4 1 -9 -3 2 -8 -5 0 -10 
1 6 -4 2 7 -3 0 5 -5 
2 7 -3 3 8 -2 1 6 -4 
0 5 -5 1 6 -4 -1 4 -6 
2 7 -3 3 8 -2 1 6 -4 
3 8 -2 4 9 -1 2 7 -3 
1 6 -4 2 7 -3 0 5 -5 
0 5 -5 1 6 -4 -1 4 -6 
1 6 -4 2 7 -3 0 5 -5 
-1 4 -6 0 5 -5 -2 3 -7 
2 7 -3 3 8 -2 1 6 -4 
3 8 -2 4 9 -1 2 7 -3 
1 6 -4 2 7 -3 0 5 -5 
3 8 -2 4 9 -1 2 7 -3 
4 9 -1 5 10 0 3 8 -2 
2 7 -3 3 8 -2 1 6 -4 
1 6 -4 2 7 -3 0 5 -5 
2 7 -3 3 8 -2 1 6 -4 
0 5 -5 1 6 -4 -1 4 -6 
0 5 -5 1 6 -4 -1 4 -6 
1 6 -4 2 7 -3 0 5 -5 
-1 4 -6 0 5 -5 -2 3 -7 
1 6 -4 2 7 -3 0 5 -5 
2 7 -3 3 8 -2 1 6 -4 
0 5 -5 1 6 -4 -1 4 -6 
-1 4 -6 0 5 -5 -2 3 -7 
0 5 -5 1 6 -4 -1 4 -6 
-2 3 -7 -1 4 -6 -3 2 -8 
2 7 -3 3 8 -2 1 6 -4 
3 8 -2 4 9 -1 2 7 -3 
1 6 -4 2 7 -3 0 5 -5 
3 8 -2 4 9 -1 2 7 -3 
4 9 -1 5 10 0 3 8 -2 
2 7 -3 3 8 -2 1 6 -4 
1 6 -4 2 7 -3 0 5 -5 
2 7 -3 3 8 -2 1 6 -4 
0 5 -5 1 6 -4 -1 4 -6 
3 8 -2 4 9 -1 2 7 -3 
4 9 -1 5 10 0 3 8 -2 
2 7 -3 3 8 -2 1 6 -4 
4 9 -1 5 10 0 3 8 -2 
5 10 0 6 11 1 4 9 -1 
3 8 -2 4 9 -1 2 7 -3 
2 7 -3 3 8 -2 1 6 -4 
3 8 -2 4 9 -1 2 7 -3 
1 6 -4 2 7 -3 0 5 -5 
1 6 -4 2 7 -3 0 5 -5 
2 7 -3 3 8 -2 1 6 -4 
0 5 -5 1 6 -4 -1 4 -6 
2 7 -3 3 8 -2 1 6 -4 
3 8 -2 4 9 -1 2 7 -3 
1 6 -4 2 7 -3 0 5 -5 
0 5 -5 1 6 -4 -1 4 -6 
1 6 -4 2 7 -3 0 5 -5 
-1 4 -6 0 5 -5 -2 3 -7 
0 5 -5 1 6 -4 -1 4 -6 
1 6 -4 2 7 -3 0 5 -5 
-1 4 -6 0 5 -5 -2 3 -7 
1 6 -4 2 7 -3 0 5 -5 
2 7 -3 3 8 -2 1 6 -4 
0 5 -5 1 6 -4 -1 4 -6 
-1 4 -6 0 5 -5 -2 3 -7 
0 5 -5 1 6 -4 -1 4 -6 
-2 3 -7 -1 4 -6 -3 2 -8 
1 6 -4 2 7 -3 0 5 -5 
2 7 -3 3 8 -2 1 6 -4 
0 5 -5 1 6 -4 -1 4 -6 
2 7 -3 3 8 -2 1 6 -4 
3 8 -2 4 9 -1 2 7 -3 
1 6 -4 2 7 -3 0 5 -5 
0 5 -5 1 6 -4 -1 4 -6 
1 6 -4 2 7 -3 0 5 -5 
-1 4 -6 0 5 -5 -2 3 -7 
-1 4 -6 0 5 -5 -2 3 -7 
0 5 -5 1 6 -4 -1 4 -6 
-2 3 -7 -1 4 -6 -3 2 -8 
0 5 -5 1 6 -4 -1 4 -6 
1 6 -4 2 7 -3 0 5 -5 
-1 4 -6 0 5 -5 -2 3 -7 
-2 3 -7 -1 4 -6 -3 2 -8 
-1 4 -6 0 5 -5 -2 3 -7 
-3 2 -8 -2 3 -7 -4 1 -9 
-1 4 -6 0 5 -5 -2 3 -7 
0 5 -5 1 6 -4 -1 4 -6 
-2 3 -7 -1 4 -6 -3 2 -8 
0 5 -5 1 6 -4 -1 4 -6 
1 6 -4 2 7 -3 0 5 -5 
-1 4 -6 0 5 -5 -2 3 -7 
-2 3 -7 -1 4 -6 -3 2 -8 
-1 4 -6 0 5 -5 -2 3 -7 
-3 2 -8 -2 3 -7 -4 1 -9 
0 5 -5 1 6 -4 -1 4 -6 
1 6 -4 2 7 -3 0 5 -5 
-1 4 -6 0 5 -5 -2 3 -7 
1 6 -4 2 7 -3 0 5 -5 
2 7 -3 3 8 -2 1 6 -4 
0 5 -5 1 6 -4 -1 4 -6 
-1 4 -6 0 5 -5 -2 3 -7 
0 5 -5 1 6 -4 -1 4 -6 
-2 3 -7 -1 4 -6 -3 2 -8 
-2 3 -7 -1 4 -6 -3 2 -8 
-1 4 -6 0 5 -5 -2 3 -7 
-3 2 -8 -2 3 -7 -4 1 -9 
-1 4 -6 0 5 -5 -2 3 -7 
0 5 -5 1 6 -4 -1 4 -6 
-2 3 -7 -1 4 -6 -3 2 -8 
-3 2 -8 -2 3 -7 -4 1 -9 
-2 3 -7 -1 4 -6 -3 2 -8 
-4 1 -9 -3 2 -8 -5 0 -10 
0 5 -5 1 6 -4 -1 4 -6 
1 6 -4 2 7 -3 0 5 -5 
-1 4 -6 0 5 -5 -2 3 -7 
1 6 -4 2 7 -3 0 5 -5 
2 7 -3 3 8 -2 1 6 -4 
0 5 -5 1 6 -4 -1 4 -6 
-1 4 -6 0 5 -5 -2 3 -7 
0 5 -5 1 6 -4 -1 4 -6 
-2 3 -7 -1 4 -6 -3 2 -8 
1 6 -4 2 7 -3 0 5 -5 
2 7 -3 3 8 -2 1 6 -4 
0 5 -5 1 6 -4 -1 4 -6 
2 7 -3 3 8 -2 1 6 -4 
3 8 -2 4 9 -1 2 7 -3 
1 6 -4 2 7 -3 0 5 -5 
0 5 -5 1 6 -4 -1 4 -6 
1 6 -4 2 7 -3 0 5 -5 
-1 4 -6 0 5 -5 -2 3 -7 
-1 4 -6 0 5 -5 -2 3 -7 
0 5 -5 1 6 -4 -1 4 -6 
-2 3 -7 -1 4 -6 -3 2 -8 
0 5 -5 1 6 -4 -1 4 -6 
1 6 -4 2 7 -3 0 5 -5 
-1 4 -6 0 5 -5 -2 3 -7 
-2 3 -7 -1 4 -6 -3 2 -8 
-1 4 -6 0 5 -5 -2 3 -7 
-3 2 -8 -2 3 -7 -4 1 -9 
-2 3 -7 -1 4 -6 -3 2 -8 
-1 4 -6 0 5 -5 -2 3 -7 
-3 2 -8 -2 3 -7 -4 1 -9 
-1 4 -6 0 5 -5 -2 3 -7 
0 5 -5 1 6 -4 -1 4 -6 
-2 3 -7 -1 4 -6 -3 2 -8 
-3 2 -8 -2 3 -7 -4 1 -9 
-2 3 -7 -1 4 -6 -3 2 -8 
-4 1 -9 -3 2 -8 -5 0 -10 
-1 4 -6 0 5 -5 -2 3 -7 
0 5 -5 1 6 -4 -1 4 -6 
-2 3 -7 -1 4 -6 -3 2 -8 
0 5 -5 1 6 -4 -1 4 -6 
1 6 -4 2 7 -3 0 5 -5 
-1 4 -6 0 5 -5 -2 3 -7 
-2 3 -7 -1 4 -6 -3 2 -8 
-1 4 -6 0 5 -5 -2 3 -7 
-3 2 -8 -2 3 -7 -4 1 -9 
-3 2 -8 -2 3 -7 -4 1 -9 
-2 3 -7 -1 4 -6 -3 2 -8 
-4 1 -9 -3 2 -8 -5 0 -10 
-2 3 -7 -1 4 -6 -3 2 -8 
-1 4 -6 0 5 -5 -2 3 -7 
-3 2 -8 -2 3 -7 -4 1 -9 
-4 1 -9 -3 2 -8 -5 0 -10 
-3 2 -8 -2 3 -7 -4 1 -9 
-5 0 -10 -4 1 -9 -6 -1 -11 
5 10 0 6 11 1 4 9 -1 
6 11 1 7 12 2 5 10 0 
4 9 -1 5 10 0 3 8 -2 
6 11 1 7 12 2 5 10 0 
7 12 2 8 13 3 6 11 1 
5 10 0 6 11 1 4 9 -1 
4 9 -1 5 10 0 3 8 -2 
5 10 0 6 11 1 4 9 -1 
3 8 -2 4 9 -1 2 7 -3 
6 11 1 7 12 2 5 10 0 
7 12 2 8 13 3 6 11 1 
5 10 0 6 11 1 4 9 -1 
7 12 2 8 13 3 6 11 1 
8 13 3 9 14 4 7 12 2 
6 11 1 7 12 2 5 10 0 
5 10 0 6 11 1 4 9 -1 
6 11 1 7 12 2 5 10 0 
4 9 -1 5 10 0 3 8 -2 
4 9 -1 5 10 0 3 8 -2 
5 10 0 6 11 1 4 9 -1 
3 8 -2 4 9 -1 2 7 -3 
5 10 0 6 11 1 4 9 -1 
6 11 1 7 12 2 5 10 0 
4 9 -1 5 10 0 3 8 -2 
3 8 -2 4 9 -1 2 7 -3 
4 9 -1 5 10 0 3 8 -2 
2 7 -3 3 8 -2 1 6 -4 
6 11 1 7 12 2 5 10 0 
7 12 2 8 13 3 6 11 1 
5 10 0 6 11 1 4 9 -1 
7 12 2 8 13 3 6 11 1 
8 13 3 9 14 4 7 12 2 
6 11 1 7 12 2 5 10 0 
5 10 0 6 11 1 4 9 -1 
6 11 1 7 12 2 5 10 0 
4 9 -1 5 10 0 3 8 -2 
7 12 2 8 13 3 6 11 1 
8 13 3 9 14 4 7 12 2 
6 11 1 7 12 2 5 10 0 
8 13 3 9 14 4 7 12 2 
9 14 4 10 15 5 8 13 3 
7 12 2 8 13 3 6 11 1 
6 11 1 7 12 2 5 10 0 
7 12 2 8 13 3 6 11 1 
5 10 0 6 11 1 4 9 -1 
5 10 0 6 11 1 4 9 -1 
6 11 1 7 12 2 5 10 0 
4 9 -1 5 10 0 3 8 -2 
6 11 1 7 12 2 5 10 0 
7 12 2 8 13 3 6 11 1 
5 10 0 6 11 1 4 9 -1 
4 9 -1 5 10 0 3 8 -2 
5 10 0 6 11 1 4 9 -1 
3 8 -2 4 9 -1 2 7 -3 
4 9 -1 5 10 0 3 8 -2 
5 10 0 6 11 1 4 9 -1 
3 8 -2 4 9 -1 2 7 -3 
5 10 0 6 11 1 4 9 -1 
6 11 1 7 12 2 5 10 0 
4 9 -1 5 10 0 3 8 -2 
3 8 -2 4 9 -1 2 7 -3 
4 9 -1 5 10 0 3 8 -2 
2 7 -3 3 8 -2 1 6 -4 
5 10 0 6 11 1 4 9 -1 
6 11 1 7 12 2 5 10 0 
4 9 -1 5 10 0 3 8 -2 
6 11 1 7 12 2 5 10 0 
7 12 2 8 13 3 6 11 1 
5 10 0 6 11 1 4 9 -1 
4 9 -1 5 10 0 3 8 -2 
5 10 0 6 11 1 4 9 -1 
3 8 -2 4 9 -1 2 7 -3 
3 8 -2 4 9 -1 2 7 -3 
4 9 -1 5 10 0 3 8 -2 
2 7 -3 3 8 -2 1 6 -4 
4 9 -1 5 10 0 3 8 -2 
5 10 0 6 11 1 4 9 -1 
3 8 -2 4 9 -1 2 7 -3 
2 7 -3 3 8 -2 1 6 -4 
3 8 -2 4 9 -1 2 7 -3 
1 6 -4 2 7 -3 0 5 -5 
6 11 1 7 12 2 5 10 0 
7 12 2 8 13 3 6 11 1 
5 10 0 6 11 1 4 9 -1 
7 12 2 8 13 3 6 11 1 
8 13 3 9 14 4 7 12 2 
6 11 1 7 12 2 5 10 0 
5 10 0 6 11 1 4 9 -1 
6 11 1 7 12 2 5 10 0 
4 9 -1 5 10 0 3 8 -2 
7 12 2 8 13 3 6 11 1 
8 13 3 9 14 4 7 12 2 
6 11 1 7 12 2 5 10 0 
8 13 3 9 14 4 7 12 2 
9 14 4 10 15 5 8 13 3 
7 12 2 8 13 3 6 11 1 
6 11 1 7 12 2 5 10 0 
7 12 2 8 13 3 6 11 1 
5 10 0 6 11 1 4 9 -1 
5 10 0 6 11 1 4 9 -1 
6 11 1 7 12 2 5 10 0 
4 9 -1 5 10 0 3 8 -2 
6 11 1 7 12 2 5 10 0 
7 12 2 8 13 3 6 11 1 
5 10 0 6 11 1 4 9 -1 
4 9 -1 5 10 0 3 8 -2 
5 10 0 6 11 1 4 9 -1 
3 8 -2 4 9 -1 2 7 -3 
7 12 2 8 13 3 6 11 1 
8 13 3 9 14 4 7 12 2 
6 11 1 7 12 2 5 10 0 
8 13 3 9 14 4 7 12 2 
9 14 4 10 15 5 8 13 3 
7 12 2 8 13 3 6 11 1 
6 11 1 7 12 2 5 10 0 
7 12 2 8 13 3 6 11 1 
5 10 0 6 11 1 4 9 -1 
8 13 3 9 14 4 7 12 2 
9 14 4 10 15 5 8 13 3 
7 12 2 8 13 3 6 11 1 
9 14 4 10 15 5 8 13 3 
10 15 5 11 16 6 9 14 4 
8 13 3 9 14 4 7 12 2 
7 12 2 8 13 3 6 11 1 
8 13 3 9 14 4 7 12 2 
6 11 1 7 12 2 5 10 0 
6 11 1 7 12 2 5 10 0 
7 12 2 8 13 3 6 11 1 
5 10 0 6 11 1 4 9 -1 
7 12 2 8 13 3 6 11 1 
8 13 3 9 14 4 7 12 2 
6 11 1 7 12 2 5 10 0 
5 10 0 6 11 1 4 9 -1 
6 11 1 7 12 2 5 10 0 
4 9 -1 5 10 0 3 8 -2 
5 10 0 6 11 1 4 9 -1 
6 11 1 7 12 2 5 10 0 
4 9 -1 5 10 0 3 8 -2 
6 11 1 7 12 2 5 10 0 
7 12 2 8 13 3 6 11 1 
5 10 0 6 11 1 4 9 -1 
4 9 -1 5 10 0 3 8 -2 
5 10 0 6 11 1 4 9 -1 
3 8 -2 4 9 -1 2 7 -3 
6 11 1 7 12 2 5 10 0 
7 12 2 8 13 3 6 11 1 
5 10 0 6 11 1 4 9 -1 
7 12 2 8 13 3 6 11 1 
8 13 3 9 14 4 7 12 2 
6 11 1 7 12 2 5 10 0 
5 10 0 6 11 1 4 9 -1 
6 11 1 7 12 2 5 10 0 
4 9 -1 5 10 0 3 8 -2 
4 9 -1 5 10 0 3 8 -2 
5 10 0 6 11 1 4 9 -1 
3 8 -2 4 9 -1 2 7 -3 
5 10 0 6 11 1 4 9 -1 
6 11 1 7 12 2 5 10 0 
4 9 -1 5 10 0 3 8 -2 
3 8 -2 4 9 -1 2 7 -3 
4 9 -1 5 10 0 3 8 -2 
2 7 -3 3 8 -2 1 6 -4 
4 9 -1 5 10 0 3 8 -2 
5 10 0 6 11 1 4 9 -1 
3 8 -2 4 9 -1 2 7 -3 
5 10 0 6 11 1 4 9 -1 
6 11 1 7 12 2 5 10 0 
4 9 -1 5 10 0 3 8 -2 
3 8 -2 4 9 -1 2 7 -3 
4 9 -1 5 10 0 3 8 -2 
2 7 -3 3 8 -2 1 6 -4 
5 10 0 6 11 1 4 9 -1 
6 11 1 7 12 2 5 10 0 
4 9 -1 5 10 0 3 8 -2 
6 11 1 7 12 2 5 10 0 
7 12 2 8 13 3 6 11 1 
5 10 0 6 11 1 4 9 -1 
4 9 -1 5 10 0 3 8 -2 
5 10 0 6 11 1 4 9 -1 
3 8 -2 4 9 -1 2 7 -3 
3 8 -2 4 9 -1 2 7 -3 
4 9 -1 5 10 0 3 8 -2 
2 7 -3 3 8 -2 1 6 -4 
4 9 -1 5 10 0 3 8 -2 
5 10 0 6 11 1 4 9 -1 
3 8 -2 4 9 -1 2 7 -3 
2 7 -3 3 8 -2 1 6 -4 
3 8 -2 4 9 -1 2 7 -3 
1 6 -4 2 7 -3 0 5 -5 
5 10 0 6 11 1 4 9 -1 
6 11 1 7 12 2 5 10 0 
4 9 -1 5 10 0 3 8 -2 
6 11 1 7 12 2 5 10 0 
7 12 2 8 13 3 6 11 1 
5 10 0 6 11 1 4 9 -1 
4 9 -1 5 10 0 3 8 -2 
5 10 0 6 11 1 4 9 -1 
3 8 -2 4 9 -1 2 7 -3 
6 11 1 7 12 2 5 10 0 
7 12 2 8 13 3 6 11 1 
5 10 0 6 11 1 4 9 -1 
7 12 2 8 13 3 6 11 1 
8 13 3 9 14 4 7 12 2 
6 11 1 7 12 2 5 10 0 
5 10 0 6 11 1 4 9 -1 
6 11 1 7 12 2 5 10 0 
4 9 -1 5 10 0 3 8 -2 
4 9 -1 5 10 0 3 8 -2 
5 10 0 6 11 1 4 9 -1 
3 8 -2 4 9 -1 2 7 -3 
5 10 0 6 11 1 4 9 -1 
6 11 1 7 12 2 5 10 0 
4 9 -1 5 10 0 3 8 -2 
3 8 -2 4 9 -1 2 7 -3 
4 9 -1 5 10 0 3 8 -2 
2 7 -3 3 8 -2 1 6 -4 
3 8 -2 4 9 -1 2 7 -3 
4 9 -1 5 10 0 3 8 -2 
2 7 -3 3 8 -2 1 6 -4 
4 9 -1 5 10 0 3 8 -2 
5 10 0 6 11 1 4 9 -1 
3 8 -2 4 9 -1 2 7 -3 
2 7 -3 3 8 -2 1 6 -4 
3 8 -2 4 9 -1 2 7 -3 
1 6 -4 2 7 -3 0 5 -5 
4 9 -1 5 10 0 3 8 -2 
5 10 0 6 11 1 4 9 -1 
3 8 -2 4 9 -1 2 7 -3 
5 10 0 6 11 1 4 9 -1 
6 11 1 7 12 2 5 10 0 
4 9 -1 5 10 0 3 8 -2 
3 8 -2 4 9 -1 2 7 -3 
4 9 -1 5 10 0 3 8 -2 
2 7 -3 3 8 -2 1 6 -4 
2 7 -3 3 8 -2 1 6 -4 
3 8 -2 4 9 -1 2 7 -3 
1 6 -4 2 7 -3 0 5 -5 
3 8 -2 4 9 -1 2 7 -3 
4 9 -1 5 10 0 3 8 -2 
2 7 -3 3 8 -2 1 6 -4 
1 6 -4 2 7 -3 0 5 -5 
2 7 -3 3 8 -2 1 6 -4 
0 5 -5 1 6 -4 -1 4 -6 
-5 0 -10 -4 1 -9 -6 -1 -11 
-4 1 -9 -3 2 -8 -5 0 -10 
-6 -1 -11 -5 0 -10 -7 -2 -12 
-4 1 -9 -3 2 -8 -5 0 -10 
-3 2 -8 -2 3 -7 -4 1 -9 
-5 0 -10 -4 1 -9 -6 -1 -11 
-6 -1 -11 -5 0 -10 -7 -2 -12 
-5 0 -10 -4 1 -9 -6 -1 -11 
-7 -2 -12 -6 -1 -11 -8 -3 -13 
-4 1 -9 -3 2 -8 -5 0 -10 
-3 2 -8 -2 3 -7 -4 1 -9 
-5 0 -10 -4 1 -9 -6 -1 -11 
-3 2 -8 -2 3 -7 -4 1 -9 
-2 3 -7 -1 4 -6 -3 2 -8 
-4 1 -9 -3 2 -8 -5 0 -10 
-5 0 -10 -4 1 -9 -6 -1 -11 
-4 1 -9 -3 2 -8 -5 0 -10 
-6 -1 -11 -5 0 -10 -7 -2 -12 
-6 -1 -11 -5 0 -10 -7 -2 -12 
-5 0 -10 -4 1 -9 -6 -1 -11 
-7 -2 -12 -6 -1 -11 -8 -3 -13 
-5 0 -10 -4 1 -9 -6 -1 -11 
-4 1 -9 -3 2 -8 -5 0 -10 
-6 -1 -11 -5 0 -10 -7 -2 -12 
-7 -2 -12 -6 -1 -11 -8 -3 -13 
-6 -1 -11 -5 0 -10 -7 -2 -12 
-8 -3 -13 -7 -2 -12 -9 -4 -14 
-4 1 -9 -3 2 -8 -5 0 -10 
-3 2 -8 -2 3 -7 -4 1 -9 
-5 0 -10 -4 1 -9 -6 -1 -11 
-3 2 -8 -2 3 -7 -4 1 -9 
-2 3 -7 -1 4 -6 -3 2 -8 
-4 1 -9 -3 2 -8 -5 0 -10 
-5 0 -10 -4 1 -9 -6 -1 -11 
-4 1 -9 -3 2 -8 -5 0 -10 
-6 -1 -11 -5 0 -10 -7 -2 -12 
-3 2 -8 -2 3 -7 -4 1 -9 
-2 3 -7 -1 4 -6 -3 2 -8 
-4 1 -9 -3 2 -8 -5 0 -10 
-2 3 -7 -1 4 -6 -3 2 -8 
-1 4 -6 0 5 -5 -2 3 -7 
-3 2 -8 -2 3 -7 -4 1 -9 
-4 1 -9 -3 2 -8 -5 0 -10 
-3 2 -8 -2 3 -7 -4 1 -9 
-5 0 -10 -4 1 -9 -6 -1 -11 
-5 0 -10 -4 1 -9 -6 -1 -11 
-4 1 -9 -3 2 -8 -5 0 -10 
-6 -1 -11 -5 0 -10 -7 -2 -12 
-4 1 -9 -3 2 -8 -5 0 -10 
-3 2 -8 -2 3 -7 -4 1 -9 
-5 0 -10 -4 1 -9 -6 -1 -11 
-6 -1 -11 -5 0 -10 -7 -2 -12 
-5 0 -10 -4 1 -9 -6 -1 -11 
-7 -2 -12 -6 -1 -11 -8 -3 -13 
-6 -1 -11 -5 0 -10 -7 -2 -12 
-5 0 -10 -4 1 -9 -6 -1 -11 
-7 -2 -12 -6 -1 -11 -8 -3 -13 
-5 0 -10 -4 1 -9 -6 -1 -11 
-4 1 -9 -3 2 -8 -5 0 -10 
-6 -1 -11 -5 0 -10 -7 -2 -12 
-7 -2 -12 -6 -1 -11 -8 -3 -13 
-6 -1 -11 -5 0 -10 -7 -2 -12 
-8 -3 -13 -7 -2 -12 -9 -4 -14 
-5 0 -10 -4 1 -9 -6 -1 -11 
-4 1 -9 -3 2 -8 -5 0 -10 
-6 -1 -11 -5 0 -10 -7 -2 -12 
-4 1 -9 -3 2 -8 -5 0 -10 
-3 2 -8 -2 3 -7 -4 1 -9 
-5 0 -10 -4 1 -9 -6 -1 -11 
-6 -1 -11 -5 0 -10 -7 -2 -12 
-5 0 -10 -4 1 -9 -6 -1 -11 
-7 -2 -12 -6 -1 -11 -8 -3 -13 
-7 -2 -12 -6 -1 -11 -8 -3 -13 
-6 -1 -11 -5 0 -10 -7 -2 -12 
-8 -3 -13 -7 -2 -12 -9 -4 -14 
-6 -1 -11 -5 0 -10 -7 -2 -12 
-5 0 -10 -4 1 -9 -6 -1 -11 
-7 -2 -12 -6 -1 -11 -8 -3 -13 
-8 -3 -13 -7 -2 -12 -9 -4 -14 
-7 -2 -12 -6 -1 -11 -8 -3 -13 
-9 -4 -14 -8 -3 -13 -10 -5 -15 
-4 1 -9 -3 2 -8 -5 0 -10 
-3 2 -8 -2 3 -7 -4 1 -9 
-5 0 -10 -4 1 -9 -6 -1 -11 
-3 2 -8 -2 3 -7 -4 1 -9 
-2 3 -7 -1 4 -6 -3 2 -8 
-4 1 -9 -3 2 -8 -5 0 -10 
-5 0 -10 -4 1 -9 -6 -1 -11 
-4 1 -9 -3 2 -8 -5 0 -10 
-6 -1 -11 -5 0 -10 -7 -2 -12 
-3 2 -8 -2 3 -7 -4 1 -9 
-2 3 -7 -1 4 -6 -3 2 -8 
-4 1 -9 -3 2 -8 -5 0 -10 
-2 3 -7 -1 4 -6 -3 2 -8 
-1 4 -6 0 5 -5 -2 3 -7 
-3 2 -8 -2 3 -7 -4 1 -9 
-4 1 -9 -3 2 -8 -5 0 -10 
-3 2 -8 -2 3 -7 -4 1 -9 
-5 0 -10 -4 1 -9 -6 -1 -11 
-5 0 -10 -4 1 -9 -6 -1 -11 
-4 1 -9 -3 2 -8 -5 0 -10 
-6 -1 -11 -5 0 -10 -7 -2 -12 
-4 1 -9 -3 2 -8 -5 0 -10 
-3 2 -8 -2 3 -7 -4 1 -9 
-5 0 -10 -4 1 -9 -6 -1 -11 
-6 -1 -11 -5 0 -10 -7 -2 -12 
-5 0 -10 -4 1 -9 -6 -1 -11 
-7 -2 -12 -6 -1 -11 -8 -3 -13 
-3 2 -8 -2 3 -7 -4 1 -9 
-2 3 -7 -1 4 -6 -3 2 -8 
-4 1 -9 -3 2 -8 -5 0 -10 
-2 3 -7 -1 4 -6 -3 2 -8 
-1 4 -6 0 5 -5 -2 3 -7 
-3 2 -8 -2 3 -7 -4 1 -9 
-4 1 -9 -3 2 -8 -5 0 -10 
-3 2 -8 -2 3 -7 -4 1 -9 
-5 0 -10 -4 1 -9 -6 -1 -11 
-2 3 -7 -1 4 -6 -3 2 -8 
-1 4 -6 0 5 -5 -2 3 -7 
-3 2 -8 -2 3 -7 -4 1 -9 
-1 4 -6 0 5 -5 -2 3 -7 
0 5 -5 1 6 -4 -1 4 -6 
-2 3 -7 -1 4 -6 -3 2 -8 
-3 2 -8 -2 3 -7 -4 1 -9 
-2 3 -7 -1 4 -6 -3 2 -8 
-4 1 -9 -3 2 -8 -5 0 -10 
-4 1 -9 -3 2 -8 -5 0 -10 
-3 2 -8 -2 3 -7 -4 1 -9 
-5 0 -10 -4 1 -9 -6 -1 -11 
-3 2 -8 -2 3 -7 -4 1 -9 
-2 3 -7 -1 4 -6 -3 2 -8 
-4 1 -9 -3 2 -8 -5 0 -10 
-5 0 -10 -4 1 -9 -6 -1 -11 
-4 1 -9 -3 2 -8 -5 0 -10 
-6 -1 -11 -5 0 -10 -7 -2 -12 
-5 0 -10 -4 1 -9 -6 -1 -11 
-4 1 -9 -3 2 -8 -5 0 -10 
-6 -1 -11 -5 0 -10 -7 -2 -12 
-4 1 -9 -3 2 -8 -5 0 -10 
-3 2 -8 -2 3 -7 -4 1 -9 
-5 0 -10 -4 1 -9 -6 -1 -11 
-6 -1 -11 -5 0 -10 -7 -2 -12 
-5 0 -10 -4 1 -9 -6 -1 -11 
-7 -2 -12 -6 -1 -11 -8 -3 -13 
-4 1 -9 -3 2 -8 -5 0 -10 
-3 2 -8 -2 3 -7 -4 1 -9 
-5 0 -10 -4 1 -9 -6 -1 -11 
-3 2 -8 -2 3 -7 -4 1 -9 
-2 3 -7 -1 4 -6 -3 2 -8 
-4 1 -9 -3 2 -8 -5 0 -10 
-5 0 -10 -4 1 -9 -6 -1 -11 
-4 1 -9 -3 2 -8 -5 0 -10 
-6 -1 -11 -5 0 -10 -7 -2 -12 
-6 -1 -11 -5 0 -10 -7 -2 -12 
-5 0 -10 -4 1 -9 -6 -1 -11 
-7 -2 -12 -6 -1 -11 -8 -3 -13 
-5 0 -10 -4 1 -9 -6 -1 -11 
-4 1 -9 -3 2 -8 -5 0 -10 
-6 -1 -11 -5 0 -10 -7 -2 -12 
-7 -2 -12 -6 -1 -11 -8 -3 -13 
-6 -1 -11 -5 0 -10 -7 -2 -12 
-8 -3 -13 -7 -2 -12 -9 -4 -14 
-6 -1 -11 -5 0 -10 -7 -2 -12 
-5 0 -10 -4 1 -9 -6 -1 -11 
-7 -2 -12 -6 -1 -11 -8 -3 -13 
-5 0 -10 -4 1 -9 -6 -1 -11 
-4 1 -9 -3 2 -8 -5 0 -10 
-6 -1 -11 -5 0 -10 -7 -2 -12 
-7 -2 -12 -6 -1 -11 -8 -3 -13 
-6 -1 -11 -5 0 -10 -7 -2 -12 
-8 -3 -13 -7 -2 -12 -9 -4 -14 
-5 0 -10 -4 1 -9 -6 -1 -11 
-4 1 -9 -3 2 -8 -5 0 -10 
-6 -1 -11 -5 0 -10 -7 -2 -12 
-4 1 -9 -3 2 -8 -5 0 -10 
-3 2 -8 -2 3 -7 -4 1 -9 
-5 0 -10 -4 1 -9 -6 -1 -11 
-6 -1 -11 -5 0 -10 -7 -2 -12 
-5 0 -10 -4 1 -9 -6 -1 -11 
-7 -2 -12 -6 -1 -11 -8 -3 -13 
-7 -2 -12 -6 -1 -11 -8 -3 -13 
-6 -1 -11 -5 0 -10 -7 -2 -12 
-8 -3 -13 -7 -2 -12 -9 -4 -14 
-6 -1 -11 -5 0 -10 -7 -2 -12 
-5 0 -10 -4 1 -9 -6 -1 -11 
-7 -2 -12 -6 -1 -11 -8 -3 -13 
-8 -3 -13 -7 -2 -12 -9 -4 -14 
-7 -2 -12 -6 -1 -11 -8 -3 -13 
-9 -4 -14 -8 -3 -13 -10 -5 -15 
-5 0 -10 -4 1 -9 -6 -1 -11 
-4 1 -9 -3 2 -8 -5 0 -10 
-6 -1 -11 -5 0 -10 -7 -2 -12 
-4 1 -9 -3 2 -8 -5 0 -10 
-3 2 -8 -2 3 -7 -4 1 -9 
-5 0 -10 -4 1 -9 -6 -1 -11 
-6 -1 -11 -5 0 -10 -7 -2 -12 
-5 0 -10 -4 1 -9 -6 -1 -11 
-7 -2 -12 -6 -1 -11 -8 -3 -13 
-4 1 -9 -3 2 -8 -5 0 -10 
-3 2 -8 -2 3 -7 -4 1 -9 
-5 0 -10 -4 1 -9 -6 -1 -11 
-3 2 -8 -2 3 -7 -4 1 -9 
-2 3 -7 -1 4 -6 -3 2 -8 
-4 1 -9 -3 2 -8 -5 0 -10 
-5 0 -10 -4 1 -9 -6 -1 -11 
-4 1 -9 -3 2 -8 -5 0 -10 
-6 -1 -11 -5 0 -10 -7 -2 -12 
-6 -1 -11 -5 0 -10 -7 -2 -12 
-5 0 -10 -4 1 -9 -6 -1 -11 
-7 -2 -12 -6 -1 -11 -8 -3 -13 
-5 0 -10 -4 1 -9 -6 -1 -11 
-4 1 -9 -3 2 -8 -5 0 -10 
-6 -1 -11 -5 0 -10 -7 -2 -12 
-7 -2 -12 -6 -1 -11 -8 -3 -13 
-6 -1 -11 -5 0 -10 -7 -2 -12 
-8 -3 -13 -7 -2 -12 -9 -4 -14 
-7 -2 -12 -6 -1 -11 -8 -3 -13 
-6 -1 -11 -5 0 -10 -7 -2 -12 
-8 -3 -13 -7 -2 -12 -9 -4 -14 
-6 -1 -11 -5 0 -10 -7 -2 -12 
-5 0 -10 -4 1 -9 -6 -1 -11 
-7 -2 -12 -6 -1 -11 -8 -3 -13 
-8 -3 -13 -7 -2 -12 -9 -4 -14 
-7 -2 -12 -6 -1 -11 -8 -3 -13 
-9 -4 -14 -8 -3 -13 -10 -5 -15 
-6 -1 -11 -5 0 -10 -7 -2 -12 
-5 0 -10 -4 1 -9 -6 -1 -11 
-7 -2 -12 -6 -1 -11 -8 -3 -13 
-5 0 -10 -4 1 -9 -6 -1 -11 
-4 1 -9 -3 2 -8 -5 0 -10 
-6 -1 -11 -5 0 -10 -7 -2 -12 
-7 -2 -12 -6 -1 -11 -8 -3 -13 
-6 -1 -11 -5 0 -10 -7 -2 -12 
-8 -3 -13 -7 -2 -12 -9 -4 -14 
-8 -3 -13 -7 -2 -12 -9 -4 -14 
-7 -2 -12 -6 -1 -11 -8 -3 -13 
-9 -4 -14 -8 -3 -13 -10 -5 -15 
-7 -2 -12 -6 -1 -11 -8 -3 -13 
-6 -1 -11 -5 0 -10 -7 -2 -12 
-8 -3 -13 -7 -2 -12 -9 -4 -14 
-9 -4 -14 -8 -3 -13 -10 -5 -15 
-8 -3 -13 -7 -2 -12 -9 -4 -14 
-10 -5 -15 -9 -4 -14 -11 -6 -16 
