-5 -2274700 407081
0 0 0
0 0 0
0 0 0
0 0 0
0 0 0
0 0 0
0 0 0
0 0 0
0 0 0
0 0 0
0 0 0
0 0 0
0 0 0
0 0 0
0 0 0
0 0 0
0 0 0
0 0 0
0 0 0
0 0 0
0 0 0
0 0 0
0 0 0
0 0 0
0 0 0
0 0 0
-1 -17862 16238
0 0 0
0 0 0
0 0 0
0 0 0
0 0 0
0 0 0
0 0 0
0 0 0
4 9166 2188
0 0 0
0 0 0
4 278 59
12 38 3
0 0 0
60 60 1
0 0 0
0 0 0
8 94 11
0 0 0
0 0 0
0 0 0
0 0 0
0 0 0
0 0 0
0 0 0
0 0 0
0 8652 15665
0 0 0
0 0 0
0 0 0
0 0 0
0 0 0
0 0 0
0 0 0
0 0 0
11 128 11
0 0 0
0 0 0
0 0 0
0 0 0
0 0 0
0 0 0
0 0 0
0 0 0
-3 -7740 1984
0 0 0
0 0 0
0 0 0
0 0 0
0 0 0
-3 -278 72
0 0 0
0 0 0
-1 -22950 12872
15 8302 526
31 470 15
0 0 0
0 0 0
0 0 0
0 0 0
0 0 0
0 0 0
0 0 0
0 0 0
0 0 0
0 0 0
0 0 0
0 0 0
0 0 0
0 0 0
0 0 0
0 0 0
0 0 0
0 0 0
0 0 0
0 0 0
0 0 0
0 0 0
0 0 0
0 0 0
-2 -1540 574
8 192 22
60 60 1
0 0 0
0 0 0
0 0 0
0 0 0
0 0 0
0 0 0
2 282 101
0 4 6
0 0 0
-20 -102 5
0 0 0
0 0 0
0 0 0
0 0 0
0 0 0
64 64 1
0 0 0
0 0 0
0 0 0
0 0 0
0 0 0
0 0 0
0 0 0
0 0 0
-1 -746 600
6 198 32
0 0 0
0 0 0
0 0 0
0 0 0
0 0 0
0 0 0
0 0 0
0 0 0
0 0 0
0 0 0
0 0 0
0 0 0
0 0 0
0 0 0
0 0 0
0 0 0
-6 -796 127
13 68 5
0 0 0
0 0 0
0 0 0
0 0 0
0 4 6
0 0 0
0 0 0
1 18244 12490
-17 -228 13
-13 -8396 612
0 0 0
0 0 0
0 0 0
0 0 0
0 0 0
0 0 0
0 0 0
0 0 0
0 0 0
0 0 0
0 0 0
0 0 0
0 0 0
0 0 0
0 0 0
0 0 0
0 0 0
0 0 0
0 0 0
0 0 0
0 0 0
0 0 0
0 0 0
0 0 0
1 662 661
-62 -62 1
0 -10 30
0 0 0
0 0 0
0 0 0
0 0 0
0 0 0
0 0 0
4 610 152
0 0 0
-2 -20 8
1 4 4
0 0 0
-22 -22 1
0 0 0
0 0 0
0 0 0
0 0 0
0 0 0
0 0 0
0 0 0
0 0 0
0 0 0
0 0 0
0 0 0
0 0 0
1 1090 667
0 0 0
-5 -182 35
0 0 0
0 0 0
0 0 0
0 0 0
0 0 0
0 0 0
64 64 1
0 0 0
0 0 0
0 0 0
0 0 0
0 0 0
0 0 0
0 0 0
0 0 0
0 -62 107
0 0 0
-9 -28 3
0 0 0
0 0 0
0 0 0
-16 -48 3
0 0 0
0 0 0
-5 -5462 961
5 540 93
-10 -64 6
-14 -558 38
-32 -32 1
5 60 12
-54 -54 1
9 56 6
0 0 0
10 204 19
0 0 0
-11 -56 5
0 0 0
-42 -84 2
-12 -12 1
0 0 0
0 0 0
0 0 0
-64 -64 1
2 4 2
0 0 0
10 32 3
-32 -32 1
0 0 0
0 0 0
0 0 0
32 32 1
-1 -140 81
1 4 4
0 0 0
-9 -18 2
0 0 0
21 42 2
0 0 0
0 0 0
0 0 0
-4 -38 9
3 10 3
0 0 0
0 0 2
-32 -32 1
0 0 0
0 0 0
0 0 0
0 0 0
0 0 0
0 0 0
0 0 0
0 0 0
0 0 0
0 0 0
0 0 0
0 0 0
0 0 0
-5 -418 72
4 32 7
0 0 0
-9 -18 2
0 0 0
0 0 0
0 0 0
0 0 0
0 0 0
-7 -14 2
0 0 0
0 0 0
0 0 0
0 0 0
0 0 0
0 0 0
0 0 0
0 0 0
-10 -234 23
-22 -22 1
0 0 0
-52 -52 1
0 0 0
0 0 0
0 0 0
0 0 0
-52 -52 1
-1 -398 391
22 12920 587
8 116 13
19 1838 92
26 884 33
34 1116 32
0 0 0
28 1268 44
0 0 0
25 640 25
0 0 0
48 48 1
0 0 0
38 2784 72
26 1108 42
0 0 0
0 0 0
-25 -76 3
0 0 0
-15 -60 4
0 0 0
0 0 0
14 218 15
0 0 0
0 0 0
18 390 21
36 544 15
-2 -60 22
5 68 12
0 0 0
0 0 0
0 0 0
0 0 0
0 0 0
0 0 0
0 0 0
-6 -42 7
5 16 3
0 0 0
0 0 0
15 226 15
0 0 0
0 0 0
0 0 0
0 0 0
0 0 0
0 0 0
0 0 0
0 0 0
0 0 0
0 0 0
0 0 0
0 0 0
0 0 0
0 -18 29
18 322 17
0 0 0
-18 -18 1
0 0 0
0 0 0
0 0 0
0 0 0
0 0 0
0 0 0
0 0 0
0 0 0
0 0 0
53 106 2
0 0 0
0 0 0
0 0 0
0 0 0
-5 -62 11
5 22 4
0 0 0
0 0 0
0 0 0
0 0 0
0 0 0
38 38 1
25 1008 40
-13 -11496 852
-15 -1388 89
-14 -2146 151
-13 -398 30
-47 -94 2
-27 -3560 130
35 248 7
-30 -1366 45
-22 -44 2
0 0 0
2 2 1
-14 -58 4
0 0 0
-32 -324 10
-2 -16 6
32 32 1
0 0 0
17 34 2
64 128 2
0 2 5
0 0 0
21 64 3
7 22 3
-6 -6 1
0 0 0
0 0 0
7 46 6
-12 -358 28
2 10 5
-36 -36 1
0 0 0
0 0 0
-23 -118 5
0 0 0
0 0 0
0 0 0
3 36 10
0 0 0
0 0 0
-34 -34 1
0 0 0
0 0 0
0 0 0
0 0 0
0 0 0
0 0 0
0 0 0
0 0 0
0 0 0
0 0 0
0 0 0
0 0 0
0 0 0
0 0 0
-8 -378 46
-6 -18 3
-20 -20 1
-12 -12 1
0 0 0
-50 -50 1
0 0 0
0 0 0
0 0 0
0 0 0
0 0 0
0 0 0
0 0 0
0 0 0
0 0 0
0 0 0
0 0 0
0 0 0
-6 -80 13
-2 -8 3
0 0 0
0 0 0
-8 -8 1
2 2 1
-32 -32 1
0 0 0
7 30 4
6 5662 904
-64 -64 1
-3 -468 125
0 0 0
0 0 0
-12 -12 1
16 904 56
-19 -96 5
0 0 0
0 0 0
0 0 0
0 0 0
0 0 0
24 96 4
0 0 0
16 114 7
0 0 0
0 0 0
7 118 15
29 58 2
0 0 0
-28 -28 1
0 0 0
0 0 0
0 0 0
22 22 1
1 4 4
0 2 70
0 0 0
0 -2 12
0 0 0
0 0 0
-14 -14 1
26 52 2
0 0 0
0 0 0
7 180 24
0 0 0
-4 -18 4
0 0 0
22 22 1
0 0 0
0 0 0
18 18 1
0 0 0
11 46 4
0 0 0
0 0 0
-4 -4 1
0 0 0
0 0 0
0 0 0
0 0 0
0 0 0
0 -44 70
0 0 0
-5 -64 12
0 0 0
0 0 0
0 0 0
14 14 1
0 0 0
0 0 0
0 0 0
0 0 0
0 0 0
0 0 0
0 0 0
0 0 0
0 0 0
0 0 0
0 0 0
-8 -88 10
0 0 0
16 16 1
-36 -36 1
0 0 0
0 0 0
0 -2 6
0 0 0
0 0 0
17 18130 1018
23 3052 131
23 2906 122
-35 -142 4
26 26 1
30 2296 75
23 1182 50
34 4736 139
8 66 8
0 0 0
0 0 0
26 134 5
0 0 0
19 176 9
0 0 0
47 476 10
0 0 0
48 48 1
0 2 5
30 120 4
0 0 0
0 0 0
0 0 0
0 0 0
0 0 0
41 288 7
33 298 9
7 468 59
2 16 6
-1 -6 5
0 0 0
0 0 0
0 0 0
38 38 1
42 42 1
0 0 0
4 44 10
0 0 0
8 16 2
0 0 0
33 134 4
0 0 0
0 0 0
12 12 1
0 0 0
0 0 0
0 0 0
0 0 0
0 0 0
0 0 0
0 0 0
0 0 0
0 0 0
0 0 0
13 356 27
0 0 0
-4 -8 2
0 0 0
0 0 0
0 0 0
43 86 2
53 106 2
0 0 0
0 0 0
0 0 0
0 0 0
0 0 0
0 0 0
0 0 0
0 0 0
0 0 0
0 0 0
7 52 7
0 0 0
0 0 0
0 0 0
0 0 0
0 0 0
31 94 3
13 26 2
54 54 1
4 1950 425
-45 -228 5
-20 -11936 587
0 0 0
0 0 0
-20 -902 44
-16 -1318 79
-17 -512 29
-15 -774 51
-52 -52 1
0 0 0
-9 -18 2
0 0 0
-24 -448 18
-11 -152 13
-52 -52 1
0 0 0
-10 -154 15
-13 -176 13
18 54 3
-5 -22 4
0 0 0
-34 -34 1
0 0 0
0 0 0
-31 -1094 35
-31 -2392 76
0 -10 27
0 0 0
-14 -370 25
0 0 0
0 0 0
0 0 0
0 0 0
9 18 2
0 0 0
0 -6 8
0 0 0
4 18 4
0 0 0
-32 -672 21
-34 -34 1
0 0 0
0 0 0
0 0 0
2 2 1
0 0 0
0 0 0
0 0 0
0 0 0
0 0 0
0 0 0
0 0 0
-14 -56 4
4 118 24
0 0 0
-18 -326 18
0 0 0
0 0 0
0 0 0
0 0 0
0 0 0
0 0 0
0 0 0
0 0 0
0 0 0
0 0 0
0 0 0
0 0 0
0 0 0
0 0 0
0 0 0
-8 -52 6
0 0 0
-4 -24 5
0 0 0
0 0 0
0 0 0
0 0 0
0 0 0
-14 -202 14
-6 -457734 67317
0 0 0
0 0 0
-13 -4924 352
0 0 0
0 0 0
54 54 1
0 0 0
0 0 0
-1 -11046 8737
0 0 0
0 0 0
0 0 1
30 120 4
0 0 1
13 962 72
0 0 0
0 0 0
-7 -30 4
0 0 0
0 0 0
-11 -2722 229
0 0 0
0 0 0
0 0 0
0 0 0
-14 -1492 105
-2 -16488 8108
0 0 0
0 0 0
-6 -232 36
0 0 0
0 0 0
12 1006 78
0 0 0
0 0 0
-1 -2360 2174
0 0 0
0 0 0
-6 -4384 673
17 310 18
0 0 0
10 1510 143
0 0 0
0 0 0
-4 -3572 885
0 0 0
0 0 0
0 0 0
0 0 0
0 0 0
0 0 0
0 0 0
64 64 1
-2 -8328 3831
0 0 0
0 0 0
-9 -4102 438
0 0 0
0 0 0
0 0 0
0 0 0
0 0 0
0 -424 2135
0 0 0
0 0 0
-20 -400 20
5 16 3
0 0 0
0 -2 4
0 0 0
0 0 0
-7 -6084 842
0 0 0
0 0 0
-18 -206 11
0 0 0
0 0 0
0 -150 377
0 0 0
-23 -370 16
-3 -21008 5683
-2 -442 166
46 46 1
-11 -628 55
10 256 25
0 0 0
-14 -14 1
0 0 0
0 0 0
0 -74 1199
10 714 65
0 0 0
0 0 0
12 48 4
0 0 0
12 162 13
0 0 0
0 0 0
0 0 0
0 0 0
0 0 0
-4 -158 35
13 250 19
0 0 0
0 0 0
0 0 0
-16 -1044 63
0 606 1032
8 240 27
36 36 1
-1 -4 3
0 0 0
0 0 0
20 692 33
45 270 6
0 0 0
0 -130 215
4 46 11
0 0 0
-4 -594 121
24 268 11
0 0 0
27 568 21
-2 -6 3
0 0 0
-3 -1060 286
17 86 5
0 0 0
0 0 0
0 0 0
0 0 0
0 0 0
0 0 0
0 0 0
-4 -1578 328
-12 -74 6
0 0 0
-11 -442 37
14 114 8
64 64 1
0 0 0
0 0 0
0 0 0
0 -104 168
12 62 5
44 44 1
-40 -40 1
11 58 5
0 0 0
-2 -2 1
0 0 0
0 0 0
-7 -1412 183
35 70 2
0 0 0
-23 -70 3
-25 -50 2
0 0 0
2 156 59
-8 -32 4
-18 -170 9
-2 -14808 5150
-21 -84 4
-24 -6154 247
-15 -1748 112
0 0 0
-27 -668 24
-52 -52 1
0 0 0
-30 -30 1
-1 -2952 1644
0 0 0
-25 -1420 56
-42 -42 1
1 4 3
-22 -22 1
0 0 12
0 0 0
-23 -184 8
46 46 1
0 0 0
0 0 0
-28 -492 17
-64 -64 1
-14 -324 23
0 0 0
0 0 0
-35 -774 22
-1 -646 598
0 0 0
-21 -684 32
-11 -34 3
0 0 0
0 0 0
25 232 9
0 0 0
-23 -330 14
-2 -666 254
0 0 0
-5 -30 6
-3 -350 107
20 360 18
-18 -244 13
4 98 20
0 0 0
-18 -186 10
-2 -206 82
0 0 0
-25 -384 15
0 0 0
0 0 0
0 0 0
0 0 0
0 0 0
0 0 0
0 24 107
0 0 0
-31 -94 3
-16 -1124 69
0 0 0
-28 -140 5
0 0 0
0 0 0
0 0 0
0 98 249
0 0 0
-5 -22 4
-26 -106 4
0 0 0
0 0 0
0 0 0
0 0 0
0 0 0
-11 -640 56
-54 -54 1
-56 -224 4
0 0 0
0 0 0
2 2 1
-1 -66 39
-54 -54 1
-26 -364 14
-15 -4950 327
-2 -684 316
0 0 0
-13 -1804 136
16 100 6
-32 -130 4
0 0 0
-54 -54 1
0 0 0
-3 -900 289
-1 -270 173
-4 -16 4
0 -24 47
-4 -30 7
0 -6 8
4 46 11
0 0 0
0 0 0
0 0 2
12 12 1
0 0 0
-7 -470 62
0 -8 9
-20 -476 23
0 0 0
0 0 0
-12 -352 29
-6 -640 101
4 194 43
0 0 0
-3 -52 14
-2 -4 2
0 0 0
-14 -28 2
0 -2 23
0 0 0
1 46 32
-2 -86 39
0 0 1
-5 -358 60
7 202 28
-12 -62 5
14 142 10
-2 -8 4
28 28 1
-4 -228 48
-4 -28 6
0 0 0
0 0 0
0 0 0
0 0 0
0 0 0
0 0 0
-46 -46 1
-9 -222 24
4 40 10
0 0 0
-9 -264 28
-6 -42 7
0 0 0
0 0 0
0 0 0
0 0 0
2 112 38
-3 -246 71
0 0 0
-10 -138 13
8 24 3
-44 -44 1
0 0 0
0 0 0
0 0 0
-7 -374 53
-17 -68 4
0 0 0
3 68 19
-4 -8 2
-8 -62 7
0 6 16
5 98 18
10 86 8
-13 -2130 156
7 2086 264
9 362 39
-24 -498 20
21 1492 70
10 494 47
0 0 0
51 768 15
0 0 0
2 522 190
12 1982 160
3 100 30
7 22 3
37 4444 118
13 694 52
15 60 4
-2 -10 5
14 114 8
-15 -30 2
9 64 7
0 0 0
6 88 13
21 1156 53
-5 -92 17
0 0 0
63 126 2
17 564 33
-4 -330 67
19 1846 93
2 24 11
0 0 0
30 30 1
-5 -22 4
0 0 0
46 92 2
-10 -20 2
2 74 25
-2 -26 11
2 6 3
-12 -244 20
33 3498 106
5 102 20
-4 -12 3
42 466 11
13 164 12
-2 -88 34
0 -6 20
-22 -88 4
0 0 0
0 0 0
0 0 0
0 0 0
58 58 1
24 124 5
-2 -26 10
13 282 21
10 108 10
-22 -114 5
0 18 21
20 180 9
0 0 0
0 0 0
0 0 0
-1 -44 25
14 224 16
35 106 3
7 14 2
33 666 20
64 64 1
0 0 0
0 0 0
0 0 0
-6 -316 46
2 38 17
-4 -24 5
-14 -44 3
31 638 20
-13 -184 14
-12 -48 4
38 460 12
16 1284 76
-21 -5762 265
-11 -1174 104
-28 -1480 52
-22 -946 42
-34 -172 5
-25 -2816 111
0 0 0
-30 -90 3
0 0 0
-11 -1390 120
-9 -542 55
-13 -302 23
-29 -442 15
-15 -180 12
-10 -596 58
-27 -108 4
0 0 0
-24 -48 2
0 0 0
11 22 2
0 0 0
-34 -788 23
-3 -90 27
-19 -1458 73
0 0 0
0 0 0
-29 -808 27
-10 -488 47
-7 -170 24
-15 -156 10
-42 -84 2
0 0 0
-20 -102 5
-22 -154 7
5 10 2
4 4 1
-14 -338 24
-4 -74 17
-25 -76 3
-20 -488 24
6 270 43
-16 -576 36
0 0 0
-8 -8 1
33 132 4
-18 -388 21
-18 -36 2
-60 -120 2
0 0 0
0 0 0
0 0 0
0 0 0
0 0 0
0 0 0
-13 -124 9
-2 -4 2
-30 -92 3
-43 -216 5
-6 -100 15
-25 -614 24
0 0 0
0 0 0
0 0 0
-12 -322 25
4 56 12
-13 -68 5
-29 -116 4
4 14 3
-11 -326 28
0 0 0
0 0 0
0 0 0
-19 -318 16
-12 -48 4
-53 -160 3
-64 -64 1
-1 -4 3
-10 -198 19
-53 -266 5
-12 -64 5
-16 -354 22
8 16558 1999
-4 -8 2
-8 -690 82
-8 -58 7
0 0 0
-5 -142 28
-2 -28 10
-46 -46 1
0 0 0
2 2086 824
-64 -64 1
-5 -342 68
54 54 1
16 98 6
7 168 22
0 8 14
-32 -96 3
0 2 3
38 192 5
-5 -28 5
0 0 0
-9 -88 9
-2 -4 2
-8 -124 14
0 0 0
0 0 0
-17 -158 9
2 630 258
0 0 0
-2 -66 29
0 0 0
0 0 0
-17 -120 7
10 788 74
52 52 1
-10 -20 2
2 526 219
0 0 0
2 26 11
4 116 26
21 236 11
4 72 18
17 402 23
-42 -84 2
-18 -54 3
0 -42 61
0 0 0
-13 -248 19
0 0 0
0 0 0
0 0 0
-17 -88 5
0 0 0
0 0 0
1 178 90
0 0 0
-7 -94 12
-20 -226 11
0 0 0
4 20 5
0 0 0
0 0 0
0 0 0
1 118 72
0 0 0
-6 -60 9
-19 -78 4
0 0 0
-16 -16 1
8 16 2
0 0 0
0 0 0
-3 -138 36
0 0 0
-4 -48 10
0 0 0
-4 -4 1
0 0 0
5 236 46
12 12 1
-12 -132 11
0 38 72
-4 -146 35
-7 -146 19
15 138 9
-12 -38 3
-9 -46 5
-64 -64 1
11 88 8
10 20 2
16 2406 148
-2 -22 11
4 228 47
0 0 0
14 126 9
1 2 2
1 6 4
-17 -268 15
-16 -50 3
0 0 0
0 0 0
0 0 0
18 72 4
11 56 5
0 0 0
0 0 0
0 0 0
-11 -630 55
14 582 41
22 286 13
4 132 27
0 0 0
0 0 0
0 0 0
37 706 19
26 372 14
63 126 2
5 72 14
11 22 2
9 58 6
28 480 17
28 1098 39
-5 -22 4
47 286 6
17 424 24
1 10 7
13 316 24
-22 -22 1
-7 -28 4
0 0 0
0 0 0
0 0 0
25 100 4
0 0 0
22 22 1
2 26 9
-38 -38 1
2 2 1
-2 -6 3
11 46 4
0 0 0
0 0 0
46 46 1
0 0 0
2 2 1
0 0 0
17 34 2
0 0 0
-6 -6 1
0 0 0
0 0 0
0 0 0
0 0 0
11 82 7
-22 -22 1
-17 -158 9
0 0 0
-58 -58 1
-30 -30 1
24 288 12
29 382 13
-5 -68 13
1 496 453
-45 -90 2
-23 -8170 348
-6 -74 11
-5 -10 2
-40 -1216 30
3 18 5
-11 -148 13
-25 -228 9
0 42 222
-14 -134 9
-20 -2264 108
0 0 0
-3 -66 22
-26 -454 17
-8 -62 7
-14 -84 6
-26 -968 36
-9 -28 3
25 50 2
19 38 2
-28 -84 3
-12 -160 13
-39 -1136 29
0 0 0
0 0 0
-38 -2704 70
1 68 37
0 0 0
-13 -808 61
0 0 0
-24 -24 1
0 0 0
24 48 2
-21 -84 4
-19 -380 20
1 56 55
0 0 0
-19 -404 21
9 100 11
0 8 30
-28 -846 30
14 14 1
-7 -14 2
-30 -700 23
2 22 10
0 0 0
-13 -260 19
0 0 0
0 0 0
0 0 0
0 0 0
0 0 0
-35 -1124 32
0 8 20
0 0 0
5 66 13
-6 -36 6
0 0 0
-49 -98 2
-6 -6 1
0 0 0
0 0 0
9 292 30
-6 -34 5
-16 -758 45
0 0 0
20 40 2
-20 -40 2
14 14 1
0 0 0
-5 -10 2
0 -2 10
0 0 0
-24 -220 9
0 0 0
-4 -8 2
-32 -96 3
-9 -48 5
-15 -30 2
-38 -2086 54
2 167446 58293
0 0 0
0 0 0
63 126 2
0 0 0
0 0 0
11 4676 408
0 0 0
0 0 0
43 174 4
0 0 0
0 0 0
0 0 0
12 942 75
0 0 0
10 1788 168
0 0 0
0 0 0
2 23322 10870
0 0 0
0 0 0
-8 -572 69
0 0 0
0 0 0
0 0 0
0 0 0
3 40 12
2 8598 3665
0 0 0
0 0 0
0 0 0
0 0 0
0 0 0
10 3810 374
0 0 0
0 0 0
10 6664 666
0 0 0
0 0 0
1 552 319
12 308 24
0 0 0
19 310 16
0 0 0
0 0 0
0 462 1780
0 0 0
0 0 0
0 -2 4
0 0 0
0 0 0
4 158 33
0 0 0
12 12 1
1 11020 8181
0 0 0
0 0 0
-12 -898 72
0 0 0
0 0 0
4 144 36
0 0 0
0 0 0
4 2962 688
0 0 0
0 0 0
0 0 0
32 32 1
0 0 0
0 0 0
0 0 0
0 0 0
0 1158 2322
0 0 0
0 0 0
-8 -1650 187
0 0 0
0 0 0
5 4338 809
0 0 0
-6 -146 24
3 13358 4188
29 6148 208
44 264 6
58 116 2
0 0 0
0 0 0
8 822 97
19 496 26
0 0 0
0 0 0
0 0 0
0 0 0
0 0 0
31 606 19
0 0 0
33 810 24
18 278 15
0 0 0
1 2056 1912
18 1966 106
56 56 1
-8 -150 18
24 172 7
0 0 0
0 0 0
46 46 1
14 44 3
0 -80 125
22 156 7
0 0 0
0 0 0
0 0 0
0 0 0
15 1324 85
21 196 9
0 0 0
7 420 56
30 180 6
0 0 0
13 784 58
36 578 16
56 56 1
42 126 3
20 62 3
0 0 0
3 704 230
35 176 5
0 0 0
0 0 1
0 0 0
0 0 0
-8 -8 1
47 188 4
0 0 0
1 988 505
16 480 29
44 44 1
-3 -20 6
16 48 3
0 0 0
-4 -30 7
0 0 0
0 0 0
0 -64 76
31 434 14
0 0 0
0 0 0
0 0 0
0 0 0
0 0 0
0 0 0
0 0 0
0 -78 239
25 200 8
0 0 0
-2 -42 18
15 232 15
0 0 0
0 14 117
21 236 11
-4 -74 15
2 13122 5535
-64 -64 1
-2 -318 142
45 90 2
0 0 0
0 0 0
16 1008 62
-46 -46 1
-13 -638 46
0 0 0
0 0 0
-64 -64 1
0 0 0
6 386 61
0 0 0
-3 -104 30
0 0 0
-18 -274 15
0 992 1371
-51 -102 2
-11 -1152 98
-5 -96 19
0 0 0
0 0 0
0 0 0
0 0 0
-13 -40 3
2 948 342
0 0 0
0 -6 9
0 0 0
0 0 0
0 0 0
17 630 37
0 0 0
-28 -168 6
4 870 180
0 0 0
-31 -94 3
3 186 62
18 344 19
0 4 5
20 140 7
0 0 0
-58 -58 1
-1 -200 141
-38 -38 1
-8 -26 3
0 0 0
0 0 0
0 0 0
54 54 1
0 0 0
-16 -16 1
0 106 1077
0 0 0
-7 -246 33
-27 -1042 38
0 0 0
-8 -34 4
9 66 7
0 0 0
-15 -30 2
3 920 289
0 0 0
-39 -236 6
-42 -42 1
0 0 0
0 0 0
0 0 0
0 0 0
0 0 0
0 216 263
-38 -38 1
-8 -102 12
-12 -326 27
0 0 0
3 14 4
4 536 123
0 0 0
-22 -158 7
0 -62 1060
6 450 69
0 0 0
-47 -94 2
0 0 0
0 0 0
-2 -28 13
1 126 125
0 0 0
9 18 2
0 0 0
5 42 8
0 0 0
5 62 12
0 0 0
15 190 12
-5 -56 11
-64 -64 1
-4 -3900 965
4 370 87
-50 -50 1
-15 -246 16
0 -2 4
-8 -8 1
0 0 0
-2 -54 20
-26 -104 4
0 4 98
-3 -12 4
0 0 0
0 0 0
0 0 0
-8 -8 1
5 76 13
13 26 2
0 0 0
20 458 22
-2 -6 3
44 44 1
-8 -132 16
5 108 21
0 0 0
0 0 0
0 0 0
0 0 0
-2 -162 65
-1 -20 14
0 0 0
-9 -38 4
-4 -4 1
0 0 0
3 6 2
1 18 15
0 0 0
0 -4 169
1 146 100
0 0 0
-13 -410 31
0 0 0
8 8 1
0 0 0
-2 -8 4
0 0 0
9 376 39
4 58 12
0 0 0
9 28 3
19 38 2
0 0 0
0 0 0
0 0 0
0 0 0
-3 -736 239
3 36 12
0 0 0
-18 -364 20
-9 -38 4
-19 -134 7
5 114 22
0 4 12
-7 -68 9
1 350 337
25 8882 351
12 72 6
24 340 14
41 618 15
24 320 13
3 30 8
39 1914 49
18 56 3
-6 -32 5
4 4 1
0 0 0
0 0 0
37 2696 71
0 0 0
54 54 1
33 798 24
5 36 7
-2 -812 321
17 2856 161
15 122 8
-2 -16 6
33 984 29
19 328 17
0 0 0
42 978 23
23 698 30
1 46 24
6 84 13
0 0 0
0 0 0
0 0 0
0 0 0
2 16 6
21 170 8
0 0 0
5 20 4
27 300 11
0 0 0
-4 -8 2
34 2570 74
0 0 0
0 0 0
48 96 2
64 64 1
-4 -128 29
23 842 36
21 42 2
0 0 0
-44 -44 1
0 0 0
0 0 0
16 168 10
-2 -2 1
0 18 38
14 824 58
-14 -28 2
-2 -8 4
27 516 19
64 64 1
0 0 0
52 156 3
0 0 0
-9 -92 10
16 306 19
0 0 0
0 0 0
34 1406 41
0 0 0
0 0 0
0 0 0
0 0 0
-1 -122 69
5 144 26
2 2 1
-13 -40 3
30 574 19
11 56 5
0 2 6
33 776 23
3 72 24
-5 -356 64
28 364 13
-1 -40 22
49 98 2
-41 -124 3
5 62 12
-9 -146 15
-9 -28 3
3 6 2
4 4 1
0 0 0
0 0 0
0 0 0
7 296 41
0 0 0
26 52 2
0 0 0
3 26 7
-16 -2076 126
-1 -52 45
-7 -170 23
-52 -52 1
-17 -52 3
15 252 16
0 0 0
-16 -16 1
0 0 4
-1 -8 6
10 10 1
0 0 0
0 0 0
0 0 0
0 0 0
38 38 1
-36 -36 1
0 0 0
-22 -22 1
8 44 5
0 0 0
-43 -130 3
13 264 20
-22 -202 9
-6 -12 2
0 0 0
0 0 0
0 4 6
18 18 1
0 0 0
0 0 0
-42 -84 2
0 0 0
24 48 2
0 0 0
-16 -16 1
-13 -650 50
-4 -96 24
-19 -366 19
-38 -804 21
0 0 0
-15 -280 18
2 2 1
0 0 0
0 0 0
-5 -80 15
-2 -12 5
-46 -184 4
-23 -70 3
27 54 2
0 0 0
0 0 0
0 0 0
0 0 0
-6 -88 14
2 14 6
8 8 1
-38 -114 3
-6 -58 9
-23 -898 39
-1 -8 8
18 54 3
-24 -1018 42
11 3424 305
-2 -4 2
3 642 170
0 0 0
0 0 0
0 0 0
14 5966 418
9 66 7
-12 -176 14
0 0 0
0 0 0
0 0 0
0 0 0
12 216 18
0 0 0
2 192 68
17 224 13
-5 -86 15
4 2308 475
-1 -12 7
-2 -494 228
1 8 7
0 0 0
0 0 0
0 -44 49
4 60 13
-8 -58 7
11 258 22
0 0 0
-2 -36 18
0 0 0
0 0 0
0 0 0
2 58 27
50 50 1
-4 -24 5
15 422 28
0 0 0
-36 -36 1
25 576 23
23 346 15
-21 -64 3
8 230 26
-23 -70 3
22 44 2
3 330 107
12 12 1
4 56 12
0 0 0
0 0 0
0 0 0
2 26 12
-6 -34 5
-12 -86 7
7 862 116
0 0 0
1 36 29
-26 -26 1
0 0 0
-20 -60 3
12 140 11
6 6 1
0 0 0
9 338 37
0 0 0
-22 -68 3
0 0 0
10 10 1
0 0 0
0 0 0
0 0 0
0 0 0
2 124 45
0 0 1
-3 -128 35
-14 -102 7
10 10 1
-6 -20 3
4 410 87
7 78 10
-10 -146 14
22 6526 294
36 2066 56
13 1232 92
0 0 0
26 26 1
29 324 11
22 1008 44
26 3766 140
14 272 19
0 0 0
0 0 0
0 0 0
0 0 0
23 716 30
0 0 0
34 782 23
24 1404 58
4 96 21
9 1206 122
21 462 22
6 602 98
20 80 4
28 114 4
0 0 0
28 366 13
13 950 68
17 302 17
4 42 9
14 42 3
-13 -52 4
0 0 0
0 0 0
0 0 0
10 76 7
22 796 36
4 56 13
19 534 28
58 290 5
17 34 2
38 728 19
15 330 22
10 42 4
-6 -6 1
26 430 16
-26 -26 1
14 366 25
16 82 5
5 34 6
0 0 0
0 0 0
0 0 0
28 144 5
10 322 32
16 82 5
16 590 36
12 156 13
6 108 16
11 58 5
4 4 1
-8 -16 2
53 160 3
21 498 23
0 0 0
12 298 24
64 64 1
8 26 3
0 0 0
12 38 3
0 0 0
0 0 0
0 0 0
0 0 0
6 170 27
22 44 2
1 38 29
0 0 0
-20 -120 6
4 8 2
19 492 25
11 502 43
0 6 49
17 2982 168
-12 -394 32
-3 -842 218
0 0 0
0 0 0
-19 -312 16
23 524 22
4 254 63
-17 -1576 92
-56 -56 1
-36 -36 1
-19 -158 8
0 0 0
-14 -612 41
-34 -34 1
-21 -294 14
-7 -172 23
-23 -948 41
0 168 209
0 -38 45
-10 -1954 182
-2 -10 4
-22 -156 7
-14 -56 4
9 68 7
-6 -266 40
-24 -2874 115
9 66 7
-34 -68 2
-6 -146 22
0 0 0
0 0 0
0 0 0
-23 -70 3
-2 -40 15
-6 -198 31
11 454 38
-6 -12 2
-16 -84 5
35 142 4
-13 -900 65
-44 -358 8
17 68 4
-4 -34 7
-31 -312 10
-1 -20 15
-9 -38 4
-11 -190 16
-42 -84 2
0 0 0
0 0 0
0 0 0
-6 -18 3
-19 -310 16
9 814 88
0 4 21
-19 -1710 87
19 38 2
2 2 1
-32 -96 3
35 70 2
11 56 5
-4 -16 4
5 138 26
-34 -68 2
-9 -54 6
2 2 1
-13 -160 12
0 0 0
0 0 0
0 0 0
0 0 0
4 142 33
7 56 8
3 58 17
-32 -32 1
-9 -118 13
-42 -730 17
11 226 19
-3 -86 26
-26 -3076 114
-4 -494090 109611
0 0 0
0 0 0
0 0 0
0 0 0
0 0 0
0 0 0
0 0 0
0 0 0
-2 -89570 41633
0 0 0
0 0 0
0 0 0
0 0 0
0 0 0
0 0 0
0 0 0
0 0 0
-2 -7490 3698
0 0 0
0 0 0
0 0 0
0 0 0
0 0 0
0 0 0
0 0 0
0 0 0
-3 -141612 37905
0 0 0
0 0 0
0 0 0
0 0 0
0 0 0
0 0 0
0 0 0
0 0 0
1 27576 21036
0 0 0
0 0 0
0 -1754 2326
3 466 146
59 118 2
13 174 13
0 0 0
60 60 1
0 -942 13697
0 0 0
0 0 0
0 0 0
0 0 0
0 0 0
0 0 0
0 0 0
0 0 0
-3 -42952 10740
0 0 0
0 0 0
0 0 0
0 0 0
0 0 0
0 0 0
0 0 0
0 0 0
0 -1390 9202
0 0 0
0 0 0
0 0 0
0 0 0
0 0 0
0 0 0
0 0 0
0 0 0
-2 -17952 7236
0 0 0
0 0 0
0 0 0
0 0 0
0 0 0
0 -5436 7974
-26 -26 1
-10 -1020 94
-5 -29506 5705
1 426 215
-16 -16 1
0 0 0
0 0 0
0 0 0
0 0 0
0 0 0
0 0 0
-2 -5212 2046
2 144 52
0 0 0
0 0 0
0 0 0
0 0 0
0 0 0
0 0 0
0 0 0
0 -208 291
8 102 12
0 0 0
0 0 0
0 0 0
0 0 0
0 0 0
0 0 0
0 0 0
-3 -10152 2694
6 694 100
0 0 0
0 0 0
0 0 0
0 0 0
0 0 0
0 0 0
0 0 0
-4 -4608 1117
5 418 81
0 0 0
-4 -736 161
14 408 28
0 0 0
0 0 0
0 0 0
0 0 0
-1 -1498 766
3 68 18
0 0 0
0 0 0
0 0 0
0 0 0
62 62 1
0 0 0
0 0 0
-4 -1646 389
7 150 21
0 0 0
0 0 0
0 0 0
0 0 0
0 0 0
0 0 0
0 0 0
0 -440 460
8 200 25
0 0 0
0 0 0
0 0 0
0 0 0
0 0 0
0 0 0
0 0 0
-3 -1620 518
2 56 20
0 0 0
0 0 0
0 0 0
0 0 0
-3 -1362 451
11 292 26
-1 -18 11
-2 -16802 6654
-56 -226 4
-19 -5238 263
0 0 0
0 0 0
0 0 0
0 0 0
0 0 0
0 0 0
-1 -2172 1997
0 0 0
-11 -540 46
0 0 0
0 0 0
0 0 0
0 0 0
0 0 0
0 0 0
0 286 324
0 0 0
-4 -34 8
0 0 0
0 0 0
0 0 0
0 0 0
0 0 0
0 0 0
-3 -9450 2665
0 0 0
-17 -1844 106
0 0 0
0 0 0
0 0 0
0 0 0
0 0 0
0 0 0
0 710 1428
0 0 0
-14 -832 58
4 914 209
3 68 18
-2 -48 17
0 0 0
0 0 0
0 0 0
3 3578 1032
0 0 0
-3 -124 41
0 0 0
0 0 0
0 0 0
0 0 0
0 0 0
0 0 0
-2 -1314 461
0 0 0
-16 -388 24
0 0 0
0 0 0
0 0 0
0 0 0
0 0 0
0 0 0
0 216 591
0 0 0
-14 -146 10
0 0 0
0 0 0
0 0 0
0 0 0
0 0 0
0 0 0
-2 -1170 532
0 0 0
-9 -256 28
0 0 0
0 0 0
0 0 0
-1 -968 597
0 0 0
-23 -772 33
-8 -5438 620
0 -116 124
0 0 0
-24 -294 12
0 0 0
-27 -194 7
0 0 0
-36 -72 2
0 0 0
-4 -1260 313
-3 -232 69
2 8 3
24 48 2
-38 -114 3
10 30 3
0 0 0
0 0 0
0 0 0
-9 -220 24
6 160 23
0 0 0
0 0 0
0 0 0
-16 -50 3
0 0 0
0 0 0
0 0 0
-4 -1970 445
2 228 107
42 84 2
-27 -108 4
0 0 0
-31 -124 4
0 0 0
0 0 0
0 0 0
-3 -1558 407
-1 -178 121
-20 -20 1
-12 -350 29
7 182 25
12 84 7
0 0 0
0 0 0
0 0 0
-2 -200 67
0 -44 45
0 0 0
0 0 0
0 0 0
0 0 0
0 0 0
0 0 0
0 0 0
-4 -384 93
1 28 18
0 0 0
-5 -20 4
0 0 0
0 0 0
0 0 0
0 0 0
0 0 0
0 130 159
-1 -14 11
0 0 2
0 0 0
0 0 0
-10 -42 4
-4 -4 1
0 0 0
0 0 0
-2 -602 239
4 202 42
0 0 0
0 0 0
0 0 0
7 30 4
-12 -844 65
4 80 17
0 0 0
-11 -1672 147
6 1260 202
-21 -42 2
-20 -478 23
14 132 9
-2 -28 10
0 0 0
8 34 4
0 0 0
-8 -1078 124
0 -40 74
-19 -114 6
-30 -60 2
23 970 41
-13 -286 22
3 6 2
17 34 2
0 0 0
-7 -54 7
10 196 19
0 0 0
36 36 1
43 86 2
0 0 0
0 0 0
-48 -48 1
0 0 0
-10 -1094 101
6 1050 170
0 0 0
-25 -200 8
14 56 4
-8 -62 7
0 0 0
0 0 0
0 0 0
-8 -648 80
1 134 116
-28 -56 2
-6 -100 16
16 362 22
-16 -128 8
0 0 0
-7 -30 4
0 0 0
-8 -192 22
6 278 41
0 0 0
0 0 0
0 0 0
0 0 0
62 62 1
0 0 0
0 0 0
-5 -68 12
3 66 22
0 0 0
-38 -38 1
0 0 0
-12 -12 1
0 0 0
0 0 0
0 0 0
1 40 27
1 22 15
33 134 4
0 0 0
8 50 6
12 12 1
0 0 0
0 0 0
0 0 0
-4 -194 40
4 174 35
0 0 0
8 8 1
0 0 0
0 0 0
-8 -80 9
10 184 18
0 0 0
-23 -9406 406
-9 -694 71
-25 -908 35
-33 -266 8
-50 -50 1
-27 -2602 95
0 0 0
-23 -186 8
0 0 0
-13 -1648 126
0 -12 20
-37 -186 5
-16 -98 6
-22 -90 4
-13 -334 25
0 0 0
0 0 0
0 0 0
-16 -324 20
-2 -28 12
6 18 3
0 0 0
0 0 0
4 34 8
0 0 0
0 0 0
0 0 0
-15 -4090 260
0 -22 43
-36 -512 14
-26 -104 4
0 0 0
-22 -982 43
0 0 0
-27 -138 5
0 0 0
-6 -1046 150
-3 -138 44
-25 -406 16
-5 -144 26
-4 -110 26
-16 -588 35
0 0 0
0 0 0
0 0 0
-7 -300 42
-1 -34 18
-27 -54 2
0 0 0
0 0 0
0 0 0
0 0 0
0 0 0
0 0 0
-12 -722 59
-4 -38 8
-17 -52 3
0 0 0
0 0 0
16 50 3
0 0 0
-10 -10 1
0 0 0
-6 -442 69
4 24 6
0 0 1
0 0 0
0 0 0
-18 -206 11
0 0 0
0 0 0
0 0 0
-8 -882 99
-3 -42 11
-28 -84 3
0 0 0
0 0 0
-9 -208 21
-20 -722 35
-5 -46 8
-45 -182 4
0 -804 1039
0 0 0
-9 -1026 104
0 0 0
0 0 0
-11 -44 4
-14 -164 11
1 6 6
0 0 0
2 706 347
0 0 0
0 -12 45
0 0 0
-4 -20 5
0 0 0
11 70 6
4 40 10
0 0 0
0 -94 167
5 22 4
-2 -10 5
0 0 0
0 0 0
0 0 0
0 0 0
0 0 0
-20 -20 1
0 -274 831
0 0 0
-6 -652 107
0 0 0
0 0 0
-18 -56 3
-17 -70 4
7 14 2
0 0 0
2 1824 904
0 0 0
3 422 119
11 744 65
21 324 15
-1 -28 16
5 16 3
0 20 26
0 0 0
3 1164 386
2 4 2
-6 -194 31
0 0 0
0 0 0
0 0 0
0 0 0
1 28 18
0 0 0
0 -28 129
0 0 0
-2 -50 24
0 0 0
0 0 0
-4 -4 1
8 8 1
0 0 0
0 0 0
0 28 51
0 0 0
4 216 53
0 0 0
0 0 0
0 0 0
32 32 1
0 0 0
0 0 0
3 600 195
18 74 4
2 80 27
0 0 0
0 0 0
0 0 0
0 66 107
12 136 11
-5 -222 38
0 -306 459
0 26 54
4 246 59
-34 -34 1
0 0 0
-31 -380 12
13 110 8
10 216 20
0 0 0
-1 -184 93
14 102 7
-12 -448 37
0 0 0
0 0 0
-54 -54 1
34 34 1
1 30 21
-6 -24 4
7 276 38
2 16 8
24 24 1
0 0 0
0 0 0
0 0 0
0 0 0
3 14 4
-15 -30 2
4 1176 289
7 148 19
0 -26 33
0 0 0
0 0 0
0 -2 3
3 6 2
12 266 21
24 24 1
3 624 207
11 236 20
-1 -62 36
20 372 18
10 104 10
0 0 8
0 0 0
2 114 43
0 0 0
6 562 93
-4 -24 5
-3 -36 12
0 0 0
0 0 0
0 0 0
0 0 0
6 176 27
0 0 0
6 320 47
-5 -10 2
12 62 5
0 0 0
0 0 0
-2 -4 2
0 0 0
32 98 3
0 0 0
6 118 19
5 10 2
3 18 5
0 0 0
0 0 0
0 0 0
0 0 0
0 0 0
0 0 0
2 196 76
3 16 5
8 66 8
0 0 0
0 0 0
0 0 0
6 234 38
11 130 11
5 92 18
0 82 351
-56 -226 4
-19 -10022 505
0 0 0
0 0 0
-28 -562 20
-15 -394 25
-5 -98 19
-29 -446 15
2 266 101
0 0 0
-12 -1466 114
0 0 0
6 46 7
-29 -208 7
18 36 2
0 0 5
-23 -94 4
0 -38 41
0 0 0
-9 -154 16
0 0 0
-50 -50 1
0 0 0
0 0 0
-13 -80 6
-27 -958 35
1 298 154
0 0 0
-15 -3888 257
0 0 0
0 0 0
-12 -60 5
-11 -212 18
-2 -22 11
-34 -170 5
3 856 259
0 0 0
-6 -860 134
8 116 13
0 -20 22
-5 -136 23
-13 -26 2
-4 -78 17
-33 -266 8
2 354 133
-16 -16 1
-8 -356 40
0 0 0
0 0 0
0 0 0
7 14 2
-3 -34 9
-23 -326 14
0 12 35
0 0 0
-8 -258 32
0 0 0
0 0 0
0 0 0
-13 -52 4
-15 -46 3
-28 -28 1
2 56 27
0 0 0
-5 -190 35
0 0 0
-48 -96 2
0 0 0
0 0 0
0 0 0
-26 -106 4
2 128 45
42 42 1
-7 -450 63
0 0 0
0 0 0
0 0 0
7 242 32
0 -6 11
-19 -764 39
-3 -239990 65222
0 0 0
0 0 0
-4 -17898 4023
0 0 0
0 0 0
-20 -20 1
0 0 0
0 0 0
-2 -122296 45161
0 0 0
0 0 0
-6 -17696 2801
0 48 154
0 0 0
3 5368 1665
0 0 0
0 0 0
-4 -33340 6732
0 0 0
0 0 0
-8 -5424 603
0 0 0
0 0 0
34 172 5
0 0 0
-10 -3342 326
-2 -136168 50141
0 0 0
0 0 0
-4 -4368 882
0 0 0
0 0 0
1 1702 1070
0 0 0
0 0 0
-1 -68288 60530
0 0 0
0 0 0
0 -16084 27370
4 4386 1054
20 482 23
3 15598 4151
0 0 0
30 214 7
-2 -41748 17514
0 0 0
0 0 0
-52 -158 3
0 0 0
0 0 0
1 1334 768
0 0 0
-16 -1260 77
-3 -30182 8184
0 0 0
0 0 0
-4 -8702 2038
0 0 0
0 0 0
-48 -96 2
0 0 0
0 0 0
-1 -38998 22944
0 0 0
0 0 0
-11 -7526 664
-2 -180 86
0 0 0
2 1054 353
0 0 0
50 50 1
-4 -74816 15204
0 0 0
0 0 0
-6 -6310 1003
-23 -94 4
0 0 0
0 -7310 11781
-58 -116 2
-9 -37336 4025
-3 -26234 7377
0 212 359
-60 -60 1
-11 -4434 390
5 256 47
0 0 0
-14 -14 1
0 0 0
0 0 0
-5 -30548 5648
0 112 443
-36 -72 2
-7 -2300 321
3 358 107
0 0 0
2 776 260
0 0 0
0 0 0
-5 -3488 684
-3 -110 32
0 0 0
-14 -740 52
1 30 22
0 0 0
0 0 0
0 0 0
-8 -1322 159
-4 -38234 8881
1 568 551
64 64 1
-9 -1300 142
10 366 36
0 0 0
3 1056 290
9 428 47
0 0 0
-2 -28756 12676
3 6372 2076
-40 -120 3
-2 -14872 6702
12 15694 1268
9 28 3
2 2064 904
0 0 12
54 108 2
-1 -4618 4479
10 1478 145
0 0 0
0 0 0
0 0 0
0 0 0
3 1102 297
0 0 0
-6 -104 15
-4 -4124 1018
2 110 39
0 0 0
-8 -3504 392
5 158 28
0 0 0
0 0 0
0 0 0
0 0 0
-2 -6878 3129
6 846 121
-34 -68 2
-10 -1918 187
7 394 51
0 0 0
6 358 56
0 0 0
0 0 0
-4 -11114 2319
2 200 69
-34 -34 1
-9 -2002 219
10 374 37
0 0 0
-3 -6662 2178
5 1246 224
-7 -10956 1508
-2 -26546 8917
-43 -86 2
-18 -8068 427
-5 -3304 613
0 0 0
-19 -1088 57
-64 -64 1
0 0 0
-14 -14 1
-3 -25502 8126
0 0 0
-19 -7924 415
-7 -3372 428
-2 -96 45
-15 -514 34
3 1306 371
0 0 0
-8 -188 21
-4 -3938 829
0 0 0
-23 -564 24
-30 -2880 96
0 0 0
-5 -462 81
0 0 0
0 0 0
-27 -2496 90
-2 -24586 8421
-56 -56 1
-17 -9680 548
-6 -970 161
0 0 0
-8 -262 32
4 1090 257
0 0 0
-10 -382 38
-1 -21496 17986
0 0 0
-15 -15668 995
0 432 7928
6 2810 418
-8 -7506 837
4 4246 1044
0 0 0
-14 -884 63
0 -1480 2916
0 0 0
-9 -2256 236
0 0 0
0 0 0
0 0 0
6 554 91
0 0 0
-14 -612 43
-3 -2552 701
0 0 0
-16 -1038 62
-5 -3074 553
0 0 0
-13 -494 37
0 0 0
0 0 0
0 0 0
-1 -4158 2845
0 0 0
-11 -1718 144
-15 -1452 96
1 26 19
-4 -490 118
7 594 76
0 0 0
4 44 11
-3 -6028 1603
0 0 0
-18 -2564 137
-17 -2226 128
0 0 0
-2 -1018 379
-1 -4080 2475
-54 -54 1
-14 -24378 1629
-4 -13386 2780
-4 -3346 788
0 0 0
-6 -4946 785
-1 -158 87
-13 -1086 82
-3 -492 160
-1 -6 4
0 0 0
-6 -19256 2762
-3 -5432 1409
-3 -218 57
-6 -5012 746
1 260 199
-8 -1436 170
0 -114 117
-7 -52 7
0 0 0
-8 -10408 1224
-4 -392 95
0 0 0
-12 -1422 117
1 78 46
-6 -868 125
-20 -5158 257
-12 -112 9
-15 -1354 88
-5 -22536 4307
-3 -3202 910
-18 -18 1
-8 -3186 358
-7 -232 33
-8 -708 79
-11 -6536 549
-2 -242 92
0 0 0
-3 -27662 7898
-2 -8082 3467
-2 -494 175
-3 -29454 9556
11 36768 3140
-5 -6864 1201
4 2978 624
-8 -486 60
25 746 29
-1 -4548 3142
1 404 330
-62 -62 1
-5 -698 117
1 4 3
0 0 0
-1 -168 130
-1 -20 17
-4 -388 90
-4 -5110 1086
-2 -326 157
0 0 0
-6 -2734 412
-5 -212 37
-7 -176 25
21 256 12
0 0 9
0 0 0
-4 -9340 2079
-2 -1002 402
0 -62 69
-2 -2396 866
3 444 140
-8 -2522 287
0 6 58
0 0 0
15 76 5
-6 -67136 10022
-2 -794 333
-18 -36 2
-9 -7502 776
-1 -270 152
-3 -4962 1308
-7 -87078 12217
-1 -940 618
-10 -15224 1470
-10 -8472 837
-1 -872 595
-2 -1606 539
-19 -1786 92
8 1100 133
-6 -1682 269
-10 -366 36
17 1304 76
0 58 59
-9 -9386 1016
-5 -4692 931
-9 -3904 419
-18 -1656 91
11 6614 575
-9 -2508 254
5 154 30
5 1406 259
-2 -384 158
-7 -4096 554
4 340 76
-11 -1412 121
-15 -242 16
18 1294 70
-2 -256 87
-13 -878 65
10 990 96
-7 -1314 171
-10 -11630 1099
4 2698 643
-1 -1662 1129
-20 -740 36
7 662 86
-11 -1520 134
-12 -2970 235
9 784 85
-13 -1598 118
-4 -18748 3754
-3 -9650 2615
-8 -8176 969
-5 -14322 2506
29 122960 4184
0 -1924 3343
10 1250 114
4 10940 2599
1 970 738
-2 -4136 1496
0 -198 375
-6 -1364 216
-13 -382 28
7 60 8
0 0 0
5 236 47
6 4054 669
1 398 244
-4 -1112 246
3 420 106
-2 -640 262
-16 -1646 98
3 142 37
-8 -750 91
-6 -54 8
6 174 26
11 46 4
-3 -4846 1250
-1 -412 251
-6 -1138 180
-12 -882 71
24 9178 370
-2 -754 349
4 34 7
0 0 0
-1 -44 40
-5 -30502 5666
0 -14 421
-8 -4866 550
-20 -3194 155
16 3990 238
1 1648 932
-13 -32788 2519
5 18940 3589
-5 -49092 8390
-16 -14206 884
-5 -2536 473
-24 -4106 171
-25 -2814 111
-4 -688 142
-14 -9578 652
-21 -240 11
-46 -186 4
-10 -742 69
-18 -17396 942
-7 -4498 595
-28 -3380 117
-34 -3574 105
-2 -764 288
-16 -10744 668
-32 -676 21
0 0 0
-9 -760 79
-18 -8010 428
-4 -180 39
-26 -472 18
-30 -710 23
-2 -428 145
-9 -3030 311
-27 -1380 51
-18 -18 1
-32 -3364 104
-16 -15688 958
-4 -1906 387
-14 -3898 273
-34 -1452 42
-12 -900 72
-22 -7504 327
-20 -3216 154
-9 -372 41
-22 -1306 58
-8 -28374 3422
-7 -13478 1764
-26 -6340 242
-14 -27802 1907
7 25640 3256
-4 -22330 5148
10 638 61
-14 -146 10
-4 -1302 282
-4 -3664 909
-1 -246 158
-6 -698 107
-16 -264 16
-1 -6 4
0 0 0
-6 -204 33
1 4 4
-7 -1234 168
-16 -3466 215
-6 -324 54
-14 -1198 85
-26 -3236 123
-5 -630 106
-24 -1838 75
2 4 2
0 0 0
-24 -124 5
-6 -6006 947
-3 -478 130
-22 -990 45
-26 -1512 57
6 1106 167
-5 -4224 829
32 32 1
0 0 0
-10 -196 19
-7 -23450 3193
-4 -468 98
-27 -5422 197
-28 -2810 99
3 900 228
-2 -4600 1853
-22 -39258 1758
-6 -1428 210
-15 -61874 3869
-2 -9336 3560
0 0 0
-3 -4074 1061
-3 -904 246
0 0 0
-4 -1360 279
-26 -158 6
7 28 4
-1 -90 54
-2 -10514 4238
0 0 0
-6 -7038 1058
0 -18 100
8 440 53
-4 -1066 242
3 1012 329
-4 -132 32
-1 -178 122
-4 -2368 567
10 82 8
-7 -2532 359
-3 -32 9
12 50 4
5 128 22
-2 -28 14
-52 -52 1
-14 -2044 140
-4 -14958 3678
0 0 0
-2 -4602 2017
-5 -292 53
0 0 0
-5 -1134 207
0 -506 549
-8 -42 5
-13 -3020 232
-1 -15896 10963
-56 -56 1
-4 -17890 4061
12 33258 2713
17 3772 220
0 3710 3994
7 6072 775
1 316 197
0 358 507
0 -670 2057
-2 -68 29
-2 -2200 1042
0 0 0
0 0 0
0 0 0
3 1414 393
7 194 26
-3 -650 169
0 -468 591
0 0 0
-1 -724 375
-3 -306 78
0 0 0
-4 -648 151
13 40 3
0 0 0
60 60 1
-1 -1026 846
0 0 0
-4 -4164 878
-5 -228 42
5 130 25
6 1430 216
6 210 35
0 0 0
-1 -62 45
-1 -1656 1007
7 134 17
-5 -16878 3194
-6 -334 55
-6 -20 3
7 518 69
2 3020 1347
-2 -136 66
-4 -36960 8369
-3 -1104 293
0 -82 124
-9 -1560 162
-3 -84 27
-3 -48 16
-24 -586 24
-26 -156 6
1 34 20
-7 -294 42
0 -246 491
-1 -150 124
-8 -2468 282
5 108 19
1 54 41
-25 -962 38
0 4 9
-6 -600 86
-4 -584 131
-8 -472 53
1 10 7
-3 -476 128
-8 -24 3
10 76 7
0 0 0
-4 -48 10
-54 -54 1
-10 -1580 150
-1 -636 618
0 104 151
-7 -2274 321
-8 -60 7
9 146 16
-32 -260 8
13 1090 81
4 350 87
-8 -1484 174
2 6588 2384
0 194 476
-6 -9058 1455
23 13372 560
16 19694 1193
-2 -2966 1009
36 874 24
3 2368 657
0 -100 558
3 2786 721
4 212 44
-3 -1800 562
0 0 0
-2 -2 1
0 0 0
17 864 50
0 -24 175
-2 -544 206
-3 -250 66
7 66 9
-5 -358 61
-10 -206 19
19 38 2
3 30 9
-5 -10 2
0 0 0
-3 -48 15
-1 -218 171
0 -8 20
-4 -1872 432
20 20 1
20 206 10
-9 -36 4
54 54 1
0 0 0
1 38 33
0 -136 342
1 8 6
0 -484 1690
-28 -226 8
-4 -40 10
-9 -92 10
13 2840 214
0 304 648
-10 -26530 2625
-2 -2336 1156
-54 -272 5
-14 -14468 966
0 -38 50
-6 -132 19
-27 -3466 128
-36 -332 9
-12 -376 30
-24 -1174 48
-2 -4482 1792
-9 -194 20
-15 -15250 995
4 170 35
-3 -574 188
-31 -4028 127
4 546 110
-13 -750 54
-22 -3994 180
-2 -240 116
2 4 2
-11 -2554 225
0 0 0
-8 -170 19
-17 -1094 64
-30 -92 3
-6 -18 3
-36 -4894 135
-2 -2208 899
-3 -232 69
-15 -17042 1082
-3 -34 10
4 56 13
-32 -1640 51
1 158 147
0 2 36
-29 -4810 161
-1 -9634 5712
-3 -228 61
-8 -25274 2983
16 12538 776
5 5448 1001
-8 -19412 2300
12 3216 262
-7 -1208 162
-9 -4944 541
0 -2 786
-9 -308 34
-1 -1164 768
0 0 0
-7 -14 2
0 0 0
12 528 42
-1 -30 30
-18 -7954 439
0 -62 108
0 0 0
-16 -3526 220
0 24 30
3 28 9
-33 -2808 84
0 0 0
0 0 0
-20 -140 7
1 672 406
0 -14 63
-5 -3394 653
-23 -92 4
14 946 65
-5 -1770 310
33 66 2
0 0 0
-7 -140 19
-1 -356 322
-3 -26 7
-4 -6974 1706
-16 -82 5
2 84 40
-5 -1690 315
8 2798 338
-4 -262 57
-22 -87146 3896
-1 -65634 63881
0 0 0
0 0 0
0 0 0
0 0 0
0 0 0
4 11850 2685
0 0 0
0 0 0
0 -7694 13578
0 0 0
0 0 0
-52 -52 1
11 1956 171
0 0 0
10 5468 502
0 0 0
0 0 0
0 -20620 21956
0 0 0
0 0 0
-6 -1534 230
0 0 0
0 0 0
-1 -3108 2462
0 0 0
-16 -558 34
-2 -68220 31400
0 0 0
0 0 0
0 0 0
0 0 0
0 0 0
2 19142 9382
0 0 0
0 0 0
4 58942 14061
0 0 0
0 0 0
0 2454 5526
12 41032 3419
0 0 0
12 36790 2837
0 0 0
50 912 18
1 28948 25225
0 0 0
0 0 0
-10 -970 91
0 0 0
0 0 0
5 6356 1202
0 0 0
-2 -278 97
0 -1212 13383
0 0 0
0 0 0
-3 -1004 333
0 0 0
0 0 0
0 352 430
0 0 0
0 0 0
1 5702 4114
0 0 0
0 0 0
0 28 53
15 240 16
0 0 0
19 576 30
0 0 0
27 54 2
0 2696 18414
0 0 0
0 0 0
-11 -2126 188
0 0 0
0 0 0
0 -18470 35853
-33 -372 11
-1 -1188 713
-1 -8654 5074
11 1128 98
54 108 2
0 0 0
0 0 0
0 0 0
2 916 410
11 532 48
-60 -60 1
-1 -1672 1393
4 114 23
0 0 0
0 0 0
15 764 50
0 0 0
22 1066 48
8 740 87
0 0 0
0 -680 4948
8 1230 142
0 0 0
-17 -556 31
2 14 5
0 0 0
0 434 490
2 156 63
-7 -128 18
-2 -4332 1599
10 1020 102
0 0 0
0 0 0
0 0 0
0 0 0
0 890 2160
4 974 227
0 0 0
1 3326 1734
18 1500 82
0 0 0
0 1040 1195
16 19030 1166
0 0 0
15 8906 568
5 5230 949
0 0 0
-2 -5650 2200
16 1286 79
60 60 1
-21 -378 18
0 0 0
0 0 0
15 2966 189
11 1086 98
-8 -52 6
-1 -2078 1363
6 244 37
0 0 0
-4 -206 51
4 12 3
0 0 0
2 126 52
16 118 7
0 0 0
0 -336 520
8 152 17
0 0 0
-17 -106 6
14 28 2
0 0 0
50 50 1
0 0 0
0 0 0
0 -1508 4574
14 2756 193
0 0 0
-11 -594 50
0 2 3
0 0 0
-1 -9630 8915
9 6014 620
-6 -1164 186
0 -4616 5693
0 0 0
-9 -1212 125
0 0 0
0 0 0
0 0 0
3 1980 607
-24 -24 1
-9 -1238 128
0 926 1010
0 0 0
-7 -238 30
0 0 0
0 -60 110
0 0 0
0 -52 249
0 0 0
-12 -1200 96
-3 -13734 4136
0 0 0
-9 -2038 216
-15 -484 32
0 0 0
0 0 0
-2 -1578 572
0 0 0
-19 -806 42
0 -1144 4008
-64 -64 1
-6 -616 92
0 0 0
0 0 0
0 0 0
3 7854 2252
0 0 0
-15 -2758 179
5 11958 2262
0 0 0
-2 -166 76
1 1420 1128
8 12444 1554
-6 -814 122
11 9644 871
0 0 0
-11 -1686 146
0 1730 4470
-56 -56 1
-4 -778 180
-16 -240 15
0 0 0
0 0 0
9 2856 315
0 0 0
-6 -532 81
0 -1366 2142
0 0 0
-4 -228 55
-8 -396 48
0 0 0
-1 -18 10
6 252 37
0 0 0
-6 -78 12
1 1126 581
0 0 0
-7 -212 28
-19 -154 8
52 52 1
0 0 0
21 64 3
0 0 0
6 6 1
0 1574 3624
0 0 0
-2 -1844 742
-19 -1430 72
-62 -62 1
-28 -28 1
1 12242 7780
-60 -60 1
-8 -9214 1060
-4 -1486 324
-1 -760 446
0 0 0
-8 -52 6
0 0 0
-4 -4 1
-7 -560 76
-2 -600 283
0 0 0
-8 -792 99
0 82 128
-19 -76 4
-6 -12 2
1 366 263
0 0 0
0 4 19
-8 -778 95
-36 -72 2
-2 -1142 418
1 644 502
0 0 0
-13 -144 11
-5 -58 10
-11 -70 6
-20 -1348 65
-2 -478 215
-19 -156 8
0 274 660
-3 -1296 339
0 0 0
-23 -70 3
14 28 2
0 0 0
-4 -654 132
-3 -2450 674
0 0 0
1 1174 818
2 3228 1124
2 30 15
-4 -1282 305
4 14472 3610
2 84 38
16 3334 201
-11 -3676 311
-10 -284 26
-1 -840 579
1 986 522
0 0 0
-4 -38 9
-24 -24 1
0 0 0
-3 -244 66
-7 -924 125
-11 -78 7
0 240 365
-1 -686 390
0 0 0
-2 -126 48
8 64 8
-32 -32 1
-4 -104 26
-4 -248 62
0 0 0
0 -136 181
-1 -168 130
-8 -34 4
-9 -372 41
-5 -62 11
-10 -130 13
-32 -32 1
0 0 0
0 0 0
0 -680 976
5 5340 974
0 0 0
-10 -414 41
-6 -154 23
-2 -152 57
-15 -34004 2135
-1 -4634 3468
-17 -1616 93
-5 -710 126
12 1902 152
-16 -16 1
-11 -70 6
38 114 3
-12 -12 1
-11 -490 44
10 308 30
-4 -122 30
-9 -376 41
1 62 39
0 0 0
0 0 0
17 1154 67
-28 -168 6
8 8 1
5 140 27
-3 -74 21
-3 -1092 281
12 2670 212
-3 -10 3
-20 -164 8
10 334 32
18 128 7
-20 -568 28
8 360 41
-9 -328 34
-6 -350 54
5 808 160
0 0 0
0 0 0
-2 -10 4
-14 -14 1
-12 -288 24
6 1550 236
-4 -272 58
0 -120 224
3 1202 355
-11 -44 4
-14 -598 42
22 36272 1632
6 76 11
30 786 26
0 270 360
-7 -858 121
-8 -960 116
-2 -832 338
0 -6 8
-27 -82 3
2 64 22
0 0 0
5 36 7
6 932 144
-10 -816 79
2 156 63
7 870 115
-4 -172 35
-17 -122 7
13 96 7
-8 -8 1
2 10 4
9 110 12
-17 -102 6
-3 -292 94
-1 -190 98
3 6 2
-30 -122 4
15 494 31
0 -2 14
0 0 0
0 0 0
-3 -12 4
0 -370 586
5 2782 530
-2 -40 17
-32 -582 18
9 248 25
1 26 26
-23 -17440 752
5 6302 1128
-8 -6768 800
-5 -54 10
0 18 43
-6 -38 6
0 0 0
-2 -46 22
-16 -150 9
-26 -1452 55
-13 -200 15
-5 -86 15
-22 -88 4
0 12 21
0 0 0
0 0 0
2 182 76
-26 -78 3
-17 -122 7
-29 -58 2
-19 -158 8
-9 -696 70
0 26 144
-1 -12 8
-42 -42 1
5 146 29
-3 -64 21
-32 -688 21
-1 -104 74
-9 -90 10
-2 -40 19
0 40 45
20 20 1
0 0 0
3 76 21
-13 -52 4
-22 -552 25
2 68 33
-8 -116 13
-1 -176 109
1 612 319
3 54 15
-17 -360 21
9 10068 1037
0 66 161
4 58 14
-12 -286 23
-17 -442 26
-16 -496 31
0 234 280
-5 -16 3
2 2 1
0 14 19
0 0 0
4 16 4
8 104 12
-19 -252 13
0 -26 37
2 96 38
-15 -290 19
-12 -76 6
1 34 31
-18 -92 5
-42 -42 1
0 0 0
-26 -104 4
-4 -106 22
0 36 46
-6 -48 7
-30 -90 3
4 72 18
-5 -256 47
0 0 0
0 0 0
-32 -32 1
-6 -1630 235
2 764 340
-2 -88 41
-32 -32 1
-3 -160 43
-8 -626 70
-29 -11262 379
3 1496 411
-20 -13976 680
0 54 2007
0 0 0
-1 -266 138
0 -6 9
0 0 0
1 2 2
1 1666 1199
11 468 41
-1 -276 165
1 460 390
0 0 0
-4 -198 47
0 2 5
9 830 84
8 8 1
1 922 788
0 10 362
-3 -480 144
2 4554 2074
0 -20 49
-1 -610 314
0 -20 25
34 34 1
0 0 0
0 442 951
7 180 24
-7 -876 117
0 -322 887
38 38 1
1 622 324
-11 -22 2
0 0 0
0 0 0
-1 -3876 2782
5 166 28
0 -128 253
5 18830 3168
0 0 0
4 1618 366
8 17620 2090
18 19448 1071
2 454 176
3 10144 2780
2 3378 1558
2 2214 750
2 5118 1808
-1 -88 58
0 2 234
-17 -262 15
0 0 0
0 0 0
3 3102 941
3 1130 339
-2 -370 165
1 1156 1123
0 0 0
1 156 127
1 52 33
0 0 0
8 84 10
0 -90 260
0 8 11
-2 -50 25
0 60 418
0 0 0
0 -2 61
0 0 2
5 40 7
-13 -52 4
6 68 10
0 0 0
-8 -44 5
4 11916 2575
0 62 67
0 -134 335
-3 -80 25
0 0 0
-2 -8 4
1 13990 9918
1 1080 647
-7 -17908 2288
7 2252 290
10 380 37
-2 -156 55
0 0 0
5 40 8
-28 -28 1
3 192 58
6 1484 213
-1 -482 291
12 1060 86
18 130 7
-18 -94 5
0 0 0
7 648 91
0 0 0
12 136 11
0 -314 378
-7 -1564 212
10 4478 427
15 876 58
-1 -164 112
25 50 2
9 66 7
0 0 0
10 1086 100
6 1064 155
-6 -1056 155
7 918 115
8 328 40
2 50 18
0 0 0
0 0 0
28 28 1
5 3000 596
12 1610 125
0 -278 556
10 8028 772
25 986 39
2 202 75
23 5660 239
14 32092 2200
4 190 39
24 3422 138
-1 -4164 2222
-6 -3980 613
0 440 553
24 798 33
0 -14 23
-4 -4 1
-5 -34 6
0 0 0
25 1738 69
0 -756 890
-7 -1884 265
7 1382 180
5 188 33
0 0 34
7 38 5
6 12 2
34 34 1
12 184 15
19 666 35
5 418 78
0 -108 120
2 32 15
-4 -74 15
0 0 0
18 108 6
0 0 0
0 0 0
0 0 0
1 2 2
6 6548 967
23 1484 63
6 1072 157
12 48 4
-9 -46 5
0 0 0
10 15848 1445
1 3912 2145
-9 -15618 1663
5 1956 374
-3 -914 285
-9 -2134 223
8 26 3
-2 -4 2
-18 -548 30
2 260 95
-2 -664 322
-16 -5368 316
4 428 101
-1 -90 50
-10 -346 33
-20 -20 1
0 -242 302
-19 -288 15
3 536 151
-7 -1566 201
-22 -5202 234
0 -634 647
0 -110 295
-3 -1280 337
0 0 1
-7 -226 29
-10 -222 21
0 242 275
-1 -324 168
-28 -6532 233
3 844 237
-2 -652 268
-8 -1504 180
7 76 10
-4 -24 5
-22 -270 12
5 2540 461
0 -252 353
-12 -5322 418
4 6396 1423
4 1032 231
-2 -540 259
15 4780 316
4 21506 5037
-4 -2184 512
10 5046 465
-5 -5198 1010
-20 -8692 415
1 2110 1251
4 956 209
-4 -1076 256
-14 -14 1
-12 -192 16
0 0 0
10 1532 142
-2 -922 428
-24 -7286 296
3 668 197
-2 -688 302
-5 -712 141
-10 -52 5
3 26 8
-11 -114 10
6 102 15
1 74 39
-6 -322 48
1 282 187
4 168 42
0 -6 19
-22 -44 2
-17 -274 16
-16 -592 35
0 0 0
0 0 0
-32 -192 6
2 3112 1339
9 3458 369
2 808 393
-4 -38 8
-8 -336 41
-9 -282 30
8 15526 1902
0 -1528 2985
-27 -42308 1552
0 67556 119010
0 0 0
0 0 0
0 0 0
0 0 0
0 0 0
0 0 0
0 0 0
0 0 0
1 9284 5540
0 0 0
0 0 0
0 0 0
0 0 0
0 0 0
0 0 0
0 0 0
0 0 0
0 31628 36578
0 0 0
0 0 0
0 0 0
0 0 0
0 0 0
0 0 0
0 0 0
0 0 0
3 36728 11275
0 0 0
0 0 0
0 0 0
0 0 0
0 0 0
0 0 0
0 0 0
0 0 0
1 15170 7714
0 0 0
0 0 0
0 4844 8564
16 1666 103
0 0 0
0 0 0
0 0 0
0 0 0
0 2180 10206
0 0 0
0 0 0
0 0 0
0 0 0
0 0 0
0 0 0
0 0 0
0 0 0
2 104518 35423
0 0 0
0 0 0
0 0 0
0 0 0
0 0 0
0 0 0
0 0 0
0 0 0
0 -12840 15025
0 0 0
0 0 0
-64 -64 1
0 0 0
0 0 0
0 0 0
0 0 0
0 0 0
-1 -31032 19868
0 0 0
0 0 0
16 150 9
0 0 0
0 0 0
0 1778 2399
-44 -132 3
1 196 150
2 16250 7708
19 6436 323
-48 -48 1
0 0 0
0 0 0
0 0 0
0 0 0
0 0 0
0 0 0
1 792 465
17 266 15
0 0 0
0 0 0
0 0 0
0 0 0
0 0 0
0 0 0
0 0 0
-1 -2756 1874
12 654 54
0 0 0
0 0 0
0 0 0
0 0 0
0 0 0
0 0 0
0 0 0
0 432 535
17 464 26
60 60 1
0 0 0
0 0 0
0 0 0
0 0 0
0 0 0
0 0 0
0 270 536
13 396 29
0 0 0
0 98 590
15 542 35
0 0 0
0 0 0
0 0 0
0 0 0
-1 -1044 667
18 200 11
0 0 0
0 0 0
0 0 0
0 0 0
0 0 0
0 0 0
0 0 0
2 5410 2303
15 2088 139
-48 -48 1
0 0 0
0 0 0
0 0 0
0 0 0
0 0 0
0 0 0
-3 -3788 1147
0 6 36
0 0 0
-58 -58 1
0 0 0
0 0 0
0 0 0
0 0 0
0 0 0
-2 -3590 1280
10 456 43
0 0 0
0 0 0
0 0 0
0 0 0
-2 -504 228
5 84 16
-2 -48 18
4 30094 7335
48 96 2
-1 -260 254
0 0 0
0 0 0
0 0 0
0 0 0
0 0 0
0 0 0
1 586 415
0 0 0
-11 -130 11
0 0 0
0 0 0
0 0 0
0 0 0
0 0 0
0 0 0
3 5354 1721
0 0 0
-1 -86 52
0 0 0
0 0 0
0 0 0
0 0 0
0 0 0
0 0 0
4 1950 436
0 0 0
0 6 16
0 0 0
0 0 0
0 0 0
0 0 0
0 0 0
0 0 0
4 2334 569
0 0 0
-3 -102 31
1 960 501
7 104 14
-6 -152 25
0 0 0
0 0 0
0 0 0
0 216 581
0 0 0
-9 -134 14
0 0 0
0 0 0
0 0 0
0 0 0
0 0 0
0 0 0
4 11820 2635
52 52 1
-8 -1118 136
0 0 0
0 0 0
0 0 0
0 0 0
0 0 0
0 0 0
0 238 866
0 0 0
-4 -102 21
0 0 0
0 0 0
0 0 0
0 0 0
0 0 0
0 0 0
1 2140 1245
0 0 0
-5 -358 64
0 0 0
0 0 0
0 0 0
0 42 168
0 0 0
-12 -400 32
0 -872 1161
6 680 107
0 0 0
13 180 13
0 0 0
20 40 2
0 0 0
18 56 3
0 0 0
0 -120 278
7 22 3
-44 -88 2
0 0 0
22 22 1
0 0 0
0 0 0
0 0 0
0 0 0
-2 -770 286
-1 -58 56
0 0 0
-15 -60 4
0 0 0
5 66 12
0 0 0
0 0 0
0 0 0
0 -8 128
4 116 24
0 0 0
-6 -6 1
0 0 0
0 0 0
0 0 0
0 0 0
0 0 0
-1 -362 184
-4 -124 28
-4 -4 1
-4 -448 99
4 166 34
0 -2 7
0 0 0
0 0 0
0 0 0
-7 -394 55
-5 -282 52
0 0 0
-20 -20 1
0 0 0
0 0 0
0 0 0
0 0 0
0 0 0
0 -360 923
2 244 88
0 0 0
-2 -32 11
0 0 0
-9 -28 3
0 0 0
0 0 1
0 0 0
-5 -1640 300
-1 -24 21
2 8 3
0 0 0
-10 -10 1
-13 -138 10
0 0 0
0 0 0
0 0 0
-3 -3206 835
-3 -416 121
0 0 0
-11 -34 3
0 0 0
-2 -66 26
-7 -432 55
5 46 9
-21 -256 12
-1 -494 315
16 9608 576
0 0 0
21 482 22
35 536 15
18 288 16
0 0 0
31 312 10
0 0 0
-1 -94 51
10 224 21
4 14 3
17 34 2
36 1194 33
33 200 6
0 0 0
0 0 0
0 0 0
-6 -580 95
14 1686 115
0 0 0
10 30 3
30 306 10
8 74 9
0 0 0
26 104 4
16 186 11
0 0 23
11 672 58
0 0 0
0 0 0
18 18 1
-3 -10 3
0 0 0
0 0 0
0 0 0
-6 -300 49
4 354 81
-50 -50 1
-8 -132 16
19 990 50
-1 -8 6
0 0 0
0 0 0
0 0 0
-6 -130 21
7 258 35
0 0 0
-31 -94 3
0 0 0
0 0 0
0 0 0
0 0 0
-1 -2 2
-2 -418 161
11 3010 253
-48 -48 1
27 352 13
23 232 10
1 20 11
0 0 0
40 122 3
0 0 0
-4 -628 129
2 136 53
-36 -36 1
0 0 0
33 462 14
52 210 4
0 0 0
0 0 0
0 0 0
-5 -1098 198
7 870 122
0 0 0
-4 -16 4
38 154 4
-4 -58 14
-9 -104 11
9 112 12
13 208 16
0 -284 444
-3 -202 51
4 214 49
10 104 10
0 0 0
2 50 19
0 0 0
27 248 9
0 0 0
-4 -208 45
16 16 1
-37 -186 5
-48 -48 1
0 0 0
-13 -80 6
0 0 0
0 0 0
48 48 1
0 -28 69
6 292 46
-1 -6 4
0 0 0
0 0 1
-9 -170 18
0 0 0
37 74 2
58 58 1
-6 -350 55
10 92 9
-8 -8 1
0 0 0
0 0 0
-17 -52 3
0 0 0
0 0 0
0 0 0
-2 -160 71
-12 -90 7
-8 -44 5
-1 -66 35
6 102 16
-4 -54 11
0 0 0
0 0 0
0 0 0
-3 -34 11
4 16 4
-12 -24 2
0 0 0
0 0 0
0 0 0
0 0 0
0 0 0
2 2 1
-6 -1330 215
-5 -162 31
0 -10 15
-2 -6 3
0 0 0
-14 -320 22
0 0 0
22 136 6
0 0 0
-8 -818 91
-5 -38 7
-18 -184 10
0 0 0
-8 -16 2
-12 -272 21
0 0 0
0 0 0
0 0 0
-6 -1320 220
1 38 25
-20 -266 13
0 0 0
0 0 0
-3 -166 51
-16 -266 16
-8 -8 1
-7 -104 14
8 5824 685
0 0 0
0 -32 116
0 0 0
0 0 0
0 0 2
19 286 15
28 312 11
14 14 1
7 218 28
0 0 0
0 10 29
0 0 0
0 0 0
0 0 0
14 42 3
6 6 1
0 0 0
4 1280 291
0 0 0
1 118 61
0 0 0
0 0 0
-6 -6 1
2 2 1
10 62 6
17 34 2
1 120 105
0 0 0
6 174 26
0 0 0
0 0 0
0 0 0
0 0 0
-4 -4 1
0 0 0
3 1108 304
0 0 0
-2 -96 45
10 570 52
19 178 9
-5 -140 26
0 0 1
1 6 5
0 0 0
-2 -378 173
-10 -32 3
-4 -58 12
0 0 0
0 0 0
0 0 0
0 0 0
-9 -72 8
0 0 0
5 2616 489
0 0 0
1 186 137
0 0 0
0 0 0
-2 -12 5
6 36 6
9 48 5
0 0 0
0 72 79
0 0 0
-6 -220 34
0 0 0
7 14 2
0 0 0
0 0 0
0 0 0
0 0 0
1 756 398
12 114 9
-1 -246 132
46 46 1
0 0 0
0 0 0
7 308 43
-2 -20 10
-7 -336 44
20 11882 577
29 1596 54
13 1024 74
0 0 0
0 0 0
31 436 14
32 362 11
25 3742 145
24 24 1
8 406 49
0 0 0
12 142 11
0 0 0
-56 -56 1
17 34 2
0 0 0
18 146 8
6 6 1
11 1546 136
20 104 5
10 246 24
0 0 0
0 0 0
0 0 0
37 74 2
25 804 31
17 88 5
9 866 90
20 62 3
6 120 18
0 0 0
0 0 0
0 0 0
0 0 0
33 372 11
0 0 0
5 734 138
54 162 3
-7 -84 12
18 908 48
28 142 5
-1 -10 6
52 52 1
2 84 33
0 0 0
5 370 69
25 76 3
6 32 5
0 0 0
0 0 0
0 0 0
0 0 0
0 4 12
0 0 0
14 4248 301
23 418 18
10 506 47
0 0 0
0 0 0
29 348 12
62 62 1
26 1234 47
0 0 0
-1 -64 46
51 102 2
4 40 9
0 0 0
0 0 0
0 0 0
0 0 0
0 0 0
0 0 0
9 1256 139
15 210 14
-2 -108 38
0 0 0
0 0 0
0 0 0
4 164 35
13 504 37
5 102 20
6 1128 185
44 44 1
-5 -1170 228
-64 -64 1
0 0 0
21 218 10
18 468 26
0 -12 13
-8 -148 17
4 80 17
0 0 0
-6 -128 20
0 0 0
-4 -18 4
48 96 2
17 34 2
0 0 0
-17 -86 5
8 1114 139
-16 -16 1
0 -38 68
0 0 0
0 0 0
-2 -12 5
13 66 5
9 244 26
-19 -786 40
2 64 22
0 0 0
-4 -134 31
0 0 0
0 0 0
0 0 0
-12 -24 2
24 24 1
0 0 0
8 414 50
0 0 0
-5 -252 44
20 62 3
15 78 5
-7 -168 22
14 44 3
-11 -22 2
-14 -44 3
3 130 40
2 2 1
-6 -182 27
0 0 0
0 0 0
0 0 0
38 38 1
-14 -44 3
-26 -260 10
7 884 119
0 0 0
-4 -586 142
0 0 0
0 0 0
16 32 2
18 166 9
15 60 4
-24 -172 7
2 34 13
0 0 0
-7 -270 37
0 0 0
-58 -58 1
0 0 0
0 0 0
0 0 0
0 0 0
2 236 103
-16 -16 1
-3 -468 148
0 0 0
0 0 0
-4 -14 3
12 178 14
5 50 9
-8 -408 46
1 81298 78993
0 0 0
0 0 0
-4 -12316 2535
0 0 0
0 0 0
33 66 2
0 0 0
0 0 0
0 6924 21360
0 0 0
0 0 0
0 548 2332
10 346 32
0 0 0
6 1642 249
0 0 0
0 0 0
0 2070 11784
0 0 0
0 0 0
-9 -4484 497
0 0 0
0 0 0
30 30 1
0 0 0
-8 -1716 199
0 -8080 16026
0 0 0
0 0 0
-1 -468 345
0 0 0
0 0 0
4 1462 314
0 0 0
0 0 0
0 -17254 18504
0 0 0
0 0 0
0 -13694 38841
5 3082 605
14 284 20
10 2324 217
0 0 0
0 0 0
-2 -10380 4653
0 0 0
0 0 0
-14 -336 24
0 0 0
0 0 0
10 482 48
0 0 0
-19 -194 10
0 18832 27660
0 0 0
0 0 0
-2 -23828 8629
0 0 0
0 0 0
0 0 0
0 0 0
0 0 0
-1 -43458 24318
0 0 0
0 0 0
-6 -8576 1298
2 188 88
0 0 0
11 1050 94
0 0 0
0 0 0
-5 -69990 13125
0 0 0
0 0 0
-13 -32320 2445
-24 -384 16
0 0 0
0 -1908 5508
-26 -26 1
-11 -44742 3748
0 834 7617
7 1138 145
0 0 0
-5 -2526 443
7 980 124
0 0 0
62 62 1
0 0 0
0 0 0
2 7132 3435
9 1698 177
0 0 0
0 -62 496
20 1072 52
0 0 0
12 620 49
0 0 0
0 0 0
-1 -1602 1120
7 190 24
0 0 0
-4 -1098 264
11 1060 93
0 0 0
0 0 0
0 0 0
-3 -534 147
0 -1516 2550
5 336 61
0 0 0
-5 -186 32
13 242 18
0 0 0
10 804 77
8 128 15
0 0 0
-1 -7064 3587
2 1404 597
0 0 0
-2 -18162 8188
9 9598 1010
-31 -94 3
12 800 65
12 36 3
0 0 0
-2 -1624 620
8 288 35
0 0 0
-8 -16 2
0 0 0
0 0 0
17 264 15
0 0 2
-10 -20 2
0 -3614 3619
8 974 113
0 0 0
-3 -6336 1913
9 1450 161
0 0 0
0 0 0
20 20 1
0 0 0
-2 -10102 4026
0 126 171
0 0 0
-8 -2554 294
7 502 67
0 0 0
14 178 12
0 0 0
0 0 0
-5 -11916 2137
4 392 83
0 0 0
-11 -8330 725
6 816 131
0 0 0
0 -1174 1176
3 382 99
-8 -14130 1679
2 22046 7428
64 64 1
-11 -1458 128
-3 -1286 408
0 0 0
-9 -268 28
0 0 0
0 0 0
0 0 0
0 -1162 4197
0 0 0
-7 -928 119
0 -370 436
12 122 10
-3 -176 54
25 682 27
0 0 0
-2 -24 9
-1 -1322 1221
0 0 0
-11 -328 29
-8 -326 40
0 0 0
-6 -840 133
0 0 0
0 0 0
-10 -538 52
0 276 1853
0 0 0
-3 -168 43
-1 -96 77
0 0 0
-12 -72 6
8 586 68
0 0 0
-6 -18 3
0 -4448 4770
0 0 0
-15 -3044 200
0 -1452 10141
7 1506 198
-10 -7264 724
14 986 69
0 0 0
-10 -32 3
0 -278 614
0 0 0
-14 -336 23
-16 -96 6
0 0 0
0 0 0
14 98 7
0 0 0
-23 -118 5
2 4366 1492
52 52 1
-9 -870 92
0 346 2167
0 0 0
-4 -932 187
0 0 0
0 0 0
0 0 0
1 2690 2447
0 0 0
-16 -1228 76
-17 -2432 136
11 160 14
-18 -1662 89
16 452 28
0 0 0
-4 -4 1
-1 -2964 1615
0 0 0
-18 -1470 81
-20 -9698 464
0 0 0
-5 -4898 968
0 500 1192
0 0 0
-16 -24656 1465
-1 -3008 2394
1 386 229
0 0 0
-4 -3638 893
0 -114 130
-6 -222 35
-1 -16 11
0 -2 6
0 0 0
-2 -4834 1766
1 328 266
0 30 38
-1 -934 703
2 312 127
-2 -56 28
4 188 39
-6 -12 2
0 0 0
-2 -960 369
5 162 31
0 0 0
-3 -2440 736
2 478 180
-3 -1230 341
-22 -44 2
18 18 1
-8 -778 92
0 -1196 1362
-1 -282 175
0 0 0
0 12 214
-4 -70 16
-1 -12 10
-3 -114 33
2 34 14
0 0 0
-5 -14190 2575
0 -236 358
-4 -294 70
-2 -27660 9723
7 15728 2117
-4 -2608 533
7 200 28
-1 -2 2
17 34 2
-2 -1098 525
-2 -158 59
0 0 0
-4 -18 4
2 6 3
0 0 0
28 28 1
-14 -86 6
-16 -82 5
-2 -2446 850
-3 -1184 328
0 0 0
0 -568 2511
0 -38 227
-7 -254 35
-12 -148 12
12 76 6
0 0 0
-2 -5208 1743
-1 -324 290
-3 -146 48
-4 -3696 793
1 284 176
-7 -2438 333
20 202 10
0 0 0
0 0 0
-6 -20038 3065
-4 -1456 302
0 0 0
-5 -12306 2459
-3 -2214 626
-4 -5490 1238
-8 -15494 1863
-1 -244 186
-17 -18244 1037
-2 -1210 414
9 2858 309
1 400 313
-8 -574 68
13 4334 318
-1 -266 225
-64 -64 1
27 790 29
-1 -4 4
-1 -780 496
2 724 288
-3 -916 261
-3 -702 199
27 8210 300
0 -28 137
28 84 3
5 264 45
14 458 31
-5 -596 103
3 224 61
0 -12 33
-3 -484 155
24 5410 223
5 1068 212
0 0 0
37 602 16
0 46 242
-4 -1134 232
5 1012 170
2 846 339
-23 -208 9
7 652 92
-2 -74 35
-10 -64 6
23 162 7
-8 -80 9
-4 -4796 1152
-3 -1462 401
-8 -3238 372
-8 -15588 1838
28 44758 1551
0 -1716 2472
8 50 6
8 204 24
11 480 42
-3 -534 164
0 -26 37
-3 -200 52
26 26 1
-1 -2 2
0 0 0
0 0 0
8 318 36
6 104 17
-4 -952 200
4 942 200
0 206 248
-7 -2772 382
8 3268 401
0 -142 270
-1 -8 5
30 368 12
-4 -28 6
-2 -2702 948
-1 -286 284
-2 -668 230
-7 -802 110
28 8724 304
0 80 323
20 60 3
0 0 0
9 180 19
-5 -8634 1503
0 54 267
-5 -1426 260
-11 -4056 348
24 9676 399
4 3816 798
-12 -4200 326
3 1852 573
-4 -21602 4696
-6 -1940 284
-5 -274 47
-12 -634 50
-4 -268 57
-2 -532 257
-7 -1398 187
0 0 0
0 0 0
-28 -140 5
-9 -3300 347
-1 -90 90
-8 -350 43
-10 -790 75
7 1056 133
-9 -1332 135
19 38 2
0 0 0
2 26 9
-8 -464 56
14 74 5
-5 -16 3
-22 -206 9
3 674 187
-2 -832 347
-33 -132 4
0 0 0
-10 -694 68
-9 -1854 188
0 -64 65
-8 -362 42
-17 -272 16
-7 -632 85
-19 -552 29
-6 -40 6
0 0 0
-14 -44 3
-8 -7020 821
-5 -1018 186
-26 -1418 54
-11 -15642 1327
9 13482 1372
-2 -4918 1776
-18 -36 2
-3 -6 2
12 74 6
-2 -198 91
2 36 17
6 30 5
-14 -14 1
-60 -60 1
0 0 0
52 52 1
0 0 0
-2 -12 6
-7 -598 84
-4 -94 21
-6 -330 53
-7 -3378 480
-2 -1124 505
-10 -1166 116
0 0 0
0 0 0
-64 -64 1
-1 -902 598
1 68 37
-15 -502 32
-27 -1176 43
4 1048 221
0 -630 854
16 98 6
0 0 0
-19 -98 5
-10 -7048 678
-2 -126 58
-27 -962 35
-24 -3116 129
6 3076 508
0 766 1792
-22 -4544 205
-4 -184 38
-15 -32874 2165
3 1186 363
0 0 0
0 410 540
3 268 81
0 0 0
-1 -362 185
2 14 7
2 4 2
-14 -58 4
2 880 419
0 0 0
-3 -1562 497
16 1236 73
17 68 4
1 222 200
13 238 18
-32 -32 1
1 20 17
5 498 88
10 20 2
-2 -328 120
0 6 11
33 134 4
2 222 78
8 16 2
0 0 0
0 108 250
0 134 364
0 0 0
1 978 491
0 -6 25
24 24 1
2 166 59
-1 -64 51
-2 -2 1
-12 -158 13
0 502 940
22 22 1
-6 -7590 1155
14 32578 2263
18 1352 74
0 -460 4149
3 100 28
-3 -134 39
6 180 27
-2 -396 154
4 46 11
-3 -640 199
10 10 1
0 0 0
0 0 0
-2 -78 29
1 16 13
-20 -180 9
-2 -1940 724
0 0 0
0 -156 321
-2 -358 167
0 0 0
2 1700 675
26 134 5
6 6 1
-39 -78 2
0 -276 528
0 0 0
-2 -1246 604
-1 -56 54
-1 -14 13
7 746 98
15 120 8
0 0 0
9 72 8
-2 -1706 652
-1 -16 14
-4 -5706 1212
-17 -2436 142
0 -2 13
11 3218 274
1 536 331
-4 -148 35
-4 -15874 3938
-2 -32 16
6 34 5
1 122 70
25 1024 40
2 22 8
-2 -30 11
7 14 2
8 166 20
-9 -322 35
8 484 56
2 22 8
0 -112 136
23 660 28
25 332 13
1 88 64
0 0 0
-5 -134 26
-5 -224 38
16 50 3
0 0 0
-1 -34 19
4 8 2
10 52 5
30 180 6
62 62 1
10 32 3
1 102 97
7 254 35
14 270 19
1 86 53
0 0 0
7 42 6
21 42 2
15 94 6
22 158 7
-6 -362 53
5 1298 223
4 230 47
-3 -1474 395
31 11314 355
16 12232 745
-2 -1600 562
0 0 0
0 12 65
4 182 43
9 218 23
7 70 10
-1 -92 47
0 0 0
2 6 3
0 0 0
-3 -6 2
0 18 65
2 32 15
4 92 23
-8 -16 2
0 -2 42
12 436 35
5 118 21
7 170 22
0 0 0
0 0 0
2 40 18
8 400 45
0 -2 5
-1 -384 271
-9 -56 6
22 316 14
-4 -24 6
54 54 1
0 0 0
1 28 18
0 -104 140
-3 -34 9
-2 -846 410
-10 -138 13
20 648 32
1 34 29
16 438 26
0 130 202
-8 -11154 1266
0 -66 187
0 0 0
-7 -1344 180
13 482 35
1 82 47
-16 -682 42
1 8 6
-10 -52 5
-10 -86 8
3 1018 308
2 20 7
-13 -2624 195
15 432 28
6 306 44
-7 -384 51
16 166 10
-11 -94 8
-10 -268 26
6 442 65
7 14 2
-2 -110 37
0 0 0
7 182 24
-1 -46 28
46 46 1
24 98 4
-15 -906 57
1 128 81
1 24 24
-12 -1778 147
-3 -26 7
-8 -90 11
-21 -362 17
0 0 2
-8 -26 3
-21 -236 11
0 -568 737
-3 -62 16
-7 -4864 668
24 18006 730
6 4332 698
-6 -8554 1259
23 354 15
0 -18 23
-1 -42 30
3 326 90
-12 -12 1
0 -62 87
0 0 0
-14 -88 6
0 0 0
-16 -50 3
0 -26 29
-11 -418 37
2 138 69
0 0 0
-7 -780 109
17 420 24
2 148 58
-4 -980 221
30 30 1
-4 -4 1
-14 -58 4
4 602 122
12 100 8
1 610 400
-26 -214 8
7 578 76
-5 -872 153
48 194 4
0 0 0
-10 -136 13
-1 -252 208
-5 -16 3
-4 -1892 453
-25 -352 14
11 1120 95
-2 -1010 406
15 796 50
-9 -262 28
-21 -37754 1758
1 106276 61478
0 0 0
0 0 0
64 64 1
0 0 0
0 0 0
4 17184 3487
0 0 0
0 0 0
3 21528 6407
0 0 0
0 0 0
0 0 0
9 2390 246
0 0 0
8 4904 568
0 0 0
0 0 0
2 121574 45649
0 0 0
0 0 0
-3 -5406 1662
0 0 0
0 0 0
3 6864 2116
0 0 0
-3 -590 172
3 29596 8607
0 0 0
0 0 0
0 0 0
0 0 0
0 0 0
4 9136 2168
0 0 0
0 0 0
4 76834 16910
0 0 0
0 0 0
0 8034 12444
9 36098 3630
42 42 1
8 7536 856
0 0 0
20 60 3
0 19860 26958
0 0 0
0 0 0
-3 -1204 329
0 0 0
0 0 0
9 7268 784
0 0 0
0 -20 101
1 59570 44410
0 0 0
0 0 0
-2 -2624 1168
0 0 0
0 0 0
5 4908 888
0 0 0
0 0 0
1 23284 18950
0 0 0
0 0 0
-2 -1982 985
13 1502 109
0 0 0
9 74 8
0 0 0
0 0 0
0 13242 61300
0 0 0
0 0 0
-3 -15034 4136
15 90 6
0 0 0
0 9350 25957
10 284 26
-3 -4846 1260
1 10850 6663
17 7430 413
0 0 0
64 64 1
32 32 1
0 0 0
5 3558 633
17 916 52
0 0 0
3 2810 796
22 508 23
0 0 0
0 0 0
28 1848 65
0 0 0
28 2532 90
11 666 59
0 0 0
4 42910 9507
20 9688 463
0 0 0
-5 -1942 326
11 244 22
0 0 0
5 2646 488
14 574 39
-3 -152 41
2 1950 700
20 1216 58
0 0 0
0 0 0
0 0 0
0 0 0
5 3554 596
15 776 50
0 0 0
2 3550 1562
16 1712 104
0 0 0
0 -38 2472
14 20700 1447
56 56 1
15 3290 211
3 1246 339
36 36 1
0 -2072 3041
12 2064 166
0 0 0
-3 -200 62
8 154 18
0 0 0
14 2024 140
4 764 170
0 -14 23
1 13572 7113
15 6538 430
0 0 0
-4 -1106 235
10 230 23
0 0 0
4 732 163
15 570 38
0 0 0
0 -2416 3121
8 1450 162
0 0 0
-5 -618 115
15 842 53
0 0 0
14 44 3
0 0 0
0 0 0
0 420 18118
14 14412 1018
64 64 1
-3 -4078 1029
14 982 67
0 0 0
-1 -9202 7083
10 7572 712
-7 -3144 422
3 27354 7400
45 90 2
0 -188 293
0 0 0
0 0 0
0 0 0
11 4196 352
64 64 1
-7 -590 80
6 4562 672
0 0 0
-4 -136 33
0 0 0
9 1168 121
0 0 0
13 584 44
0 0 0
-5 -102 19
4 29260 6570
0 0 0
0 344 586
-2 -536 258
0 0 0
0 0 0
6 1896 297
0 0 0
-4 -522 115
4 4692 1143
0 0 0
0 -36 40
0 0 0
0 0 0
0 0 0
8 4280 531
0 0 0
-9 -336 37
4 11744 2426
0 0 0
-4 -336 84
3 7726 2226
7 10274 1338
-6 -1810 270
6 1620 239
0 0 0
-11 -342 31
0 1972 3781
0 0 0
-7 -1060 143
-7 -502 70
0 0 0
0 0 0
9 2696 273
0 0 0
-9 -502 54
3 32146 9343
28 28 1
-1 -764 467
-3 -1070 299
0 0 0
-11 -342 31
9 1686 169
52 52 1
-6 -286 46
0 1160 4474
0 0 0
-16 -2912 179
-1 -628 317
10 286 27
0 0 0
0 0 0
0 0 0
0 0 0
1 17928 14005
37 148 4
-3 -10016 2516
0 -818 1032
0 0 0
0 -4 17
1 11182 6638
-1 -4 3
-12 -16648 1340
1 4410 3374
1 1234 913
0 0 0
15 76 5
4 346 78
-2 -2 1
3 676 199
2 830 345
48 48 1
1 992 740
6 1938 281
10 74 7
9 200 22
16 2506 155
32 32 1
10 228 21
-7 -104 14
8 8 1
1 5958 4495
6 6506 1038
0 0 0
-4 -1536 341
1 200 124
0 -6 35
5 322 54
3 844 242
-5 -288 50
1 574 536
0 -282 422
0 0 0
-30 -90 3
8 32 4
-4 -4 1
2 230 88
4 848 174
0 0 0
2 2648 1147
3 8212 2654
-4 -50 11
-3 -4416 1221
3 29178 8273
-1 -102 60
5 198 35
-7 -468 61
0 6 7
-1 -1634 857
2 1616 753
0 0 0
-10 -376 35
0 -2 45
0 0 0
2 142 63
-7 -1836 254
-17 -304 17
2 10852 3732
1 1866 1847
0 0 0
-2 -1484 574
16 3446 207
-27 -136 5
0 -4 41
1 510 286
0 0 0
0 -1792 2126
0 24 944
-3 -84 27
-3 -1434 392
0 200 201
-10 -260 26
0 -2 3
0 0 0
0 0 0
0 1514 10798
3 10810 3576
0 0 0
-7 -5420 730
-3 -1844 542
-5 -996 198
-12 -26418 2153
-2 -7742 3771
-14 -3642 246
0 -452 935
13 13644 1004
60 60 1
14 74 5
21 912 43
21 582 27
0 -30 40
27 3106 111
3 62 16
0 40 121
13 2790 209
8 34 4
28 84 3
35 3804 108
6 6 1
0 0 0
20 858 42
7 206 26
1 2766 2108
13 16236 1188
2 38 17
-3 -286 78
18 4042 220
12 840 65
0 -16 20
31 5032 159
3 610 187
1 144 89
10 2462 245
0 0 0
0 0 1
28 310 11
0 0 1
4 156 32
35 3020 86
11 148 13
0 -250 299
1 1678 1409
-8 -68 8
-8 -1846 230
22 83168 3759
2 108 47
31 62 2
3 1064 294
-10 -420 40
-4 -1550 386
5 3738 699
-1 -140 81
-13 -138 10
8 582 69
0 0 0
25 226 9
3 1422 359
-11 -1010 87
1 1046 792
11 12622 1068
0 38 101
-3 -380 123
32 4610 143
0 -34 46
-1 -14 8
34 1924 56
-2 -30 15
-2 -1638 717
1 1162 790
-1 -74 39
-7 -264 36
14 8584 577
4 126 27
0 0 0
0 0 0
-2 -4 2
0 116 5249
8 23046 2806
-1 -106 86
-10 -2748 270
10 6948 669
5 1112 189
-16 -10862 671
9 18278 2016
-5 -6224 1099
4 1424 286
8 1528 183
-4 -376 92
12 48 4
7 280 38
14 216 15
1 42 27
27 472 17
-2 -36 17
3 220 63
7 586 81
0 2 3
0 0 3
13 1806 131
-8 -26 3
36 36 1
2 2 1
4 34 8
0 170 471
9 2912 316
-1 -240 153
-16 -118 7
5 652 125
8 1104 131
11 114 10
23 646 27
4 284 62
1 70 50
4 288 62
6 38 6
0 0 2
4 88 22
4 4 1
12 146 12
21 232 11
-30 -60 2
0 -256 301
0 -1352 1403
-8 -104 13
-11 -1952 167
11 27682 2428
0 106 545
6 52 8
0 -4 6
-14 -208 14
-1 -174 104
2 1078 460
0 14 15
2 2 1
-4 -228 54
0 0 0
0 -6 7
0 2 7
-19 -176 9
0 154 652
5 1860 370
-1 -190 126
-8 -466 58
10 2030 186
-6 -634 96
12 96 8
19 134 7
-1 -14 14
-3 -2026 668
1 634 539
-1 -94 60
-21 -1228 58
3 932 260
-2 -362 176
0 0 0
0 0 0
0 0 0
-3 -9328 2334
4 5650 1357
-1 -790 469
-19 -464 24
0 86 614
-5 -3762 727
-22 -9946 434
4 3570 854
-18 -21386 1175
4 11286 2771
34 68 2
2 2242 770
1 356 214
0 0 0
12 24 2
5 4774 850
10 768 74
0 48 82
9 10390 1144
0 0 0
0 60 124
15 4432 280
11 1304 110
7 84 12
10 1608 153
5 854 143
3 196 52
7 19482 2709
4 300 66
2 3164 1525
1 238 144
9 48 5
4 28 7
4 3932 827
8 1602 188
-4 -914 224
1 2162 1468
24 24 1
2 482 183
8 194 23
0 0 0
-10 -20 2
5 3104 540
-1 -68 60
4 170 37
6 64770 10542
16 66 4
2 960 455
6 94232 15627
12 18192 1510
2 1528 721
8 8864 1048
1 2558 1320
6 1098 180
2 6050 2080
0 2 90
0 130 360
-1 -136 88
20 20 1
0 0 0
0 -764 985
4 1336 313
-1 -252 149
3 16274 4432
34 34 1
1 1616 882
12 7478 612
48 48 1
-5 -566 108
8 3518 435
5 576 104
7 284 38
0 1086 3216
0 0 0
-2 -862 429
-4 -746 160
11 1296 111
2 16 8
6 1026 157
0 0 0
1 8 5
2 23702 8037
2 558 196
1 5396 3782
-3 -2770 726
-9 -482 49
7 478 67
2 23024 10837
5 7712 1495
-9 -31176 3176
14 13782 952
18 2908 161
5 2264 418
15 252 16
8 842 95
13 52 4
26 2972 112
12 9706 750
6 1100 168
18 8924 482
29 774 26
2 154 59
25 1072 42
26 3272 125
43 86 2
31 828 26
8 2492 301
-1 -328 165
15 19290 1262
28 4916 174
6 4932 788
16 386 24
9 1048 106
45 90 2
26 3476 132
12 11606 898
1 554 318
8 2468 290
7 1450 189
4 252 57
1 4 4
25 126 5
0 0 0
31 4318 139
25 2232 89
13 1740 133
5 21910 3765
26 6146 233
5 662 112
22 47736 2099
14 64188 4520
5 1182 213
29 3306 112
0 -178 1975
-4 -1440 306
5 7068 1207
20 800 40
3 428 110
-31 -124 4
-8 -116 14
0 0 0
26 1718 65
2 3244 1086
-6 -1566 237
16 16398 1018
12 3670 292
1 738 388
22 3274 148
22 1674 73
10 390 38
30 1320 43
24 8254 337
10 962 95
2 3078 1164
6 528 84
-2 -342 161
0 -36 39
9 1634 175
8 8 1
20 206 10
0 0 0
2 10 4
6 28924 4243
27 7344 272
6 12664 1865
-3 -188 57
3 1130 344
10 152 15
14 28700 2006
3 20862 6136
-6 -25482 3914
8 8860 988
0 232 570
1 1082 598
9 630 68
2 240 86
-3 -218 60
18 2050 112
5 1944 374
-7 -1042 131
8 4054 491
7 838 116
-2 -204 102
21 852 40
10 2384 232
-4 -668 145
15 260 17
1 168 96
-11 -906 78
8 11632 1316
8 3908 452
3 4072 1143
3 158 44
1 214 207
-4 -1742 367
19 2398 125
7 3180 401
-10 -7516 685
5 2056 350
-2 -808 382
-4 -552 138
15 124 8
11 46 4
-5 -146 29
16 2084 127
5 688 130
-2 -220 74
4 26532 6488
9 5196 566
0 -144 516
13 43518 3323
4 50192 10600
-5 -21564 3875
21 5372 249
-3 -3254 1066
-12 -3604 278
1 2398 1710
6 1118 177
-1 -440 243
-4 -48 12
-4 -294 62
0 0 0
8 900 103
0 -288 524
-22 -10234 460
8 11582 1444
0 558 1256
-4 -2952 656
15 4972 315
16 2564 153
-9 -868 91
18 870 47
11 2304 201
-8 -590 72
1 2366 1732
2 602 235
0 -20 468
-4 -220 51
1 406 380
-9 -6962 711
7 168 24
0 0 0
-3 -70 18
3 17148 4739
8 10424 1162
2 8902 3054
0 4 129
-1 -1526 983
-4 -15010 3141
7 20376 2902
0 -2250 4522
-26 -122722 4584
