361 0 0 0 0 0 0 0 0 
882 0 0 652 168 833 -100 0 0 
-135 0 0 0 0 0 -135 1033 -200 
0 0 0 0 0 0 0 0 0 
0 0 0 0 0 0 0 0 0 
0 0 0 0 0 0 0 0 0 
0 0 0 0 0 0 0 0 0 
0 0 0 0 0 0 0 0 0 
0 0 0 0 0 0 0 0 0 
0 0 0 0 0 0 0 0 0 
0 0 0 0 0 0 0 0 0 
0 0 0 0 0 0 0 0 0 
0 0 0 0 0 0 0 0 0 
0 0 0 0 0 0 0 0 0 
0 0 0 0 0 0 0 0 0 
0 0 0 0 0 0 0 0 0 
0 0 0 0 0 0 0 0 0 
0 0 0 0 0 0 0 0 0 
0 0 0 0 0 0 0 0 0 
0 0 0 0 0 0 0 0 0 
0 0 0 0 0 0 0 0 0 
0 0 0 0 0 0 0 0 0 
0 0 0 0 0 0 0 0 0 
0 0 0 0 0 0 0 0 0 
0 0 0 0 0 0 0 0 0 
0 0 0 0 0 0 0 0 0 
0 0 0 0 0 0 0 0 0 
-513 0 0 -1728 0 0 0 0 0 
645 0 0 474 4377 -250 700 0 0 
-906 0 0 -2565 0 0 -619 0 -2530 
0 0 0 0 0 0 0 0 0 
0 0 0 0 0 0 0 0 0 
0 0 0 0 0 0 0 0 0 
0 0 0 0 0 0 0 0 0 
0 0 0 0 0 0 0 0 0 
0 0 0 0 0 0 0 0 0 
-1952 0 0 0 0 0 -1666 0 0 
2600 0 0 826 4160 0 457 0 900 
-1084 0 0 1666 0 0 -2531 0 -4061 
0 0 0 -50 0 0 0 0 0 
2911 0 0 3822 1600 4828 0 0 0 
-2388 0 0 -933 0 0 -133 0 -5070 
666 0 0 0 0 0 0 0 0 
666 0 0 933 933 0 0 0 0 
633 0 0 0 0 0 0 0 0 
-2900 0 0 485 0 0 0 0 0 
66 0 0 1714 0 4828 0 0 0 
3755 0 0 -4325 0 0 0 0 -4350 
0 0 0 0 0 0 0 0 0 
0 0 0 0 0 0 0 0 0 
0 0 0 0 0 0 0 0 0 
0 0 0 0 0 0 0 0 0 
0 0 0 2742 300 0 0 0 0 
0 0 0 -2600 -766 0 0 0 -1733 
714 0 0 0 0 0 213 0 0 
1814 0 0 306 2880 0 2721 0 2377 
-83 0 0 0 0 0 -274 2500 3620 
0 0 0 0 0 0 0 0 0 
0 0 0 0 0 0 0 0 0 
0 0 0 0 0 0 0 0 0 
0 0 0 0 0 0 0 0 0 
0 0 0 0 0 0 0 0 0 
0 0 0 0 0 0 0 0 0 
-1000 0 0 0 0 0 -2825 0 0 
-3575 0 0 900 4790 0 4608 0 0 
-600 0 0 0 0 0 -2150 -2483 0 
0 0 0 0 0 0 0 0 0 
0 0 0 0 1266 0 1766 0 0 
0 0 0 0 0 0 -2757 0 0 
0 0 0 0 0 0 0 0 0 
0 0 0 0 0 0 0 0 0 
0 0 0 0 0 0 0 0 0 
1787 0 0 272 0 0 200 0 0 
2377 0 0 2736 4717 0 1680 0 0 
-1903 0 0 -4560 -133 0 366 1000 -1800 
0 0 0 0 0 0 0 0 0 
833 0 0 -866 266 0 0 0 0 
400 0 0 0 0 0 0 0 0 
-2000 0 0 0 0 0 0 0 0 
2859 0 0 1639 5220 0 1800 0 0 
-1533 0 0 0 0 0 -3333 -3340 -933 
716 0 0 0 0 0 0 0 0 
1198 0 0 -23 1325 0 0 0 0 
-570 0 0 0 0 0 1280 0 -66 
360 2154 0 0 0 0 0 0 0 
2309 2866 0 1025 4836 0 0 0 0 
431 60 0 0 0 0 4383 0 0 
533 0 0 0 0 0 0 0 0 
0 0 0 0 0 0 0 0 0 
0 0 0 0 0 0 0 0 0 
0 0 0 0 0 0 0 0 0 
0 0 0 0 0 0 0 0 0 
0 0 0 0 0 0 0 0 0 
0 0 0 0 0 0 0 0 0 
0 0 0 0 0 0 0 0 0 
0 0 0 0 0 0 0 0 0 
0 0 0 0 0 0 0 0 0 
0 0 0 0 0 0 0 0 0 
0 0 0 0 0 0 0 0 0 
0 0 0 0 0 0 0 0 0 
0 0 0 0 0 0 0 0 0 
0 0 0 0 0 0 0 0 0 
0 0 0 0 0 0 0 0 0 
0 0 0 0 0 0 0 0 0 
0 0 0 0 0 0 0 0 0 
0 0 0 0 0 0 0 0 0 
0 0 0 0 0 0 0 0 0 
0 0 0 0 0 0 0 0 0 
-115 0 0 -2272 0 0 0 0 0 
527 0 0 347 1033 -400 0 0 0 
-864 0 0 -885 0 0 1440 0 -1475 
-187 333 0 700 -1033 0 0 0 0 
-600 900 0 900 600 0 0 0 0 
-150 -100 0 0 0 0 0 0 -200 
0 0 0 0 0 0 0 0 0 
0 0 0 -700 0 0 0 0 0 
100 0 0 0 0 0 0 0 0 
-340 0 0 33 0 0 0 0 0 
1766 0 0 733 0 0 -333 0 533 
-685 0 0 0 0 0 -4047 0 0 
-1500 0 0 0 0 0 0 0 0 
1700 0 0 0 933 0 1033 0 0 
-1975 -566 0 -533 0 0 333 166 -1880 
0 0 0 0 0 0 0 0 0 
0 0 0 0 0 133 0 0 0 
633 0 633 0 0 0 0 0 0 
0 0 0 0 0 0 0 0 0 
-766 0 0 -666 0 -400 0 0 0 
-400 0 0 -2133 0 0 0 0 -1600 
0 0 0 0 0 0 0 0 0 
0 0 0 433 1100 0 0 0 0 
-1175 0 0 0 0 0 0 0 0 
0 0 0 0 0 0 0 0 0 
0 0 0 1400 0 0 0 0 0 
0 0 0 0 0 0 0 0 0 
296 0 0 0 0 0 1672 0 0 
905 0 0 -2400 -400 0 2826 0 2633 
260 0 0 0 0 0 -750 0 0 
-1125 0 0 0 0 0 266 0 0 
338 2366 0 100 700 0 1033 0 0 
240 0 -733 0 0 0 2100 580 266 
0 0 0 0 0 0 0 0 0 
-700 0 0 0 0 0 0 0 0 
0 0 0 0 0 0 0 0 0 
0 0 0 0 0 0 0 0 0 
1188 0 0 2058 2060 0 2575 0 0 
0 0 0 0 0 0 -4036 0 -966 
0 0 0 0 0 0 0 0 0 
200 766 0 0 5285 0 0 366 0 
0 0 0 0 0 0 -2150 0 -866 
0 0 0 0 0 0 0 0 0 
975 0 133 0 0 0 0 0 0 
0 0 0 0 0 0 0 0 0 
1742 0 0 933 0 0 -400 0 0 
1327 0 0 1600 -366 0 1466 0 0 
-631 0 0 -3133 0 0 1969 -366 -666 
0 666 0 866 0 0 0 0 0 
433 2100 0 0 2636 0 0 2400 0 
33 0 0 0 -2066 0 33 -4800 -200 
0 0 0 0 0 0 0 0 0 
2750 0 0 2333 2000 0 1000 0 533 
-925 0 0 -3133 0 0 -2840 0 0 
-356 0 0 0 0 0 0 0 0 
1545 0 0 2316 -566 0 0 0 0 
481 0 0 0 0 0 1185 0 550 
900 0 0 0 0 0 0 0 0 
0 0 0 0 0 0 0 0 0 
0 0 0 0 0 0 0 0 0 
-21 0 -1560 0 0 0 0 0 0 
313 0 400 -3714 0 0 0 0 0 
-2877 0 -1133 0 0 0 -100 0 0 
0 0 0 0 0 0 0 0 0 
0 0 0 0 0 0 0 0 0 
0 0 0 0 0 0 0 0 0 
0 0 0 0 0 0 0 0 0 
0 0 0 0 0 0 0 0 0 
0 0 0 0 0 0 0 0 0 
0 0 0 0 0 0 0 0 0 
0 0 0 0 0 0 0 0 0 
0 0 0 0 0 0 0 0 0 
0 0 0 0 0 0 0 0 0 
0 0 0 0 0 0 0 0 0 
0 0 0 0 0 0 0 0 0 
0 0 0 0 0 0 0 0 0 
0 0 0 0 0 0 0 0 0 
0 0 0 0 0 0 0 0 0 
0 0 0 0 0 0 0 0 0 
0 0 0 0 0 0 0 0 0 
0 0 0 0 0 0 0 0 0 
-228 0 0 -672 0 0 0 0 0 
-139 0 0 493 666 0 0 0 0 
-585 0 0 485 0 0 660 0 40 
0 0 0 0 0 0 0 0 0 
0 0 0 0 0 0 0 0 0 
0 0 0 0 0 0 0 0 0 
-10 0 -333 -1425 0 2966 0 0 0 
-1342 0 0 1822 0 0 0 0 0 
-200 0 0 -433 0 0 300 0 -200 
511 0 0 533 0 0 -1933 0 0 
2937 0 0 950 1233 0 -2700 0 0 
-200 0 0 0 0 0 -260 0 -266 
0 0 0 0 0 0 0 0 0 
0 0 0 700 933 0 -1666 0 0 
-2380 0 0 0 0 0 -5250 0 0 
0 0 0 0 0 0 0 0 0 
1100 366 0 600 933 2566 0 0 0 
0 0 -2500 0 0 -2000 -266 0 -5107 
0 0 0 1200 0 0 0 0 0 
0 0 0 1200 0 0 0 0 0 
-3433 0 0 875 0 0 -4400 0 0 
0 0 0 0 0 0 0 0 0 
0 0 0 0 0 0 0 0 0 
-2350 -566 0 0 0 0 0 0 0 
0 0 0 0 0 0 0 0 0 
-66 0 -66 766 700 500 0 0 0 
-933 0 -1425 0 -766 -933 -2033 -2033 -5511 
152 0 0 0 0 0 -780 0 0 
1216 0 0 700 4640 0 2600 0 700 
238 0 0 0 0 0 1347 0 2540 
0 0 0 0 0 0 0 0 0 
0 0 0 0 0 0 0 0 0 
0 0 0 0 0 0 0 0 0 
300 0 2966 0 0 0 0 0 0 
1294 0 533 0 0 0 0 0 0 
683 0 -1033 0 0 0 -420 0 0 
0 0 0 0 0 0 0 0 0 
0 0 0 0 1933 0 4500 0 0 
0 0 0 0 0 0 66 0 0 
0 0 0 0 0 0 0 0 0 
0 0 0 0 0 0 0 0 0 
0 0 0 0 0 0 0 0 0 
0 0 0 0 0 0 0 0 0 
0 0 0 0 0 0 0 366 0 
0 0 0 0 0 0 0 0 0 
420 0 0 0 0 0 0 0 0 
900 0 0 2977 4828 0 0 0 0 
-1091 0 0 -1066 0 0 -600 0 0 
0 0 0 0 0 0 0 0 0 
0 0 0 0 0 0 0 0 0 
0 0 0 0 0 0 0 -566 0 
666 0 0 933 0 0 0 0 0 
4314 1533 0 4350 5400 0 1000 0 0 
-250 -933 0 -1066 0 0 0 0 -1833 
-478 0 0 0 0 0 0 0 0 
-390 0 0 -584 -600 -533 0 0 0 
-665 0 0 0 0 0 -508 0 -700 
-1311 0 0 0 0 0 0 0 0 
-1190 0 0 -300 0 0 0 0 0 
-2035 0 0 0 0 0 950 0 0 
0 0 0 0 0 0 0 0 0 
0 0 0 0 0 0 0 0 0 
0 0 0 0 0 0 0 0 0 
-1868 0 0 0 0 0 0 0 0 
-33 0 0 -200 0 0 0 0 0 
-100 0 0 0 0 0 333 0 -166 
-1133 0 0 0 0 0 0 0 0 
0 0 0 0 0 0 0 0 0 
0 0 0 0 0 0 0 0 0 
-200 0 0 0 0 0 0 0 0 
125 0 0 0 0 0 0 0 0 
533 0 0 0 0 0 0 0 -633 
-1733 0 0 0 0 0 0 0 0 
0 0 0 0 0 0 0 0 0 
0 0 0 0 0 0 0 0 0 
866 0 0 0 0 0 0 0 0 
0 0 0 0 0 0 0 0 0 
1000 0 0 0 0 0 0 0 0 
0 0 0 0 0 0 0 0 0 
0 0 0 0 0 0 0 0 0 
0 0 0 0 0 0 0 0 0 
-1500 0 0 -34 0 0 -300 0 0 
96 0 0 -461 1914 1866 175 0 0 
-669 0 0 -940 0 0 -521 0 -2727 
-1592 0 0 -685 0 0 0 0 0 
-1490 0 0 -475 966 0 0 0 0 
-2376 0 0 -2266 0 0 2750 0 -2133 
-257 0 0 0 0 0 0 0 0 
555 0 0 0 0 0 0 0 0 
1450 0 0 0 0 0 0 0 0 
-2525 0 0 900 0 0 -4485 0 0 
697 0 0 183 3723 0 4866 0 1000 
-634 0 0 -1233 0 0 -2966 0 -1225 
-850 0 0 -100 0 0 -1466 0 0 
666 0 0 -111 2142 600 2325 0 600 
-1304 0 0 -2714 -433 0 -1960 0 -3650 
2257 0 0 0 0 0 0 0 0 
-200 0 0 966 1466 1866 2933 0 0 
0 0 0 0 0 0 -433 0 0 
300 0 0 0 0 0 0 0 0 
1400 0 0 133 2050 0 866 0 0 
-320 0 0 0 0 0 0 0 -833 
0 0 0 0 0 0 -2133 0 0 
0 0 0 0 0 0 0 0 0 
-66 0 0 0 0 0 -2133 0 0 
1733 0 0 1066 0 0 0 0 0 
1320 0 0 1033 566 1866 0 0 0 
-166 0 0 0 0 0 0 0 -1266 
-52 0 0 0 0 0 -1986 0 0 
704 0 0 0 1971 0 -584 0 933 
-994 0 0 0 0 0 -643 -966 33 
907 0 0 -1000 0 0 342 0 0 
314 0 0 -300 360 0 575 0 0 
-1186 0 0 0 0 0 1054 0 0 
0 0 0 0 0 0 766 0 0 
0 0 0 0 0 0 200 0 0 
0 0 0 0 0 0 1033 0 0 
-225 0 0 -633 0 0 0 0 0 
-2300 0 0 133 66 0 0 0 0 
-1033 0 0 -4800 -2200 0 -3742 0 -2740 
0 0 0 -4314 0 0 0 0 0 
-400 0 0 0 1466 0 0 0 0 
-1300 0 0 -633 -633 0 -1342 0 -2066 
933 0 0 0 0 0 0 0 0 
0 0 0 0 0 0 0 0 0 
0 0 0 -1500 0 0 0 0 0 
320 0 0 0 0 0 400 0 0 
2053 0 0 0 766 0 666 0 0 
-1662 0 0 0 0 0 -900 0 -3400 
-1033 0 0 -1233 0 0 0 0 0 
166 0 0 -33 0 0 0 0 0 
-722 0 0 -733 0 0 700 -1033 -4450 
2325 0 0 1066 0 0 0 0 0 
1920 0 0 3100 3100 0 1400 0 0 
-100 0 0 -2866 -3000 0 -2550 -233 -1066 
525 0 0 0 0 0 0 0 0 
-16 0 0 -138 0 0 266 0 0 
597 0 0 500 0 0 0 0 0 
220 0 833 0 0 0 0 0 0 
-90 1133 0 -1180 0 0 133 0 0 
435 3040 0 -100 0 0 -200 0 -100 
0 0 0 0 0 0 0 0 0 
0 0 0 0 0 0 0 0 0 
0 0 0 0 0 0 0 0 0 
2507 0 0 3661 0 0 0 0 0 
1687 0 0 1166 0 0 0 0 0 
1080 0 0 1033 0 0 -766 0 -166 
2233 4739 900 1514 2022 4054 633 0 0 
1100 0 766 166 0 0 633 0 5142 
-1333 833 0 -466 440 0 -33 0 3666 
4383 0 1466 0 0 0 0 0 0 
0 0 0 0 0 0 0 0 0 
2900 0 0 2066 0 0 0 0 2066 
33 0 0 0 0 0 0 0 0 
0 0 0 0 0 0 0 0 0 
0 0 0 0 0 0 0 0 0 
2895 -500 4860 0 0 0 3560 0 2133 
66 0 0 0 0 0 433 0 0 
169 0 -33 0 0 0 333 0 0 
0 0 0 0 0 0 0 0 0 
0 0 0 0 0 0 0 0 0 
0 0 0 0 0 0 0 0 0 
323 0 0 612 0 0 1500 0 0 
-567 0 0 145 1033 0 1275 0 0 
-52 0 0 1666 0 0 422 0 700 
-404 500 2666 -66 2000 0 0 0 0 
318 -866 0 -453 1200 0 133 0 0 
-687 3909 0 175 0 0 -566 -233 -266 
0 0 0 0 0 0 0 0 0 
0 0 0 0 0 0 0 0 0 
0 0 0 0 0 0 0 0 0 
384 0 0 2739 0 0 566 0 0 
718 0 0 725 833 0 1666 0 0 
171 0 0 1133 1033 0 -857 0 233 
-568 2275 2960 333 4666 0 940 3984 2850 
69 1133 0 266 5261 533 0 366 966 
-1695 2133 533 -400 1120 0 333 -525 1750 
4044 0 0 1000 0 0 0 0 0 
533 0 0 666 2066 733 0 0 0 
33 0 0 0 0 0 0 0 0 
1600 0 0 0 0 0 2566 0 0 
233 0 0 1300 1600 0 0 0 0 
0 0 0 0 0 0 700 0 0 
-133 800 0 0 0 0 633 1400 1866 
0 0 0 0 2700 0 1466 0 0 
-1400 0 0 0 0 0 -1033 0 0 
2433 0 966 0 0 0 2900 0 0 
-266 0 0 0 0 0 0 0 0 
566 0 0 0 0 0 0 0 0 
610 0 0 0 0 0 936 0 0 
-30 0 0 500 66 0 114 0 0 
464 0 0 0 0 0 -790 0 0 
384 0 1866 100 0 0 -566 0 0 
-171 1133 0 -900 1475 0 600 0 0 
416 3377 0 0 0 0 292 -300 -333 
0 0 0 0 0 0 0 0 0 
0 0 0 0 0 0 0 0 0 
0 0 0 0 0 0 0 0 0 
1995 0 0 1975 0 0 1275 0 0 
2228 0 0 700 166 0 933 0 0 
-3050 0 0 0 0 0 -1800 0 0 
300 3971 0 -200 1066 766 0 5266 0 
-380 1533 0 1333 5042 0 1533 766 0 
-866 0 0 0 -1033 0 0 -233 166 
0 0 0 1066 0 0 0 0 0 
0 0 0 1066 0 0 0 0 2900 
0 0 0 0 0 0 0 0 0 
1085 0 0 1733 0 0 3466 0 0 
-60 0 0 900 0 0 0 0 0 
-3175 0 0 0 0 0 -800 0 -466 
1418 5000 0 0 1066 0 3133 500 1866 
933 4300 0 300 4000 0 1466 1900 0 
400 -566 0 0 1066 0 0 0 -900 
5200 0 0 1066 0 0 2900 0 2900 
4066 0 0 1033 0 0 0 0 0 
-1033 0 0 0 0 0 0 0 0 
-1212 0 0 0 0 0 0 0 0 
-675 0 0 92 360 0 0 0 0 
-1045 0 0 0 0 0 -1060 0 0 
-3246 -2833 0 0 0 0 0 0 0 
-3700 -2066 0 -900 266 0 0 0 0 
-1400 0 0 0 0 0 -1766 -966 0 
1211 0 -2762 0 0 0 0 0 0 
646 0 -1375 0 0 -525 0 0 0 
2857 0 -933 0 0 0 -266 0 -366 
-1605 0 0 -2685 0 0 900 0 0 
-1476 0 0 300 0 0 0 0 0 
480 0 0 -1880 0 0 -1050 0 -2266 
-1633 0 0 -2160 -300 0 0 0 0 
-933 0 0 0 0 0 0 0 0 
0 0 0 0 0 0 -800 0 -1933 
-2328 -1466 -3482 433 0 -4827 0 0 0 
-2066 0 -900 -2875 0 -700 0 0 0 
-428 0 -466 -1187 0 -133 0 0 -2585 
2885 0 0 0 0 0 0 0 0 
-166 0 0 0 -1233 0 0 0 0 
-3000 0 0 -1800 -1233 0 0 0 -566 
-4364 -1100 0 0 0 0 -1266 -600 0 
-1050 0 0 0 833 0 0 0 0 
-1300 0 0 -2300 -300 0 -766 -766 -566 
0 0 -4571 0 0 0 0 0 0 
0 0 -433 0 0 0 0 0 0 
-3200 0 -133 0 0 0 0 0 -4760 
-1303 0 0 -1950 0 0 140 0 0 
-367 0 0 -1050 325 -1000 1866 0 0 
-869 0 0 -700 0 0 -683 0 -50 
-1215 233 0 300 0 0 0 0 0 
-175 0 0 75 266 866 900 0 0 
-1555 333 0 0 0 0 0 -966 0 
-600 0 -2711 1120 0 0 0 0 0 
20 0 -650 -380 0 0 966 0 0 
266 0 -1666 -1000 0 -733 -300 0 -285 
-1464 0 0 -2246 0 0 -3963 0 0 
530 0 0 100 1575 0 2200 0 0 
0 0 0 -2088 0 0 -575 0 -2066 
-4644 -1800 0 -1685 0 0 -433 -366 0 
-366 0 0 400 1900 0 0 0 0 
-375 0 0 0 0 0 0 -33 -2525 
-2914 0 -3490 -1166 0 -2988 -1825 0 -1233 
-1163 0 0 1500 1875 1380 0 0 0 
-775 0 -300 866 200 -1000 0 0 -3150 
2111 0 0 0 0 0 0 0 0 
550 0 0 -500 966 0 0 0 0 
-1590 0 0 -33 0 0 -2000 0 -400 
0 0 0 0 0 0 0 0 0 
0 0 0 0 0 0 0 0 0 
33 100 0 -866 -866 0 -1033 0 0 
800 0 -1000 0 0 0 0 0 -833 
0 0 -66 0 0 0 0 0 0 
-1200 0 -866 0 0 0 0 0 -5097 
427 0 0 0 0 0 -1053 0 0 
2070 0 0 -233 -900 0 -675 0 700 
-343 0 0 0 0 0 -335 -166 666 
-860 0 0 0 0 0 -1066 -366 0 
-580 0 0 0 900 0 0 0 0 
-733 0 0 0 0 0 33 0 0 
366 0 -1400 0 0 -300 566 0 -1000 
-600 0 -100 0 0 0 0 0 -33 
50 0 -875 0 0 0 1733 0 866 
-790 0 0 -200 0 0 600 0 0 
-966 0 0 -900 0 0 0 0 0 
75 0 0 0 0 0 -700 0 -900 
0 0 0 -4466 0 0 0 0 0 
0 0 0 0 900 0 0 0 0 
0 0 0 -266 0 0 0 0 0 
233 -1850 -1150 -1066 0 -2400 -300 0 0 
500 0 0 0 0 -1800 0 0 900 
0 0 0 -766 0 0 -433 0 -2580 
100 0 0 0 0 0 66 0 0 
133 0 0 -433 0 0 0 0 0 
-1191 0 0 0 0 0 -850 -966 0 
0 0 0 0 0 0 -1533 0 0 
0 0 0 0 0 0 -700 0 0 
-1500 0 0 0 0 0 0 -466 0 
1933 0 -1900 0 0 0 0 0 -2733 
0 0 0 0 -300 0 0 0 0 
-1466 0 -833 0 0 0 0 -233 -459 
649 0 0 0 0 0 0 0 0 
360 0 0 841 1150 0 -800 0 0 
-10 0 0 0 0 0 646 0 75 
0 0 0 0 0 0 0 0 0 
0 0 0 0 0 0 0 0 0 
466 0 0 0 0 0 0 0 0 
1479 0 0 0 0 0 0 0 0 
1200 0 0 -866 0 0 -1066 0 0 
869 0 0 0 0 0 2566 0 -633 
-800 0 0 0 0 0 0 0 0 
0 0 0 0 0 0 0 0 0 
0 0 0 0 0 0 0 0 0 
0 0 0 0 0 0 0 0 0 
0 0 0 0 0 0 0 0 0 
0 0 0 0 0 0 0 0 0 
-746 0 0 0 0 0 0 0 0 
433 0 0 0 0 0 0 0 0 
0 0 0 0 0 0 -333 0 0 
2443 0 0 0 0 0 0 0 0 
1377 0 0 66 66 0 0 0 0 
2066 0 0 0 0 0 266 0 0 
300 0 0 0 0 0 0 0 0 
0 0 0 0 0 0 0 0 0 
0 0 0 0 0 0 0 0 0 
4800 0 0 0 0 0 966 0 0 
0 0 0 0 66 0 0 0 0 
400 0 0 0 0 0 100 0 0 
-496 0 0 633 0 0 0 0 0 
221 0 0 1315 940 1700 0 0 0 
200 0 0 -1800 0 0 1444 0 -533 
0 0 0 -1133 0 0 0 0 0 
0 0 0 0 0 0 0 0 0 
0 0 0 0 0 0 0 0 0 
131 0 0 0 0 0 -33 0 0 
180 0 0 1720 100 0 833 0 0 
-90 0 0 -33 0 0 320 0 -333 
-966 0 0 -800 0 0 633 0 0 
1853 0 0 1685 4300 1766 533 0 0 
171 0 0 -540 0 0 566 -166 -225 
-375 0 0 -1000 0 0 -2733 0 0 
775 0 0 2683 0 1500 0 0 0 
-666 0 0 0 0 0 0 0 0 
0 0 0 0 0 0 0 0 0 
1200 0 0 1000 3150 0 1866 0 0 
0 0 0 0 0 0 0 0 0 
-900 0 0 233 0 0 1400 0 0 
1260 0 0 875 4836 0 4766 0 0 
433 0 0 0 0 0 2375 0 -1866 
0 0 0 366 0 0 0 0 0 
0 0 0 66 0 0 0 0 0 
0 0 0 0 0 0 0 0 -600 
800 0 0 1066 0 0 1066 0 0 
2466 0 0 3933 2420 1866 2675 0 0 
-33 0 0 -1433 0 0 0 0 -1980 
1100 0 0 300 0 0 2657 0 0 
1371 0 0 1200 3340 -533 3120 0 0 
646 0 0 -33 0 0 1253 1600 -150 
-1775 0 0 0 0 0 0 0 0 
-872 0 0 -300 0 0 0 0 0 
-1266 0 0 0 0 0 400 0 0 
2800 0 0 0 0 0 -111 0 0 
1625 0 0 33 0 0 0 0 866 
-300 0 0 0 0 0 28 -1000 -166 
-800 0 0 -633 0 0 0 0 0 
866 0 0 -100 833 0 0 0 0 
-981 0 0 866 866 0 0 0 0 
0 0 0 -1733 0 0 -1733 0 0 
0 0 0 0 1400 0 0 0 0 
-1733 0 0 0 0 0 0 0 0 
1066 0 0 0 0 0 0 0 0 
1066 0 0 0 0 0 0 0 0 
0 0 0 0 0 0 0 0 0 
1733 0 0 933 0 0 -1233 0 0 
1947 0 0 1180 3368 0 3555 0 366 
-176 0 0 -3075 0 0 792 -800 -3400 
1000 0 0 -1000 0 0 -2133 0 0 
-300 0 0 533 900 0 1166 0 366 
-714 0 0 0 0 0 950 -1033 -2300 
1380 0 0 0 0 0 600 0 0 
2638 0 0 1950 4362 733 2657 0 0 
-1460 0 0 -2914 -1066 0 3900 0 -466 
1780 0 0 0 0 0 0 0 0 
792 0 0 1311 600 0 0 0 0 
192 0 0 466 0 0 1125 0 0 
552 3767 0 0 0 0 0 0 0 
1600 -333 0 400 -133 0 0 0 0 
54 2980 0 0 0 0 966 0 0 
3837 0 1466 0 0 0 0 0 0 
1236 0 0 133 0 0 0 0 0 
1428 0 0 0 0 0 0 0 0 
-3700 0 0 0 0 0 0 0 0 
3191 0 0 833 0 0 3366 0 2320 
300 0 0 0 0 0 -500 0 0 
0 4566 0 0 4716 0 0 0 0 
3600 -400 0 633 4957 0 0 0 0 
0 0 0 0 0 0 0 0 0 
4560 0 0 4458 0 0 0 0 0 
960 0 0 0 0 0 966 0 0 
0 0 0 0 0 0 0 0 0 
2601 0 0 0 0 0 3228 0 0 
550 0 0 166 1966 0 1533 0 0 
2047 0 0 0 0 0 2266 0 -333 
2232 3858 0 0 0 0 1200 4962 0 
-200 0 0 333 2425 0 2200 366 0 
1125 0 0 0 0 0 933 4828 1066 
1933 0 0 0 0 0 1900 0 966 
-1066 0 0 0 1833 0 0 0 0 
933 0 0 0 0 0 100 0 466 
-207 0 0 -1362 0 0 0 0 0 
281 0 0 1433 0 0 0 0 0 
800 0 0 433 0 0 800 0 -200 
-760 1100 0 -666 1257 0 0 0 0 
-1066 1966 0 -366 0 0 0 0 0 
133 1066 0 0 -700 0 0 366 0 
415 0 0 -1500 0 0 -33 0 0 
1292 0 133 25 0 0 0 0 0 
133 0 0 -933 0 0 0 0 0 
-700 0 0 325 0 0 0 0 0 
2726 0 0 2314 5085 0 0 0 0 
433 0 0 0 0 0 100 0 -66 
-100 0 0 0 4600 0 100 0 0 
1066 733 0 966 3123 900 0 733 0 
0 0 0 0 0 0 -833 0 -833 
0 0 0 4600 0 0 0 0 0 
800 0 0 0 1000 0 0 0 0 
0 0 0 0 0 0 0 0 0 
1369 0 0 0 0 0 1942 0 0 
-333 0 0 1800 1975 0 1600 0 0 
300 0 0 0 0 0 0 0 0 
966 33 0 0 600 0 0 780 0 
0 0 0 0 4240 0 0 0 0 
0 166 0 0 633 0 0 0 0 
0 0 0 1066 0 0 3740 0 0 
-1066 0 0 -700 2066 0 0 0 0 
0 0 0 1066 0 0 0 0 -2566 
1328 0 0 -850 0 0 2506 0 0 
1327 0 0 1072 2475 0 2145 0 1800 
-18 0 0 -300 0 0 1204 900 -366 
-580 4031 0 -666 -33 0 0 -400 0 
-720 2314 0 -700 1566 0 0 1050 0 
140 400 0 0 233 0 -350 220 0 
2000 0 0 -200 0 0 -1633 0 0 
1366 0 0 166 900 0 0 0 0 
700 0 0 0 0 0 657 0 0 
100 0 0 0 0 0 0 0 0 
2034 0 0 350 633 0 2020 0 0 
266 0 0 0 0 0 633 0 0 
966 433 0 0 5171 0 0 0 0 
3345 250 0 0 4351 0 900 0 0 
-900 0 0 -1066 0 0 0 0 -166 
0 0 0 0 0 0 0 0 0 
3028 0 0 0 0 733 1666 0 0 
0 0 0 0 0 0 0 0 0 
2000 0 0 -750 0 0 2211 0 0 
569 0 0 3400 3625 0 4000 0 0 
650 0 0 33 0 0 200 -800 -466 
1211 3755 0 400 1900 0 633 3611 0 
-533 3353 0 333 3672 0 1466 4166 0 
907 -1133 0 966 -1233 0 1050 444 0 
2575 0 0 2700 0 0 5236 0 0 
-275 0 133 633 4044 0 2340 0 0 
-800 0 0 0 0 0 1433 -800 -533 
-380 0 0 0 0 0 0 0 0 
400 0 0 -161 0 0 600 0 0 
549 0 0 0 0 0 847 600 -266 
900 0 0 0 0 0 0 0 0 
900 0 0 0 0 0 0 0 0 
0 0 0 0 0 0 0 0 0 
-104 525 -1371 0 0 0 0 0 0 
441 0 -666 -2036 -233 0 -1066 0 0 
-513 -66 -100 0 0 0 -800 0 0 
-400 0 0 -400 0 0 0 0 0 
0 0 0 600 0 0 0 0 0 
0 0 0 0 0 0 0 0 0 
0 0 0 0 0 0 0 0 0 
0 0 0 0 0 0 0 0 0 
0 0 0 0 0 0 0 0 0 
-80 1428 -1066 -3054 0 -766 0 0 0 
-2720 0 0 -2520 0 -733 0 0 0 
850 0 0 0 0 0 -166 0 -333 
-2008 0 0 0 0 0 -2200 0 0 
-1007 0 0 -266 766 0 -400 0 0 
-1023 0 0 0 0 0 -600 0 0 
-5075 -1866 0 0 0 0 0 0 0 
0 0 0 0 0 0 0 0 0 
0 0 0 0 0 0 0 0 0 
945 666 -2781 0 0 0 -3520 -375 -866 
-350 0 0 -166 -1980 -566 -2720 0 -533 
1581 200 1000 0 0 0 -900 0 0 
-363 0 0 -805 0 0 0 0 0 
405 0 0 812 0 1866 0 0 0 
-186 0 0 -900 0 0 200 0 66 
0 0 0 0 0 0 0 0 0 
0 0 0 0 0 0 0 0 0 
-333 0 0 0 0 0 0 0 0 
-1036 -4444 -1566 169 -466 -333 400 0 0 
153 -33 0 1291 -800 0 0 0 0 
-870 0 -100 0 0 0 -57 0 -100 
728 0 0 2100 0 0 0 0 0 
-60 0 0 733 333 0 0 0 0 
833 0 0 0 0 0 -100 0 0 
-4371 -833 0 -566 0 0 -2133 0 0 
0 0 0 0 600 0 0 0 0 
0 0 0 0 0 0 0 0 0 
-1040 0 -5857 -2000 -1066 -2833 0 0 -2133 
-433 0 0 -333 233 -733 0 0 0 
0 0 0 -166 0 -933 0 0 -975 
-2065 0 0 666 0 0 -1700 0 0 
-1088 0 0 -120 -533 0 0 0 0 
-109 0 0 -766 0 0 -960 0 50 
0 0 0 0 0 0 0 0 0 
0 0 0 0 0 0 0 0 0 
-333 0 0 0 0 0 0 0 0 
-1366 0 -1380 -466 0 -3166 -4444 -733 -5044 
-225 -33 0 733 2500 -1033 0 0 -166 
-2844 200 0 0 -1066 0 0 0 -6333 
326 0 0 -1300 0 0 300 0 0 
365 0 0 355 1633 0 775 0 0 
280 0 0 -33 0 0 625 -33 -333 
0 -966 0 0 0 0 0 0 0 
-566 0 0 0 0 0 0 0 0 
266 133 0 0 0 0 0 0 0 
785 -1927 -1000 0 0 0 66 0 0 
847 0 550 -25 1033 233 -1000 0 0 
529 0 400 0 0 0 1052 0 433 
-1400 0 0 -2133 0 0 0 0 0 
-433 0 0 0 0 0 0 0 0 
-1566 0 0 -266 0 0 0 0 0 
-566 0 0 0 0 0 0 0 0 
0 0 0 0 833 0 0 0 0 
-66 0 0 0 0 0 0 0 0 
-866 0 0 0 0 -1000 0 0 0 
-766 0 0 866 2066 0 0 0 0 
-200 0 0 866 0 -933 0 0 -2525 
-395 0 0 500 0 0 -1905 0 0 
671 0 0 -100 1833 0 -633 0 -666 
-166 0 0 -766 0 0 -186 -33 -700 
-3233 0 0 0 0 0 0 -1800 0 
-966 0 0 0 666 0 0 0 0 
33 0 0 0 0 0 -1033 0 0 
-466 666 -2133 2260 0 -1766 1333 -1850 -3800 
1638 0 -733 2650 1837 -1800 1000 0 -3828 
-266 0 -33 0 0 -866 -714 -3000 -4614 
-1167 0 0 0 0 0 0 0 0 
-925 0 0 -873 -389 -400 -1600 0 0 
-1008 0 0 -1766 0 0 -1123 300 -1262 
0 0 0 0 0 0 0 0 0 
0 0 0 0 0 0 0 0 0 
0 0 0 0 0 0 0 0 0 
0 0 0 0 0 0 0 0 0 
0 0 0 0 0 0 0 0 0 
0 0 0 0 0 0 0 0 0 
-485 1310 0 0 0 0 0 0 0 
-35 1059 0 -300 2708 -400 0 133 0 
-555 1135 666 166 0 0 -987 733 47 
0 0 0 0 0 0 0 0 0 
0 0 0 0 0 0 0 0 0 
0 0 0 0 0 0 0 0 0 
0 0 0 0 0 0 0 0 0 
0 0 0 0 0 0 0 0 0 
0 0 0 0 0 0 0 0 0 
33 0 -650 0 0 0 0 0 0 
1275 0 -428 1375 2039 0 0 0 0 
1000 0 -800 0 0 0 -200 0 -866 
0 0 0 0 0 0 0 0 0 
0 0 0 0 0 0 0 0 0 
0 0 0 0 0 0 0 0 0 
0 0 0 0 0 0 0 0 0 
0 0 0 0 0 0 0 0 0 
0 0 0 0 0 0 0 0 0 
-908 0 0 -1157 0 0 975 0 0 
-699 0 0 -525 159 -1012 339 0 468 
-1034 0 0 -2728 -3500 0 -405 1233 -2233 
0 0 0 0 0 0 0 0 0 
0 0 0 0 0 0 0 0 0 
0 0 0 0 0 0 0 0 0 
0 0 0 0 0 0 0 0 0 
0 0 0 0 0 0 0 0 0 
0 0 0 0 0 0 0 0 0 
-463 412 -66 -864 827 0 -477 1400 -600 
0 139 1925 35 1409 806 1849 -566 3177 
-266 -635 -800 -842 -448 -666 -1478 -1614 -1031 
-733 0 -3828 -1000 0 0 0 -300 1066 
-430 -200 933 1824 2041 3200 2266 0 422 
60 300 -4333 -1000 0 0 -1739 -675 -3210 
-966 -1033 0 -2133 0 0 0 2066 0 
-200 -300 0 633 4702 0 0 0 0 
666 0 0 66 733 0 454 -1966 466 
1125 0 -1783 -833 0 -2727 0 0 -1976 
448 0 -639 1995 1739 1555 1244 0 -527 
677 733 -1856 -800 0 933 1482 0 -1946 
0 0 0 0 0 0 0 0 0 
0 0 0 0 0 3820 0 0 66 
0 0 -3000 0 0 0 0 0 -360 
0 0 -200 0 940 466 0 0 0 
2000 -266 -175 2320 -317 1700 2200 0 2300 
-166 0 -600 0 0 0 0 0 -2872 
-13 0 0 -1100 0 0 -170 0 0 
518 0 0 -342 820 933 942 0 466 
-262 0 0 -2176 0 0 -759 -921 68 
0 0 0 0 0 0 0 0 0 
0 0 0 0 0 0 0 0 0 
0 0 0 0 0 0 0 0 0 
0 0 0 0 0 0 0 0 0 
0 0 0 0 0 0 0 0 0 
0 0 0 0 0 0 0 0 0 
-119 1090 0 0 967 0 -882 963 0 
1032 830 0 -284 1390 0 2330 376 0 
-186 496 -100 -1558 -1500 0 -1214 -212 -1504 
0 0 0 0 0 0 0 0 -1133 
-966 0 0 0 2022 0 0 -166 0 
900 0 -66 0 0 0 -2590 11 -1166 
0 657 0 0 1800 0 0 2266 0 
0 -575 0 0 3297 0 0 0 0 
0 -688 0 0 -2480 0 0 -3192 0 
966 0 -1475 -2850 0 -2000 1336 0 -1788 
-94 0 657 1403 1357 2053 875 0 -1600 
242 0 -938 -1950 0 0 -359 -640 -1476 
0 0 0 0 0 0 0 0 0 
0 0 100 0 0 -33 0 0 700 
0 0 0 0 0 0 0 0 -3142 
-140 666 1000 900 -666 0 700 1900 0 
-120 -200 -566 1091 2142 1350 4000 -444 1075 
-669 620 0 -2133 -2969 0 -2320 -251 -2445 
-893 0 0 0 0 0 0 0 0 
-734 0 0 -779 -1200 -566 -300 0 0 
-794 0 0 -1966 0 0 -742 233 -1907 
-707 -545 0 0 0 0 0 0 0 
-264 -120 200 -288 300 0 -500 0 0 
-565 -577 -333 1066 0 0 -1066 366 -166 
-2100 0 0 0 0 0 0 0 0 
-500 0 0 -466 0 0 0 0 0 
-1166 0 0 0 0 0 0 0 -466 
-676 511 -666 0 0 0 0 0 0 
-180 174 -800 1333 2023 -566 -333 0 0 
57 -211 0 -166 0 0 -1129 600 -900 
6 200 0 0 0 0 0 0 0 
-528 646 0 66 -120 0 0 0 0 
0 628 0 0 0 0 -333 1600 0 
533 0 0 0 0 0 0 0 0 
0 0 0 0 0 0 0 0 0 
0 0 0 0 0 0 0 0 0 
287 0 233 0 0 0 0 0 0 
533 0 0 -400 0 0 0 0 0 
400 0 -266 0 0 0 166 0 0 
0 733 -366 0 0 0 0 0 0 
66 0 0 -133 2800 -166 0 0 0 
233 6088 0 0 0 0 0 0 -166 
0 0 0 0 0 0 0 0 0 
0 0 0 0 0 0 0 0 0 
0 0 0 0 0 0 0 0 0 
-484 0 0 -1141 0 0 800 0 0 
-433 0 0 -446 142 -1450 723 0 33 
-735 0 0 -1621 -33 0 -136 360 -1427 
-676 -1019 -133 -800 300 0 0 0 0 
-415 -750 -60 -68 1215 -288 680 0 -66 
-277 -581 -500 254 0 666 180 -266 -674 
-2200 0 0 -433 0 0 0 0 0 
-1232 0 0 -366 0 0 0 0 0 
85 0 0 33 0 0 -166 0 -466 
-674 713 200 -550 1188 733 -887 0 0 
252 514 -293 -149 794 1561 -125 240 145 
-156 900 -466 -873 -325 0 -605 -114 -314 
-723 1616 1371 -200 1533 0 -1050 2833 2377 
352 292 -325 309 1985 2226 -946 850 2872 
-164 457 -160 -742 425 -66 -178 615 -1768 
0 0 0 0 0 0 0 0 0 
-433 0 0 633 2016 819 166 0 0 
1466 233 0 0 233 0 -1175 0 -133 
668 0 -576 250 0 -350 -66 0 233 
-92 0 -450 1236 -466 -314 633 0 0 
429 0 -750 0 0 0 666 0 -1021 
-166 0 0 0 2833 0 0 0 0 
0 33 0 0 4533 0 0 0 0 
0 0 0 0 0 0 466 0 333 
0 0 300 0 288 0 0 0 0 
0 0 0 1000 -964 566 0 0 0 
0 0 -600 0 1000 0 0 0 -2766 
160 0 0 0 0 0 -9 0 0 
143 0 0 -124 487 66 38 0 233 
-65 0 0 -366 -533 0 -358 -285 -14 
248 1400 0 0 0 0 110 675 0 
695 0 0 -556 300 0 300 400 0 
416 -311 -66 0 0 0 67 -233 272 
0 0 0 0 0 0 0 0 0 
-133 0 0 0 -166 0 0 0 0 
133 0 0 0 0 0 450 -366 0 
320 530 0 0 -300 0 350 418 0 
120 96 0 893 766 2800 623 392 -666 
77 463 0 -575 683 0 -18 207 -1457 
-385 1406 0 0 1266 0 -1773 0 -66 
240 816 0 100 2076 933 33 -433 -300 
153 -345 -100 -133 -2571 0 -569 -1443 -575 
0 0 0 0 0 0 0 0 0 
-380 0 200 0 0 866 0 0 666 
533 0 0 0 0 0 -800 0 0 
1083 0 -533 -1633 0 0 154 0 900 
548 0 0 476 -160 -228 -555 0 0 
650 0 -714 33 0 0 -367 33 -904 
-66 1188 0 -333 500 0 0 975 0 
83 500 0 -633 1470 0 0 0 0 
760 1200 0 0 -1050 0 366 -1713 -1555 
0 496 -200 0 -866 733 0 1880 66 
236 -755 -933 400 755 400 33 225 100 
50 400 233 0 166 0 -1138 -144 -1521 
-1088 0 0 0 0 0 0 0 0 
-839 0 0 -672 285 0 -866 0 0 
-667 0 0 -1100 0 0 -724 400 -2000 
-1257 0 0 0 0 0 0 0 0 
200 0 0 200 0 0 0 0 0 
660 0 0 0 0 0 0 0 0 
-1198 -1133 -2325 0 0 0 0 0 0 
-807 0 -1185 -1324 -166 -1285 0 0 0 
-707 -1066 -1850 -1600 0 0 -1409 0 -1833 
-798 251 200 0 0 0 0 0 0 
80 700 600 -133 1030 0 0 0 0 
-205 -1769 0 0 0 0 162 400 -433 
0 0 0 0 0 0 0 0 0 
0 900 0 0 0 0 0 0 0 
266 0 0 0 0 0 0 0 0 
-895 325 819 0 0 0 0 0 0 
-1043 20 -625 100 600 100 0 0 0 
1040 766 -133 0 0 0 420 0 -300 
1525 0 -600 0 0 0 0 0 0 
1483 0 -66 -133 4766 100 0 0 0 
-273 1711 -333 0 0 -533 1733 833 200 
0 0 0 0 0 0 0 0 0 
0 0 0 0 0 0 0 0 0 
0 0 166 0 0 0 0 0 0 
300 0 -500 0 0 0 0 0 0 
0 0 0 -400 0 0 0 0 0 
-100 0 -66 0 0 0 0 0 -400 
-696 0 0 -559 0 0 933 0 0 
-491 0 0 -317 323 -919 263 0 511 
-479 0 0 -1637 -900 0 -58 -100 -814 
36 0 0 333 0 0 0 0 0 
-483 600 0 333 0 0 -133 0 0 
-950 0 0 0 0 0 -100 0 66 
-578 900 -1305 -1073 0 380 -66 0 0 
-290 -950 -882 -208 32 -200 561 0 -571 
-508 666 -377 -1454 -366 120 -37 233 -1054 
-530 514 -700 -229 981 -400 -200 940 0 
-30 328 866 -281 1125 919 273 0 240 
-259 47 -66 -571 -709 0 -305 -929 -378 
-200 -133 -680 0 0 0 0 -66 0 
1200 133 333 1216 1772 -650 0 0 -114 
0 -200 0 300 0 533 -1647 -400 -610 
-2063 1283 -2993 -1950 -525 -1000 -500 0 0 
-425 75 60 -484 1989 892 -366 0 -783 
-1146 -200 -166 -425 0 566 -425 -488 -1621 
524 600 -754 260 0 -450 0 0 -2466 
424 0 -243 825 1410 625 366 0 -200 
298 1117 -725 323 -377 500 -815 -2800 -410 
0 0 0 0 0 0 0 0 0 
0 0 0 0 0 0 0 0 0 
100 0 0 0 0 0 825 -1533 0 
720 0 -2100 0 633 500 0 0 0 
600 700 -620 1072 217 1557 0 0 66 
-540 0 -3163 0 600 0 -100 -966 -3152 
115 0 0 -266 0 0 -240 0 0 
495 0 0 -102 576 -133 359 0 -275 
60 0 0 -940 -866 0 -242 120 353 
900 0 0 0 0 0 -66 0 0 
0 0 0 0 0 0 766 0 0 
300 0 0 0 0 0 -1100 0 0 
-136 -400 -666 0 0 0 147 0 -1171 
512 0 800 -75 365 0 -178 0 -860 
-104 -200 -255 0 0 0 21 -133 -370 
209 1287 0 0 1340 0 -630 765 0 
775 205 0 -228 945 0 -66 71 0 
38 -244 0 -600 220 0 -172 143 -1885 
0 0 0 0 0 0 0 0 -1700 
0 0 0 0 1466 0 0 333 0 
0 0 0 0 0 0 133 -1350 466 
0 -771 -233 0 0 0 1733 919 -3861 
0 -260 0 0 1214 600 0 200 0 
-1833 -555 -100 0 -133 0 -1709 200 -100 
1715 0 -500 166 0 0 1428 0 -1350 
-197 0 600 1090 2000 563 154 0 -1725 
-138 631 -850 -633 560 0 -63 -552 -1691 
0 0 0 0 0 0 0 0 0 
0 0 0 0 0 0 766 0 0 
0 -133 166 0 0 0 0 -377 -1225 
786 708 -733 0 880 733 133 550 0 
84 -125 333 192 1198 975 175 -100 980 
312 15 -466 -1066 -1483 -166 710 -1385 -2035 
-874 0 0 0 0 0 0 0 0 
-449 0 0 -594 -260 380 -2076 0 0 
-730 0 0 -1307 0 0 -620 -1533 -804 
-1322 0 0 0 0 0 0 0 0 
-485 0 0 -1588 133 -366 -166 0 0 
-983 0 0 400 0 0 -1140 0 -1666 
1400 0 0 0 0 0 0 0 0 
300 0 0 0 0 0 0 0 0 
-566 0 0 0 0 0 -166 0 1866 
-904 763 0 0 -933 340 0 -900 0 
-725 750 0 -511 295 -828 0 0 0 
-314 116 -466 966 0 -1566 -626 577 1028 
-646 862 0 0 0 0 0 0 0 
-850 -126 0 -600 900 66 1000 433 0 
-588 478 0 0 0 -100 -1733 150 -733 
-180 720 0 0 0 -433 0 0 0 
-707 33 500 -1333 0 -333 1033 0 0 
-245 -1433 466 -333 0 -733 933 0 -240 
679 0 -993 0 0 0 0 0 0 
416 400 -1733 0 0 0 -300 0 133 
780 266 -360 0 0 0 -254 0 -1080 
675 0 -1688 0 0 0 0 900 0 
375 0 -2514 0 -1133 0 0 1254 0 
-266 0 66 0 0 0 -66 646 -2914 
0 0 -800 0 0 0 0 0 0 
0 0 -400 0 0 0 0 0 0 
0 0 0 0 0 0 0 0 0 
-670 0 0 -729 0 0 -90 0 0 
-524 0 0 -302 -22 -532 -162 0 -631 
-677 0 0 -1310 -1271 0 -330 -847 -1623 
-771 0 0 -202 0 0 -500 0 0 
-328 0 0 -272 340 -320 450 0 529 
-523 0 0 -674 -1433 0 -241 0 -944 
-189 0 0 169 0 0 846 0 0 
264 0 0 182 52 -520 750 0 -200 
-96 0 0 -688 0 0 535 -1500 -931 
-866 513 220 -695 326 -437 -1280 -223 0 
-440 -79 865 -360 1037 399 326 485 1386 
-332 -259 -263 -733 -280 -322 -940 -498 -817 
-561 -463 -946 -695 937 -1415 -457 1260 -375 
-283 -12 -110 -225 1139 233 720 128 -205 
-179 105 -353 -473 3 -469 -351 -115 -1232 
-225 21 3100 1245 1569 100 -581 -600 0 
-430 -395 -380 -428 1156 -147 406 33 1400 
-160 263 133 134 -553 -400 -264 225 -793 
286 -733 -570 -866 0 -1075 624 5057 -1372 
77 -125 -485 556 1821 -13 618 585 -465 
302 0 -1002 0 0 -433 145 230 -1303 
66 0 0 0 0 266 0 0 0 
-1464 0 -1647 -533 1066 1400 0 133 -1850 
33 0 -1111 0 0 0 -2100 -166 -1186 
312 -133 -1828 0 0 0 0 0 -400 
228 87 -488 2570 1207 1814 1631 1083 -538 
112 -33 -292 0 1033 -866 1628 -325 -1582 
-29 0 0 -580 0 0 -226 0 0 
-399 0 0 -666 158 -550 84 0 -366 
-119 0 0 -1039 -66 0 -462 -411 -704 
135 0 0 122 0 0 -9 0 0 
62 0 0 35 806 -533 374 0 450 
-60 0 0 -500 100 0 -45 -86 -7 
650 0 0 0 0 0 871 0 0 
0 0 0 -1166 816 0 937 0 0 
97 0 0 433 0 0 -102 -366 18 
-108 851 857 -600 -88 -2000 -464 282 0 
-186 -18 200 -501 431 288 151 -415 -333 
-152 -18 360 -840 -517 -292 -1176 -530 -1517 
14 420 350 -457 -15 0 -542 1169 -2766 
-174 205 100 -357 647 -1028 166 654 200 
244 300 485 323 -468 -480 -1106 -444 -1840 
-128 944 -466 0 3175 -33 825 -75 0 
618 331 0 1152 781 1250 -650 -900 0 
145 412 133 -422 -968 0 -1129 -919 -647 
516 0 -804 -400 0 0 796 0 -1143 
-15 -300 -250 595 -266 -200 568 555 -1436 
-234 0 -370 -1250 -100 0 -273 263 -1356 
266 0 -850 600 0 -133 833 1514 -500 
82 0 -525 1080 645 -766 280 384 -1381 
1044 0 -572 0 -100 0 733 -218 -1981 
2053 1955 -166 -66 0 0 866 475 -3066 
-69 900 900 9 1182 626 623 600 -33 
-14 1700 -16 -1166 -125 -953 -954 -371 -2734 
-662 0 0 0 0 0 0 0 0 
-475 0 0 -410 -297 -1266 526 0 0 
-557 0 0 -866 -300 0 -666 -466 -1330 
-551 366 -592 0 0 0 0 0 0 
-336 -444 -581 -542 412 -1833 -1771 0 -233 
-359 436 -210 -860 -333 -233 -359 362 -1064 
489 0 853 0 0 0 0 0 0 
314 0 1105 -456 0 560 466 0 0 
46 0 -28 33 0 0 1300 0 288 
-20 -119 457 423 -833 -2233 0 -900 0 
-533 47 -800 5 0 -371 -100 -33 0 
-227 270 -533 1018 -833 1000 -1000 -1436 -225 
-256 1287 131 1678 888 419 -500 4747 0 
-194 918 1081 560 1964 509 -66 1953 1150 
-500 892 -77 -1100 1412 520 -320 1116 1284 
2365 450 3200 1642 0 1046 1833 0 0 
441 800 666 2566 1325 320 466 0 -600 
882 0 0 0 0 -2220 1300 0 1155 
279 -533 290 0 0 -233 1533 0 0 
506 0 33 333 0 -66 0 0 0 
359 0 -429 0 0 0 187 2166 -200 
1777 980 943 0 0 3044 3727 2780 1675 
869 -266 760 0 2066 -166 1200 -288 500 
819 1485 1206 0 0 0 1300 619 108 
1366 0 -248 0 0 0 1000 33 366 
0 0 0 0 0 0 0 0 0 
330 0 -828 0 0 0 375 0 300 
-519 0 0 -382 0 0 80 0 0 
-353 0 0 -209 -185 -633 54 0 83 
-442 0 0 -678 -768 0 -211 182 -1078 
-415 -12 -1273 -308 202 -628 358 968 300 
-242 -206 -506 -115 229 -269 269 -400 296 
-241 237 -553 -634 192 -284 44 82 -697 
-150 0 -81 496 0 406 325 0 -584 
76 0 45 420 529 191 357 0 277 
108 0 -174 163 -100 792 194 33 -627 
-533 -359 -368 -150 -200 -231 -495 -202 133 
-362 -313 -267 -240 133 82 -169 6 -33 
-402 -257 122 -342 -275 -190 -425 -455 -810 
-471 919 418 -138 1081 443 -532 1320 438 
-241 171 -4 -218 2167 375 325 641 231 
-136 258 77 -241 1445 452 -404 525 -101 
368 1005 1420 1358 27 -216 508 -800 -150 
-172 -280 84 374 546 338 685 466 457 
203 -173 254 539 324 391 30 -193 -388 
-97 33 -825 88 0 -923 66 533 -576 
-72 0 -508 1138 529 -304 392 990 -200 
-56 -700 -52 33 0 -644 65 592 -1106 
1034 594 -69 -566 860 -133 1007 1600 903 
909 660 9 1945 1516 -148 1880 564 562 
1150 1720 37 -520 1106 -466 1560 608 -222 
713 595 -250 133 500 -176 2107 1128 771 
442 569 811 2640 542 133 1466 180 557 
794 176 -207 333 688 -626 1184 576 -1071 
158 0 0 -356 0 0 -82 0 0 
54 0 0 -89 125 -186 73 0 139 
54 0 0 -500 47 0 -223 -163 -305 
378 921 588 -40 633 -66 99 316 -146 
1 230 242 215 579 -400 613 75 393 
151 649 288 -86 -105 0 -4 63 -54 
466 0 435 1654 0 0 257 0 470 
364 0 393 364 -600 -94 614 0 483 
417 0 546 -1051 0 0 136 -375 -18 
362 49 216 -205 1223 -900 318 -215 1771 
-1 130 9 132 -56 31 541 -388 -264 
20 45 385 -390 -617 -897 -679 -465 -725 
374 1600 922 206 2127 90 -114 1949 561 
1 587 492 54 1632 -68 1545 767 170 
268 973 249 98 1359 1090 -624 534 -350 
2540 0 2450 3171 740 -150 2764 -275 933 
147 0 -287 101 688 145 1153 233 -74 
968 -133 1816 925 347 700 -53 -113 -234 
446 0 47 750 0 950 273 1288 -740 
67 0 400 268 -35 814 49 0 -224 
335 933 67 -333 -1250 -1018 155 -47 -1017 
1781 1186 697 3052 1717 1200 1591 1764 756 
873 1106 855 1965 1855 594 1403 500 -234 
947 1356 770 -1053 554 166 839 207 -91 
1291 528 42 2073 2950 957 1467 1767 880 
324 1208 632 2805 242 110 2000 -552 -348 
268 207 397 -2020 -163 -45 381 -643 -979 
-1057 0 0 0 0 0 0 0 0 
-769 0 0 -239 -42 0 -1771 0 0 
-556 0 0 420 0 0 -629 400 -636 
-2526 -3514 0 0 0 0 0 0 0 
-568 -533 0 257 33 -33 0 0 0 
-1058 0 0 233 0 0 -1933 0 566 
-276 -1633 -2001 0 0 0 0 0 0 
-133 0 -1443 -571 -725 -529 1333 0 0 
-304 0 -974 -1000 0 0 -376 -100 -739 
-417 -1232 -333 466 -833 -1200 1566 -200 0 
-332 533 -919 34 600 -1666 -33 0 0 
34 -52 0 -112 -66 1514 -259 400 -400 
-1691 -971 -200 -1000 0 0 0 -600 0 
-210 0 -366 -100 1552 -266 0 -200 0 
-819 -600 0 300 0 0 -960 0 -1266 
-1462 -1208 -755 -2378 -533 -2385 1650 366 0 
-632 -876 -302 -436 -354 -1529 -466 0 0 
-595 -769 -42 -1627 600 -1292 -767 -583 -1246 
-184 0 -1431 0 0 0 200 0 0 
764 0 -60 -133 0 0 0 0 0 
248 1825 762 -133 0 -500 362 866 766 
-900 0 -2571 0 0 0 300 66 -366 
-1200 0 -466 0 0 0 0 -525 -200 
720 844 -377 -800 0 0 -33 254 -660 
496 0 -1728 0 0 -1160 0 0 -1345 
628 0 -1054 0 -433 0 0 0 -860 
-386 152 -1224 500 -433 0 771 -200 -2388 
-697 0 0 -505 0 0 6 0 0 
-429 0 0 -237 -11 -206 63 0 243 
-276 0 0 -469 150 0 -151 125 -905 
-1591 -2446 0 -400 -1350 0 -476 0 0 
-672 -984 0 -325 111 -180 -44 0 329 
-724 -542 0 -600 85 0 -484 -215 -265 
-377 -692 -1698 -343 -666 -787 257 0 -855 
-235 29 -1051 100 -22 -563 138 33 -493 
-136 42 -783 -800 500 -176 -87 420 -1320 
-412 -336 174 -251 39 -219 -169 90 20 
-391 -304 -300 -107 352 89 257 88 -175 
-166 -181 -19 -211 -79 -310 -59 -7 -424 
-1055 -114 -258 -717 -128 -714 -715 -989 -210 
-328 -203 -369 -168 1515 567 306 581 417 
-61 -181 -455 -246 337 500 -473 224 -97 
-948 -645 -1096 -213 -217 -1401 -316 91 -695 
-428 -413 -974 -397 402 -139 -5 -337 -419 
-141 -21 -516 -666 300 -162 -782 -317 -831 
-236 0 -1061 -166 0 -755 512 -200 -1350 
97 0 -346 1002 390 150 688 31 111 
344 -295 -225 200 -66 0 140 -277 -564 
-200 0 2633 0 0 0 0 300 0 
0 -166 -491 -533 1044 0 -500 2050 -351 
614 33 -466 -166 300 0 366 -457 -905 
831 395 -1458 266 -440 -2695 1425 380 -1520 
327 166 -1029 992 593 -275 747 966 -1019 
265 751 -680 -400 -554 -224 853 -483 -1555 
370 0 0 -233 0 0 -188 0 0 
68 0 0 -509 247 -566 -18 0 -100 
116 0 0 -400 500 0 -32 158 -25 
-5 1575 0 -433 0 0 -334 342 0 
-514 -633 0 -898 577 -366 -568 -625 -725 
-91 709 0 -271 -850 0 -545 -615 46 
359 155 -388 0 0 -500 99 -740 -1004 
153 0 -630 151 333 -769 163 766 -811 
186 438 -152 -1127 533 542 -95 477 -679 
473 428 600 -88 360 -366 173 -103 -166 
130 253 366 -63 138 723 124 -437 -150 
258 380 58 -85 -164 171 -280 -16 -471 
-47 911 -216 47 -800 -266 75 0 -600 
-288 331 0 -172 815 -541 363 728 -936 
235 517 66 -800 577 966 -1081 110 -778 
214 615 310 381 91 -62 -528 -348 -261 
-45 -184 -81 -233 740 -155 292 -973 -607 
110 189 209 -513 166 -313 -967 -2 -1230 
563 0 -751 -133 0 -1666 834 0 -100 
305 100 -525 312 1854 -600 125 0 -587 
662 205 -516 -331 -200 -866 178 -176 -888 
1066 0 -96 0 0 0 -100 860 120 
-130 0 685 260 129 2413 -1100 575 -296 
41 982 254 -428 114 0 305 502 -332 
536 33 -601 -57 -523 -1421 411 1630 -1345 
-287 75 -312 435 204 -724 -91 -748 -994 
300 717 267 818 -71 -630 279 -242 -1534 
104 0 0 0 0 0 0 0 0 
245 0 0 278 1911 100 533 0 0 
-20 0 0 1066 0 0 -375 500 200 
0 0 0 0 0 0 0 0 0 
-33 0 0 0 0 0 0 0 0 
466 0 0 0 0 0 0 0 0 
-139 0 0 0 0 0 0 0 0 
212 0 0 -554 740 0 -566 0 0 
-131 0 0 -333 0 0 410 -1266 375 
46 793 0 0 0 0 0 -1080 0 
508 355 0 100 415 0 533 0 0 
32 430 0 1000 0 0 -260 -283 0 
0 1546 0 0 0 0 0 0 0 
66 446 0 0 433 0 0 0 0 
0 1263 0 0 0 0 0 566 0 
40 1514 766 0 -200 766 0 0 0 
-253 882 0 140 44 -1233 0 0 0 
163 418 0 0 -366 -725 -333 0 -66 
431 0 -1773 0 0 0 -1844 2046 0 
226 0 2342 -33 1292 100 -3100 900 -1033 
438 0 -537 0 0 0 -236 552 -600 
475 0 0 0 0 0 0 2566 0 
-100 0 133 0 -133 0 0 300 0 
1066 0 0 0 0 0 0 180 0 
611 0 -3154 0 0 0 266 3688 0 
265 0 -1500 0 2566 0 -33 2600 33 
-400 0 -1436 0 0 0 -166 366 -33 
100 0 0 131 0 0 1440 0 0 
172 0 0 321 794 182 658 0 1076 
179 0 0 -69 150 0 377 1300 -175 
400 0 0 46 0 0 0 0 0 
56 0 0 -138 -500 0 566 0 0 
166 0 0 -1141 0 0 440 200 -580 
-152 0 0 -111 0 0 400 0 0 
26 0 0 86 100 -937 293 0 241 
-86 0 0 -480 -650 0 99 -275 -1159 
-147 760 2090 -140 627 3450 82 -200 700 
381 157 222 375 1515 1806 1697 300 1233 
452 228 222 -150 275 114 197 161 242 
147 -435 -366 -418 600 -66 0 1066 0 
-184 731 133 459 2290 870 3942 829 925 
-430 -233 500 -393 814 0 -266 368 -1962 
150 613 0 -222 344 -1925 100 -1175 0 
298 25 -628 399 2185 345 1440 175 950 
-7 59 233 1518 -234 -745 -482 -836 -306 
747 0 -881 -233 0 -775 1100 2757 155 
402 0 101 1667 1585 545 1102 975 -598 
1160 0 -291 -450 0 -713 445 342 -983 
66 0 0 0 0 -233 0 0 -900 
740 0 428 1600 1275 1225 3000 3314 -177 
0 0 -600 0 0 333 -22 -240 -1476 
560 0 -1062 -100 866 542 371 4142 -1000 
113 328 -197 2226 1783 1027 2078 1800 -40 
172 0 -725 1000 1100 -125 952 526 -936 
397 0 0 267 0 0 516 0 0 
256 0 0 116 984 -650 905 0 766 
327 0 0 -757 -571 0 179 324 -162 
-301 0 0 -140 0 0 -475 0 0 
-161 0 0 -320 282 33 890 0 0 
-551 0 0 -1428 0 0 -132 -425 -200 
444 0 0 0 0 0 102 0 0 
243 0 0 -249 632 -200 324 0 -566 
254 0 0 -400 66 0 91 151 -235 
778 803 633 -615 1560 -433 1325 1405 0 
268 265 400 560 1029 -963 433 284 0 
460 420 180 -703 -4 -740 -514 220 -985 
-190 1014 -1200 -400 1375 0 0 942 0 
488 270 166 -276 1406 133 33 -433 566 
52 669 -133 -219 -1093 -433 -1427 300 -1496 
314 821 0 0 2742 -933 1066 2472 0 
1221 -31 0 1114 907 300 0 0 0 
828 154 366 600 -771 0 516 388 -342 
1001 0 -526 1975 0 -33 1255 995 -1163 
436 400 493 1002 762 1105 1348 48 -557 
448 -500 70 -1250 33 -766 471 160 -1238 
-800 0 -166 -233 0 0 -1125 756 -1425 
52 0 400 1080 1210 140 -307 457 -466 
235 0 560 66 -100 0 471 433 -967 
930 1040 -441 -700 1735 333 2190 1150 -341 
291 525 285 1036 1421 165 1170 67 -474 
287 74 390 -1140 160 -171 470 173 -1205 
331 0 0 0 0 0 0 0 0 
103 0 0 -521 0 -266 -500 0 0 
323 0 0 0 0 0 -329 0 -533 
-178 549 0 0 0 0 0 0 0 
118 378 33 475 1366 0 0 -166 0 
-21 759 33 333 0 0 907 258 0 
1071 0 1566 0 0 0 0 0 0 
562 0 0 1300 338 266 -200 0 0 
211 0 0 0 0 0 480 0 -166 
-663 790 0 0 -266 0 0 1025 0 
-200 691 -700 2371 450 0 -133 0 0 
1112 212 0 0 0 0 366 -476 0 
-1144 1351 0 0 742 0 0 2819 0 
828 549 180 266 1938 0 966 0 -500 
-1247 726 0 0 600 0 -66 1571 0 
1387 606 800 100 100 400 0 -166 0 
-250 296 475 33 485 100 366 0 0 
-1381 313 0 0 0 0 0 100 33 
190 0 60 0 0 0 186 323 666 
-29 0 0 784 475 -33 -320 275 -266 
679 0 0 0 0 0 -114 236 -533 
1334 866 1892 0 366 0 2072 1920 200 
-400 -33 727 -33 1417 0 620 516 28 
894 1810 2050 0 -1166 0 2200 1090 200 
803 0 583 0 0 0 2721 -200 1566 
-800 0 0 0 0 0 0 -275 266 
742 0 -1371 0 0 0 1125 1200 -480 
-318 0 0 166 0 0 0 0 0 
98 0 0 130 310 -600 195 0 -153 
136 0 0 -462 -100 0 99 -33 -379 
-545 163 -366 -552 577 233 0 426 0 
-133 259 -411 37 571 -991 538 -690 709 
-583 261 0 -396 588 -233 -8 311 -591 
245 0 125 501 0 66 478 0 0 
75 0 126 627 201 -21 469 0 9 
1 0 -300 -271 -340 700 327 325 -781 
-479 -164 -700 65 183 -200 977 113 0 
-123 111 63 100 521 479 -7 0 -200 
15 161 -300 -414 659 0 26 -125 -41 
-428 489 448 -1070 654 -833 58 1524 1633 
191 -43 -231 -82 1646 287 282 531 13 
-86 1 369 -372 891 516 -174 776 -123 
-631 -919 233 485 -448 850 -1433 100 300 
567 -428 120 1676 534 528 1080 -700 96 
76 -400 428 150 -533 -518 -67 -674 -756 
-12 -200 645 344 0 0 -43 375 0 
52 0 -531 909 1375 912 349 525 -355 
444 0 216 81 0 600 -346 -221 -301 
877 571 -415 2515 1094 1833 1457 1509 550 
248 -38 315 1758 1860 1035 978 337 349 
-78 2300 -181 740 1137 -220 329 106 -769 
855 511 -478 1200 329 -819 988 -366 -133 
225 -66 -200 1231 554 -38 2075 56 38 
263 -333 -124 -66 522 -572 555 -577 -1199 
181 0 0 -74 0 0 111 0 0 
52 0 0 -49 689 -175 546 0 -100 
79 0 0 -950 -366 0 -25 445 -265 
124 976 828 -200 846 -66 313 646 100 
-176 975 -266 155 516 300 673 301 250 
14 924 -1800 -600 94 200 -35 344 282 
1046 0 1966 1236 0 0 792 0 -33 
584 0 1033 727 142 400 922 0 527 
853 0 466 1133 -700 166 183 -100 -352 
106 250 633 440 121 0 750 166 0 
169 206 -24 -70 -20 -33 1866 -200 200 
93 466 380 -446 -82 -600 -504 -66 -287 
-8 1022 -1166 -542 1429 -333 1333 992 166 
11 21 -675 26 1344 1106 1300 242 -500 
-206 424 -257 -1085 922 1800 -1262 590 -594 
566 -600 0 500 75 0 0 440 0 
1520 66 533 0 315 -800 0 -325 0 
616 25 0 0 -420 -933 750 -395 -903 
513 0 941 -40 0 -300 337 581 537 
335 0 229 264 727 339 -74 249 -499 
699 0 505 -656 0 -66 46 348 -216 
997 713 -36 430 1010 -100 1164 1403 375 
391 590 571 951 1089 1132 701 66 -270 
660 1445 558 -350 612 -66 735 294 -310 
1230 121 -145 1685 110 -1142 918 292 -251 
48 355 131 579 -7 -103 1240 -374 -21 
362 378 182 -152 -314 -274 416 -334 -1324 
-299 0 0 0 0 0 0 0 0 
45 0 0 -64 1163 300 -800 0 0 
0 0 0 -200 0 0 -12 0 425 
-2266 -1033 0 0 0 0 0 0 0 
-150 -33 0 0 -33 0 0 0 0 
160 466 0 0 0 0 -366 -33 0 
-742 -806 -805 0 0 0 0 0 0 
-310 -222 -781 -277 312 -127 -440 0 -666 
-228 1466 -193 1022 0 0 111 -33 -184 
-303 279 1733 0 -100 1733 0 -366 0 
-22 72 100 -445 274 0 0 0 0 
-151 21 0 0 0 0 -300 -896 -366 
-1190 -1205 0 0 200 0 0 -3600 0 
-760 -21 0 -133 -800 0 0 0 0 
-125 -176 0 0 0 0 0 200 0 
-1331 -286 -1666 -2257 -828 -1671 733 -2529 0 
-407 72 -1458 -175 -796 -355 0 0 0 
-26 -179 -1228 -933 -422 0 -825 -669 -875 
-393 0 -1978 0 0 0 -194 -971 0 
-909 0 -766 20 1966 0 -428 -242 66 
98 -493 -720 0 -33 0 263 178 -433 
-4475 0 -66 -633 0 0 -2666 -1516 0 
-200 0 0 0 -1500 0 -533 -333 0 
-125 1977 0 0 0 0 -366 -740 0 
-253 -1133 -1909 0 0 -1033 -2148 161 -2519 
-6 0 -355 200 -1744 -750 -685 325 -2625 
-8 -538 -577 0 -1466 -500 -326 -1230 -1564 
-56 0 0 -32 0 0 164 0 0 
26 0 0 151 416 469 413 0 406 
122 0 0 -41 -226 0 58 133 -129 
-1506 -600 0 -1133 0 0 0 0 0 
-561 400 0 -322 0 466 -587 0 100 
-1100 300 0 -675 0 0 -382 166 -125 
-435 -668 -1144 -91 482 171 -276 -250 0 
-217 -131 -256 26 197 -38 134 -233 234 
-185 320 -435 -525 -218 352 -109 87 -775 
-142 38 683 157 244 245 40 -154 -125 
51 52 115 251 923 648 911 -233 1056 
215 348 659 157 368 1150 128 239 143 
-1189 -1075 -2138 -600 -357 -200 -1839 -1630 -433 
-190 -180 -648 -107 1089 604 -300 79 294 
-70 38 -75 -600 239 1600 -475 417 -339 
-1374 -576 -1426 -983 -407 -1502 -1356 -1498 -986 
-610 -421 -1160 -641 539 -339 86 222 -641 
-409 -248 -287 -901 12 -774 -888 33 -1349 
-62 66 -266 96 0 -241 226 -300 900 
308 -133 14 870 1231 727 392 497 403 
678 181 -95 400 680 -570 214 373 240 
133 0 0 0 -900 0 -400 1165 -1714 
-964 -280 -725 -511 314 1600 -400 -1165 -37 
-324 100 0 -20 541 -133 -166 -124 -734 
-128 -448 -1624 424 -154 -3010 -1490 -257 -2882 
193 -246 -1167 987 165 17 630 -438 -1371 
220 59 -631 1273 435 -130 101 -169 -1635 
274 0 0 -161 0 0 326 0 0 
81 0 0 42 950 -309 788 0 625 
303 0 0 -382 -636 0 226 459 139 
-526 -1175 0 200 0 0 -1600 -233 0 
-219 -800 0 -554 292 0 -866 66 0 
-249 500 0 -966 0 0 -793 -110 209 
222 -451 -131 19 125 -144 30 100 -308 
38 543 -651 -4 245 -93 198 -308 23 
219 420 196 -614 -550 -33 41 106 66 
441 561 -40 67 514 -25 1178 159 0 
108 386 380 55 455 850 733 1377 0 
664 621 680 -205 287 -1266 -29 172 -345 
-856 122 -1071 171 666 -400 -1133 16 0 
-643 -172 -750 -363 798 -320 0 92 0 
-111 31 100 -1800 -252 2228 -542 170 -869 
-590 254 -847 -674 486 -1712 -1303 -190 -1076 
-576 -17 -1095 -681 617 -89 733 -56 -514 
-316 93 -460 -1287 -61 -591 -571 337 -1558 
612 0 -101 595 0 620 384 506 -229 
704 166 313 720 1366 913 326 307 124 
1014 493 413 320 900 -540 365 496 155 
-1044 300 -500 100 -833 0 -122 -183 -667 
-89 -266 2380 -100 467 2680 -100 -183 -352 
33 800 -80 -433 371 0 195 68 -601 
488 123 -1118 481 266 -680 713 71 -1442 
112 281 -304 638 316 -193 424 -254 -1334 
304 537 149 -215 136 -642 413 81 -1706 
1463 0 0 0 0 0 0 0 0 
1274 0 0 1659 2657 2466 -375 0 0 
1118 0 0 2942 0 0 1166 459 1507 
0 0 0 0 0 0 0 0 0 
0 0 0 0 0 0 0 0 0 
0 0 0 0 0 0 0 0 0 
0 0 0 0 0 0 0 0 0 
0 0 0 0 0 0 0 0 0 
0 0 0 0 0 0 0 0 0 
1560 3500 0 0 0 0 0 0 0 
1709 1057 0 133 0 0 0 0 0 
-407 66 0 0 0 0 0 66 -1000 
0 0 0 0 0 0 0 0 0 
0 0 0 0 0 0 0 0 0 
0 0 0 0 0 0 0 0 0 
0 0 0 0 0 0 0 0 0 
0 0 0 0 0 0 0 0 0 
0 0 0 0 0 0 0 0 0 
1090 800 -1168 0 0 0 0 0 0 
361 275 -902 1180 2260 844 2133 0 0 
995 1000 -986 225 0 0 946 66 -348 
0 0 0 0 0 0 0 0 0 
0 0 0 0 0 0 0 0 0 
0 0 0 0 0 0 0 0 0 
0 0 0 0 0 0 0 0 0 
0 0 0 0 0 0 0 0 0 
0 0 0 0 0 0 0 0 0 
108 0 0 242 0 0 0 0 0 
355 0 0 824 977 2170 550 0 33 
24 0 0 -404 333 0 322 166 -600 
0 0 0 0 0 0 0 0 0 
0 0 0 0 0 0 0 0 0 
0 0 0 0 0 0 0 0 0 
0 0 0 0 0 0 0 0 0 
0 0 0 0 0 0 0 0 0 
0 0 0 0 0 0 0 0 0 
-1153 -700 0 -1008 2533 0 -3211 -620 0 
302 494 0 505 1952 300 1350 0 0 
-50 -400 0 -986 -687 0 -1323 -1853 -9 
-3963 0 -1933 -340 0 -1066 0 -300 -3133 
566 566 1055 1909 2241 451 1742 0 1971 
-63 0 -2211 -1644 -766 -1650 393 375 -2449 
0 -2133 0 -2133 0 0 0 0 0 
0 0 0 0 1633 0 0 0 0 
-66 0 0 0 0 0 -433 0 0 
-150 0 -1150 540 0 -347 0 0 -1948 
390 -166 -196 1227 1893 1031 2278 0 859 
1278 0 -792 -1369 0 -911 535 0 -1561 
0 0 -1000 0 0 -500 0 0 0 
0 0 -476 0 0 2530 0 0 400 
0 0 -860 0 0 1000 0 0 -1576 
0 0 0 -300 266 1066 0 0 0 
0 33 400 2828 1900 1810 0 0 0 
0 0 0 0 0 133 0 0 -1525 
770 0 0 -60 0 0 1016 0 0 
1206 0 0 344 2479 925 2712 0 3200 
713 0 0 -205 -1182 0 820 1284 345 
0 0 0 0 0 0 0 0 0 
0 0 0 0 0 0 0 0 0 
0 0 0 0 0 0 0 0 0 
0 0 0 0 0 0 0 0 0 
0 0 0 0 0 0 0 0 0 
0 0 0 0 0 0 0 0 0 
-363 980 0 -333 1657 0 -866 2033 0 
1255 1637 0 -848 1822 -400 1250 0 0 
186 658 666 -825 828 0 -1505 -460 -1666 
0 0 0 0 0 0 66 0 -400 
0 1100 0 0 1950 0 0 33 -233 
125 -1366 525 -800 -633 0 -4120 -1025 -1610 
0 0 0 0 0 0 0 0 0 
0 200 0 0 750 0 0 0 0 
0 -533 0 0 0 0 0 -4057 0 
558 0 -293 539 -1733 -66 595 66 -1572 
402 -1600 1148 1488 1571 1983 1360 800 536 
177 -1050 -210 -1469 -3679 0 -88 -728 -1307 
0 0 -1066 0 0 0 0 0 -2866 
0 0 100 -2728 866 -333 700 0 700 
-1000 0 0 -833 0 1033 966 0 -3916 
-2566 950 -1166 900 2000 0 0 260 0 
620 -260 -1066 2486 2562 2433 2066 0 933 
-506 1425 766 -2800 771 0 -2288 -1760 -1758 
1270 0 0 0 0 0 0 0 0 
771 0 0 1745 1181 -33 720 0 0 
918 0 0 2066 0 0 676 433 -744 
1582 2898 1380 0 0 0 0 0 0 
1150 1620 1033 320 2927 0 0 0 0 
1539 3144 0 0 0 0 400 2175 1133 
-175 0 0 0 0 0 0 0 0 
100 0 0 0 0 0 0 0 0 
433 0 0 0 0 0 0 0 0 
575 3872 0 0 0 0 0 0 0 
438 140 -1514 33 700 0 0 0 0 
-1661 66 0 0 0 0 -200 166 0 
333 366 0 0 0 0 0 0 0 
400 0 0 0 466 0 0 0 0 
-533 20 0 0 0 0 0 0 0 
0 0 0 0 0 0 0 0 0 
-33 0 0 0 0 0 0 0 0 
0 0 0 0 0 0 0 0 0 
623 0 -625 0 0 0 0 0 0 
-103 0 222 1251 -475 -725 100 0 0 
252 0 -592 0 0 0 642 0 -575 
1966 1771 3650 0 0 0 0 0 0 
1276 -266 -733 1377 333 -166 100 0 0 
729 166 -100 200 0 0 933 33 -633 
-533 0 0 0 0 0 0 0 0 
0 0 0 0 0 0 0 0 0 
0 0 0 0 0 0 0 0 0 
-55 0 0 -103 0 0 -166 0 0 
38 0 0 224 -50 1028 -200 0 33 
-350 0 0 -133 133 0 -36 1200 -636 
189 -240 233 227 166 0 0 0 0 
11 -117 0 150 1472 -200 400 0 0 
490 250 0 -230 742 0 88 466 30 
0 0 0 0 0 0 0 0 0 
175 0 0 720 0 933 0 0 0 
533 0 0 0 0 0 0 0 0 
83 781 0 -1400 1323 0 -1366 0 0 
-425 981 -297 -168 793 1332 1466 0 0 
-465 300 0 -695 272 0 -546 200 -978 
-581 -780 -673 1800 -1485 -166 -180 0 -75 
-328 533 -336 989 2000 1904 666 0 -254 
246 666 120 -933 66 142 438 757 -786 
-200 0 0 0 -66 0 0 0 0 
133 0 466 -266 -833 1923 0 0 -200 
0 0 0 0 0 0 0 0 0 
189 0 -293 607 0 -991 0 0 459 
0 0 -241 408 700 164 1400 0 640 
437 0 -284 146 0 382 763 0 -977 
-375 866 -1285 -25 0 -133 0 0 -333 
2028 -233 228 1857 420 706 166 0 -1733 
0 433 1711 0 0 1266 400 0 -1328 
66 0 -200 -766 200 133 0 0 -200 
0 0 0 1050 2000 -575 0 0 333 
-33 0 -633 -100 0 533 0 0 266 
549 0 0 -733 0 0 575 0 0 
802 0 0 89 930 200 1525 0 933 
619 0 0 -447 90 0 530 840 -421 
888 1506 400 0 0 0 1352 1233 33 
728 1417 166 340 1314 333 2133 28 66 
520 933 -633 -541 -1183 0 913 1235 193 
1240 0 0 0 0 0 0 0 0 
1200 0 333 100 0 0 0 0 0 
744 0 0 0 0 0 466 0 500 
52 939 0 0 1133 0 433 50 0 
-190 736 -1028 950 1396 919 968 240 128 
-104 1142 0 -742 257 0 -993 -661 -166 
-533 880 0 0 333 0 0 350 -446 
-327 600 0 260 2591 66 0 0 -400 
-1475 2366 -100 33 980 0 -2900 -1933 74 
0 0 0 0 0 0 0 0 0 
0 333 0 1285 0 2433 700 0 933 
-233 0 0 0 0 0 0 0 0 
624 -200 234 -337 0 1366 290 0 1366 
105 0 -970 550 258 883 1283 0 138 
591 -633 165 -950 -266 -33 284 -83 -1077 
681 1986 500 40 1000 0 900 0 -133 
687 1333 -166 853 2128 714 2657 450 800 
825 3676 415 -700 -418 1033 284 -1423 -1088 
1140 1050 0 0 966 0 0 0 0 
727 0 -166 1411 2434 927 400 900 -500 
155 866 233 -100 350 0 -1857 -600 -1958 
954 0 0 0 0 0 0 0 0 
860 0 0 1315 2111 0 33 0 0 
1078 0 0 100 0 0 764 766 1533 
1475 0 0 0 0 0 0 0 0 
725 0 0 0 0 0 0 0 0 
1366 0 0 0 0 0 0 0 0 
1291 1560 1018 0 0 0 0 0 0 
540 800 337 985 620 0 200 0 0 
1574 766 955 0 0 0 836 0 1285 
330 -833 0 0 0 0 0 0 0 
-583 -100 0 -166 -266 0 0 0 0 
-100 -33 0 0 0 0 533 0 0 
0 0 0 0 0 0 0 0 0 
0 0 0 0 0 0 0 0 0 
0 0 0 0 0 0 0 0 0 
-1680 2316 166 0 0 0 0 0 0 
0 4375 233 0 266 0 0 0 0 
66 0 0 0 0 0 466 0 0 
786 -366 -1009 0 0 0 0 0 0 
387 0 -927 192 -2166 333 0 0 0 
374 -1233 -209 100 0 433 894 933 -288 
100 0 0 0 0 0 0 0 0 
0 0 0 0 0 0 0 0 0 
0 0 0 0 0 0 0 0 0 
328 0 -522 0 0 0 0 0 0 
717 0 -1600 800 -66 -333 0 0 0 
919 0 25 0 0 0 1000 0 0 
-371 0 0 -194 0 0 0 0 0 
46 0 0 312 133 2100 40 0 400 
229 0 0 103 766 0 101 -200 -6 
-600 0 0 0 0 0 0 0 0 
33 0 0 550 266 0 0 0 0 
166 0 0 400 0 0 0 0 -766 
-154 0 -854 388 0 725 0 0 0 
34 -466 -571 344 454 494 0 0 0 
-50 0 333 -1563 0 1480 473 0 -1456 
-1251 1933 0 -269 1709 200 -625 0 0 
157 0 0 -293 1592 725 0 0 0 
433 1100 0 -712 -166 0 600 -1850 -955 
166 0 -1409 0 0 -2461 0 66 -675 
-40 566 71 1250 2476 854 0 0 166 
20 666 -220 533 760 300 -540 66 -839 
400 0 -2018 0 0 233 0 0 0 
0 -266 -2000 -88 2533 1921 0 0 0 
314 0 100 0 0 133 0 0 -1590 
-450 0 -1142 -289 0 -420 0 0 -722 
-3 0 -260 782 288 305 258 0 -66 
157 560 -253 230 966 -584 251 0 -741 
0 0 0 0 0 0 0 0 0 
0 0 0 0 0 0 0 0 0 
533 0 0 0 0 0 1375 66 0 
200 -2133 -1631 566 -400 -200 0 0 -1140 
-211 0 -160 1288 661 830 0 0 0 
266 0 -788 -133 700 -400 0 0 -1873 
478 0 0 280 0 0 333 0 0 
559 0 0 133 1604 -200 1525 0 1400 
494 0 0 -255 -288 0 642 961 83 
640 0 0 466 0 0 1600 0 0 
320 0 0 1033 1366 0 700 0 700 
575 0 0 466 -166 0 2569 0 33 
369 -266 21 -100 0 633 1382 133 866 
650 0 280 426 1060 -720 636 0 -333 
574 688 624 -323 -40 0 368 325 -716 
-734 981 200 -133 -200 0 218 600 0 
311 575 0 -620 952 0 175 -200 0 
-138 -350 0 0 0 0 27 400 66 
0 -566 0 0 0 0 0 233 -1340 
0 1400 0 0 1866 0 266 33 -100 
0 0 0 0 0 0 -2133 -466 -54 
133 0 0 0 0 0 0 0 -933 
0 -100 0 1266 0 0 0 0 0 
-233 -233 0 0 0 0 0 -233 1200 
755 433 -219 1135 0 0 409 66 -1200 
350 -100 471 733 450 1082 736 0 -400 
166 933 -309 95 -290 -633 239 -678 -484 
100 0 33 0 0 0 0 0 0 
-233 0 0 500 1066 33 0 0 0 
1175 -133 0 0 -333 0 -233 -366 -2460 
968 353 -626 755 900 -1200 733 -1866 -425 
577 533 400 676 1400 471 28 0 -150 
147 1066 -123 -1533 -237 -633 462 -2183 -1836 
194 0 0 0 0 0 0 0 0 
3 0 0 131 -400 0 -700 0 0 
-363 0 0 -33 0 0 -119 0 -345 
120 0 0 0 0 0 0 0 0 
-82 0 0 800 1475 233 2066 0 300 
-231 0 0 0 0 0 -100 33 280 
433 0 0 0 0 0 0 0 0 
0 0 0 0 0 0 0 0 0 
-533 0 0 0 0 0 0 0 0 
-984 1800 0 -1500 -166 -2894 0 0 0 
-484 1300 0 -216 1142 122 0 0 0 
-836 357 0 -1933 -166 -1028 666 0 -1939 
-52 1841 0 -733 0 -500 0 0 0 
-261 -183 0 -725 2266 -740 0 0 0 
68 1900 0 -733 0 -744 0 266 -675 
-150 366 0 0 0 -1400 0 0 0 
833 266 0 -266 0 -1750 0 0 0 
-750 433 0 0 433 -2054 0 0 -600 
472 0 -1205 0 0 800 0 0 0 
190 -100 -182 0 1466 825 -1033 0 -1033 
-99 0 -470 0 0 0 -266 0 -522 
120 -66 -1129 0 0 -1633 0 0 0 
405 300 173 0 833 -733 0 1566 0 
-783 0 -497 0 0 0 166 1400 -960 
0 0 -885 0 0 0 0 0 0 
0 0 -1890 0 0 -250 0 0 -466 
0 0 -1680 0 0 0 -166 0 -433 
-456 0 0 -533 0 0 289 0 0 
-381 0 0 -287 359 -768 116 0 400 
-346 0 0 -1070 -900 0 -279 500 -1209 
-478 0 0 -278 0 0 1562 0 0 
-241 0 0 -93 497 -175 1777 0 1166 
-192 0 0 -445 -233 0 -283 -200 -520 
-365 0 0 -425 0 0 781 0 0 
226 0 0 -201 15 -600 -140 0 266 
176 0 0 -800 -33 0 483 0 -1175 
-1148 1338 0 -973 561 -1091 -1300 166 0 
-751 141 0 -366 1229 -234 -660 833 -100 
-399 -219 0 -1174 318 -157 -1441 -511 -961 
-1031 908 -1231 -1327 250 -500 -400 -1433 -2453 
-288 -150 -392 -238 1122 -118 584 0 -294 
-258 -41 -768 -1067 -170 -333 -1142 -166 -1389 
-1800 -420 0 -171 260 -1062 0 0 0 
-535 -266 0 -105 498 -333 -100 0 833 
90 -600 0 -23 275 -359 -876 33 -1187 
-518 -1466 -1070 -2129 0 -1447 -477 0 -1352 
-507 -1057 -642 513 1473 -344 1195 -55 -13 
-510 -666 -320 -1600 0 -750 522 -428 -1204 
-2100 0 -1203 -666 0 -2357 0 0 -1742 
-449 33 -200 -566 600 -218 200 0 -211 
-356 -466 -183 0 0 -700 -977 -100 -1069 
-255 800 -1495 0 0 -1050 200 0 0 
-38 125 -606 1647 2006 -304 1600 -166 540 
103 0 -425 0 0 -33 23 533 -1346 
-123 0 0 700 0 0 -59 0 0 
-230 0 0 -383 153 -725 -402 0 -75 
-258 0 0 -792 -764 0 -297 -394 -750 
227 0 0 176 0 0 274 0 0 
-107 0 0 -22 832 -200 700 0 133 
69 0 0 -392 -157 0 10 -10 -211 
-33 0 0 0 0 0 568 0 0 
0 0 0 -500 1553 0 320 0 0 
96 0 0 -511 -833 0 236 -533 -166 
-945 653 0 -2000 1133 -2700 -628 817 0 
-1107 1266 0 6 653 -344 -933 -576 0 
-478 327 0 -973 -300 -760 -1873 -486 -1145 
-484 355 0 -885 120 0 -500 1540 -700 
-969 94 0 200 1035 333 -371 333 -1780 
-238 969 -2173 -1334 465 -286 -2240 -781 -1943 
-275 0 0 -800 -66 0 0 0 0 
-133 366 0 -213 1650 500 0 0 0 
13 140 0 -1947 350 57 -580 -1639 -1085 
155 -650 -765 -690 0 -1157 -12 -866 -574 
-468 -236 -339 -237 9 -150 281 571 -639 
-285 -515 -162 -1892 -3140 0 -518 -866 -1563 
238 366 -851 266 0 -680 -66 -425 -1460 
-151 -150 108 1086 441 697 88 -57 -411 
-70 -400 85 -4400 -2733 -520 -49 -443 -2089 
-27 1066 -800 0 0 -800 742 0 -2571 
188 0 -919 -265 1117 -325 -128 466 -825 
78 -466 -242 -2875 -2720 -340 -668 -360 -2451 
393 0 0 0 0 0 0 0 0 
7 0 0 -29 350 0 -120 0 0 
17 0 0 360 0 0 -33 -75 88 
774 612 855 0 0 0 0 0 0 
185 -297 533 159 586 -766 766 0 0 
264 785 181 -200 666 0 271 425 -92 
583 0 0 0 0 0 0 0 0 
366 0 0 133 0 0 200 0 0 
-80 0 0 0 0 0 533 0 0 
-511 777 0 538 0 700 0 0 0 
-71 400 -962 923 0 -859 0 0 0 
-888 740 0 28 -33 -716 -400 -2500 925 
208 1619 700 1650 1573 313 0 1220 0 
279 1280 120 841 1945 1460 66 1466 2533 
-367 1407 0 927 1943 -259 -566 -260 1572 
2933 0 -366 750 0 175 0 0 0 
325 0 75 766 0 -833 0 0 800 
300 0 0 0 0 -500 0 0 20 
396 -500 -496 0 0 528 0 0 0 
104 600 -928 109 0 250 0 0 0 
-321 -500 -496 0 0 0 -730 0 1222 
1512 1686 524 0 0 2330 2685 875 1778 
643 -466 219 428 -500 816 1000 1120 -150 
360 680 -296 300 0 0 1163 755 761 
938 0 1982 0 0 888 0 0 0 
0 0 76 66 0 2066 0 0 0 
-100 0 400 0 0 0 0 0 333 
-298 0 0 -176 0 0 121 0 0 
-273 0 0 -226 -158 -875 210 0 22 
-214 0 0 -719 -636 0 -171 -57 -819 
-303 156 -260 -125 673 -893 0 1638 -766 
-212 -213 -450 -22 -45 -153 449 30 157 
-71 601 -68 -342 36 217 54 252 -482 
1700 0 2033 1123 0 900 1100 0 -366 
496 0 1672 700 433 -144 -50 0 266 
786 0 975 -600 0 -100 1483 0 -640 
-435 293 0 -185 273 -496 -766 733 0 
-744 -231 -794 -426 -74 -426 -188 80 -544 
-696 -172 100 -389 -194 -451 -881 -701 -1192 
-493 1111 -146 -211 1026 -59 -265 963 -264 
-359 -174 -416 -145 1670 -139 33 491 -221 
-189 225 -247 -301 1477 207 -482 296 -372 
1739 400 0 525 397 366 900 0 0 
-123 -261 -405 -37 1004 -82 -266 0 -145 
109 100 -275 680 736 -20 -658 -550 -632 
-509 150 -639 -724 0 -289 -4 0 -617 
-636 0 -595 287 107 -359 -37 450 -324 
-309 -333 -537 -333 -466 114 -151 -25 -539 
558 818 -280 -78 422 -213 1371 1694 -415 
450 711 -293 1294 1305 -225 1100 434 -7 
656 835 -82 -1000 150 -634 1035 341 -527 
916 490 524 533 566 291 2072 100 80 
146 180 -300 1542 134 6 -200 -312 559 
612 800 91 0 780 -126 762 -1422 -930 
129 0 0 146 0 0 72 0 0 
-115 0 0 -108 74 271 19 0 -753 
-119 0 0 -331 -431 0 -170 -293 -491 
405 1075 46 223 533 -966 121 257 -1155 
155 -261 56 50 574 -92 521 33 523 
136 362 154 -137 124 0 -19 190 -148 
1520 0 200 0 0 0 1466 0 600 
711 0 250 589 -166 640 200 0 766 
781 0 178 942 0 0 361 233 694 
249 182 0 334 1375 -600 725 645 0 
-385 233 -428 -349 -135 -1039 -348 -500 -518 
-406 -17 -100 -481 -387 -646 -1023 -724 -1492 
301 1727 -660 901 2366 463 -337 3092 -208 
-368 232 628 128 1499 397 -706 386 -233 
-301 1146 98 -429 1134 514 -1034 254 -342 
919 0 500 0 1639 145 0 200 0 
888 -33 -525 -266 562 -105 166 -300 -1277 
911 366 100 577 122 613 485 -175 -293 
-78 120 -103 636 -600 -142 -294 171 -160 
-285 -363 -237 -20 -215 -163 -142 -633 -439 
-124 -378 -249 -540 -1100 -433 -355 -658 -915 
1145 1243 505 1306 2495 1186 1252 1757 312 
382 284 37 1146 1150 357 1412 576 -69 
584 1318 508 136 -17 -847 664 473 -392 
717 292 1190 -166 933 1500 758 120 2007 
97 900 258 1600 174 -382 137 -222 161 
776 1223 527 -566 -942 -565 514 -981 -1575 
-53 0 0 0 0 0 0 0 0 
-279 0 0 -45 0 0 -200 0 0 
-407 0 0 0 0 0 110 400 0 
-574 133 0 0 0 0 0 0 0 
276 -50 0 -1140 760 933 0 0 0 
-546 1166 0 0 0 0 1000 0 62 
224 200 -512 0 0 0 0 0 0 
52 -300 -707 -1129 -133 -658 0 0 0 
252 200 -784 166 0 0 -680 0 -669 
-163 -1155 0 1425 600 -1655 666 0 0 
-183 540 0 -58 -1100 -884 0 0 0 
21 0 0 466 1360 -384 -459 0 -900 
-678 161 0 -3742 -166 -2514 0 0 0 
-481 800 0 66 919 566 0 0 0 
-1600 0 0 -66 0 -400 0 0 -166 
-1164 -1696 -440 -1461 120 -2115 0 0 300 
-1083 -1345 -2138 90 -575 -1048 0 0 300 
160 -2111 333 -657 -257 -1069 -333 0 -1672 
611 0 -1309 0 0 2120 0 0 0 
-747 0 -455 233 0 114 -233 0 0 
330 0 -580 700 0 0 366 0 -100 
-2086 300 -1557 0 0 0 0 100 0 
375 0 86 166 1000 0 0 -200 766 
-217 300 -87 -1466 0 0 533 0 -633 
307 0 -1570 0 0 -2855 0 0 -1900 
380 0 -974 133 0 -1283 0 0 -1400 
-1466 80 -940 -433 200 0 0 233 -1829 
-184 0 0 -196 0 0 124 0 0 
-227 0 0 -158 576 -236 384 0 280 
-111 0 0 -919 -633 0 0 -200 -884 
-1128 -400 0 -725 -2100 0 88 266 0 
-750 -886 0 -278 70 92 153 -100 -66 
-839 -700 0 -190 -23 0 -314 316 -320 
30 100 -1025 223 575 -594 413 -66 -871 
-81 783 -939 23 101 -416 40 0 -173 
-96 260 -876 -736 200 -214 -179 900 -548 
-600 -94 0 -486 142 -731 -685 700 0 
-647 -72 -150 -178 88 -391 -323 -400 -866 
-492 -432 0 -282 -140 -385 -321 -168 -536 
-1158 195 -119 -988 178 -313 -1105 960 -369 
-274 -264 -400 -160 1368 125 -161 155 30 
-221 -292 -365 -460 227 258 -512 281 -54 
-1393 407 -1245 -888 -379 -1377 -529 -260 -1006 
-730 -609 -890 -608 313 -371 -694 0 -711 
-413 -521 -619 -788 257 -108 -807 -238 -1310 
-365 -300 -403 -303 0 -163 -10 -100 -273 
-327 -66 -488 570 519 -104 537 433 -38 
-158 -115 -480 -750 628 -1127 105 -400 -19 
0 0 -648 0 0 175 0 233 -66 
-480 0 -371 200 1037 -39 333 766 350 
-683 -750 -1200 0 33 -250 -333 815 -310 
-46 216 -1219 -200 -33 -1017 622 0 -1613 
-16 -166 -513 1170 254 -555 666 723 -783 
79 490 -65 433 383 -383 -31 342 -1439 
256 0 0 0 0 0 51 0 0 
77 0 0 -106 681 33 527 0 -866 
-227 0 0 -332 -293 0 -65 -38 -492 
96 360 0 -843 0 0 -147 233 0 
-205 -240 0 -385 698 100 464 300 -266 
-228 435 0 -325 -209 0 -574 141 -171 
457 300 -242 0 0 -918 373 0 -592 
266 0 -554 180 462 -503 425 -366 -635 
24 60 -375 -581 -447 216 -42 473 -633 
117 260 0 266 -33 -733 390 -475 0 
-63 -200 0 108 630 -85 -50 -1366 0 
-67 20 -33 -365 394 -22 -975 -673 -963 
-531 1588 -472 -1096 -244 -133 -569 1700 -639 
-307 89 -366 -905 787 -281 80 -436 -755 
113 270 0 -509 414 275 -2216 -388 -675 
-434 -275 -813 113 -909 -1155 -1133 660 -2336 
-396 -462 -1075 -226 717 -162 -20 175 -1169 
-311 -463 196 -1462 81 -233 -1843 -372 -1875 
330 33 -16 300 0 -333 168 -1000 -108 
-28 371 -283 -60 -145 -111 -206 100 -566 
-53 -21 -90 -218 218 0 -97 -617 -606 
208 -500 -84 347 0 -100 -66 -420 -484 
-198 280 448 174 560 1031 666 575 -46 
-591 774 258 -1093 -405 -857 -507 40 -434 
509 -704 -396 -316 -1566 -851 -33 -220 -972 
-193 240 -153 311 111 -765 777 400 -952 
-142 233 72 -301 -231 -727 227 -169 -1710 
905 0 0 0 0 0 0 0 0 
697 0 0 760 1795 760 2776 0 300 
543 0 0 1933 0 0 554 566 -38 
900 0 0 0 0 0 0 0 0 
-433 0 0 0 0 0 0 0 0 
325 0 0 0 0 0 -200 0 -33 
1174 0 0 0 0 0 0 0 0 
922 0 0 1012 600 0 1820 0 0 
957 0 0 200 0 0 1086 0 20 
-58 1220 0 0 -66 0 0 0 0 
-706 890 0 720 3566 0 0 0 0 
-85 1035 0 133 -766 0 100 0 -366 
0 940 0 0 0 0 0 0 0 
-733 -66 0 0 0 0 0 0 0 
0 0 0 0 0 0 0 800 0 
-225 1816 0 -1066 0 -1566 0 0 0 
733 -25 0 0 0 -160 0 0 0 
-366 733 0 0 0 -1650 0 0 -300 
668 -2266 -552 1066 0 0 0 5000 0 
588 -125 94 972 3700 -244 -1033 2050 -300 
582 -466 75 0 0 0 62 3075 320 
496 0 -1175 0 0 -866 -866 5266 0 
205 0 -66 819 4500 0 0 33 0 
65 -1000 -100 0 0 0 755 33 -700 
1243 0 -1204 1066 0 333 0 33 0 
336 -700 -352 542 433 266 0 -233 0 
118 0 322 0 0 0 600 166 260 
-166 0 0 274 0 0 900 0 0 
52 0 0 448 926 389 1240 0 975 
311 0 0 59 600 0 392 -133 -342 
1800 0 0 -903 0 0 0 0 0 
-15 0 0 109 -1233 -600 0 0 0 
266 0 0 -886 0 0 -300 0 -1041 
-76 0 0 172 0 0 790 0 0 
14 0 0 99 131 -208 292 0 0 
-2 0 0 -295 -533 0 152 -200 -1038 
-474 1105 33 -1490 1167 0 -1450 0 0 
-396 188 166 211 1540 -305 -542 0 0 
203 -116 0 -301 750 -1492 -811 286 266 
-2327 -266 -2671 -2444 1022 -3266 -866 33 0 
-266 950 -333 488 1766 87 500 1261 -200 
-108 -133 100 135 366 100 -177 -340 -1515 
-933 336 0 -666 166 -2228 0 0 0 
-451 246 0 260 2781 -40 0 -133 0 
157 285 0 600 -220 -93 -387 480 -675 
152 360 -921 378 -466 -640 -490 1628 -862 
38 -284 -98 1152 1546 610 1459 738 424 
299 400 115 -10 -266 284 591 -133 -557 
-702 -233 -1350 125 0 -260 866 266 -833 
117 240 -150 927 1150 557 -1100 -200 1142 
210 -100 -550 -552 0 133 -408 125 -933 
368 -233 -996 2377 0 -630 1950 0 1150 
-274 -600 -430 1303 1473 522 1210 -33 424 
121 0 43 66 900 -22 585 -600 -799 
615 0 0 394 0 0 734 0 0 
561 0 0 312 1648 1054 1455 0 2223 
538 0 0 8 130 0 414 1041 152 
197 0 0 -7 0 0 1540 0 0 
110 0 0 -395 1213 -366 983 0 0 
-51 0 0 -378 80 0 -63 -50 -735 
625 0 0 1178 0 0 593 0 0 
595 0 0 512 1096 -566 580 0 1200 
465 0 0 -258 -292 0 464 743 -437 
-132 437 -66 -782 1225 -1355 -1600 800 0 
189 806 166 -19 1362 -1040 533 -233 0 
33 374 0 -798 -149 -663 -1056 80 -520 
-111 477 -300 -1100 0 -733 0 0 0 
-792 436 0 -1200 1690 -363 0 0 -1300 
-397 -441 -1215 -477 -266 -291 -2858 -15 -1487 
366 100 0 0 0 166 0 0 0 
0 25 0 300 2400 266 0 0 0 
1060 350 0 0 480 -1266 -633 -1222 -1885 
810 -700 -59 1108 -666 678 718 914 -1081 
321 -42 182 832 967 361 787 4 -54 
403 -27 200 -240 -417 -514 365 -79 -946 
556 100 300 1355 0 -866 960 -44 -1587 
106 800 76 586 919 129 1010 811 233 
424 -71 217 -940 -1175 -433 376 217 -1345 
380 739 -555 -610 -714 -171 621 1600 -246 
156 400 -21 336 1392 184 335 297 -105 
199 324 199 -866 344 -90 542 -576 -1262 
1222 0 0 0 0 0 0 0 0 
808 0 0 957 369 33 575 0 0 
739 0 0 2033 0 0 427 66 -257 
337 2282 1166 0 0 0 0 0 0 
272 1236 -166 458 1434 0 850 -133 0 
38 1453 600 520 633 0 300 675 -425 
2663 0 3927 0 0 0 0 0 0 
1191 0 900 1369 100 966 233 0 0 
1488 0 966 66 0 0 781 0 -700 
-482 923 0 0 -100 0 0 0 0 
-393 1042 -1933 314 1250 66 0 1466 0 
-878 -900 0 0 0 0 0 0 0 
-229 1352 0 0 1880 0 0 1100 0 
664 631 430 -575 2755 433 33 0 0 
36 1195 0 -366 966 0 0 766 0 
33 1066 0 0 366 1325 0 0 0 
1022 0 177 333 -33 480 0 0 0 
200 -166 0 0 -500 -66 0 0 0 
392 675 1108 -733 0 0 1075 433 1166 
401 0 -685 1000 280 33 -42 1714 -400 
314 0 200 266 0 166 -382 280 -1142 
1384 1314 1983 650 1375 266 1304 2401 700 
597 434 514 505 1435 800 3180 1040 400 
650 1246 380 666 1600 0 878 2089 193 
1361 0 1422 0 0 566 900 166 0 
415 600 35 2066 0 433 633 0 433 
285 0 -440 0 0 0 525 -133 -866 
-288 0 0 12 0 0 -1066 0 0 
-95 0 0 135 289 66 591 0 433 
-24 0 0 -373 433 0 531 100 -552 
-479 308 -400 -147 1154 75 -1200 375 0 
-102 111 -706 124 553 -604 914 -166 233 
-239 633 -66 -456 788 150 98 436 -435 
-92 0 -300 986 0 1620 177 0 0 
85 0 355 691 163 629 163 0 300 
819 0 300 -190 0 533 540 333 -415 
-583 1381 0 -825 -1085 0 0 0 0 
-429 302 -489 -171 484 219 -400 0 500 
-283 151 0 -353 106 33 -83 260 157 
-278 727 224 -139 931 -765 -1744 2009 1276 
-239 -267 -412 -195 1525 526 264 429 -21 
238 50 250 -239 835 -522 -394 746 -283 
0 -940 0 -33 66 -2257 0 200 0 
-120 -527 -1200 -712 430 -439 325 0 -1233 
362 -566 0 166 -181 -756 800 -825 -1500 
-382 -1000 -268 -195 66 -474 132 133 757 
-282 -229 -500 383 657 74 -62 -100 32 
-124 -377 -267 61 28 -595 -244 330 -154 
-167 -380 -412 643 357 391 652 1354 -403 
-32 -165 -101 1069 1211 164 791 67 -441 
-27 12 -219 -174 744 604 391 42 -804 
440 581 -359 -318 306 733 410 0 -880 
-126 1200 -332 1840 168 190 266 25 85 
-158 -525 -530 28 984 260 113 -169 -999 
595 0 0 241 0 0 456 0 0 
265 0 0 104 755 -818 609 0 -766 
352 0 0 -161 -267 0 321 350 47 
332 1786 -54 -52 836 -66 359 1174 -160 
298 796 -272 171 1590 -200 533 345 -1366 
198 1130 129 -299 629 500 74 1002 303 
1614 0 1642 963 0 433 1113 0 -66 
662 0 1000 385 380 -266 222 0 -33 
913 0 1455 781 -535 0 424 -666 -38 
-222 745 0 -437 1050 533 0 657 0 
-354 668 -1331 -297 628 -66 100 600 233 
-134 157 0 -683 -521 -516 -1008 -423 -946 
-740 1136 -833 -1233 2061 100 775 2208 225 
-176 556 300 -378 1526 302 900 956 146 
-546 676 -266 -1222 721 -177 -1340 355 -684 
633 -433 0 0 0 133 0 0 0 
757 333 300 85 555 22 0 -200 0 
-1066 -482 0 366 -553 -60 0 233 -316 
309 97 462 24 -766 283 86 740 -20 
144 -168 192 117 525 102 136 383 -195 
427 315 470 -136 -80 457 10 93 -392 
860 996 532 519 1055 289 415 1363 213 
171 500 91 976 824 678 934 16 -247 
349 1093 404 207 476 219 499 160 -393 
779 425 261 1128 455 1510 786 612 487 
75 236 163 812 9 -284 647 -419 129 
506 568 241 196 -111 -468 127 -539 -1275 
770 0 0 0 0 0 0 0 0 
585 0 0 431 778 2300 464 0 0 
581 0 0 266 0 0 487 -200 575 
-734 107 0 0 0 0 0 0 0 
-223 350 0 -600 257 0 1066 0 0 
-575 -400 0 0 0 0 -1112 -380 0 
785 1706 -144 0 0 0 0 0 0 
504 852 -135 476 425 -78 366 0 -66 
449 866 -164 900 1166 0 409 400 -596 
-446 361 0 -1475 0 -2000 0 133 0 
-289 1240 0 1000 733 566 0 0 0 
-323 -2828 0 0 0 0 733 0 0 
-603 653 0 -33 833 0 0 -733 0 
-819 250 0 0 1175 0 0 0 0 
266 100 0 0 0 0 -800 -800 0 
-1684 -1745 -3050 -1600 -1000 -3075 0 -3833 0 
-1020 -1303 -2185 -2371 -2305 -569 0 0 0 
228 -1450 -925 -400 0 -566 -533 0 133 
120 366 -626 -200 0 -200 163 -433 -466 
507 -240 150 595 2200 -781 525 233 -433 
263 490 -169 459 0 33 52 33 780 
-1658 -3033 400 -1200 0 0 -1600 -560 66 
-88 533 0 66 300 0 -466 1933 0 
-490 753 180 33 0 400 -925 -28 400 
145 -506 -1317 400 0 -4284 -840 -2111 -1971 
298 -550 -816 714 -181 -292 300 400 -2300 
463 -2306 -713 266 -166 -971 1017 -1342 -2081 
-214 0 0 89 0 0 26 0 0 
-107 0 0 179 363 150 703 0 585 
-154 0 0 -240 -196 0 184 -244 -358 
-808 -756 0 -508 -860 0 -1100 -1033 0 
-329 -337 0 -177 -38 -525 725 33 0 
-424 -54 0 -624 269 0 -468 -238 -454 
-335 -215 -1073 -19 358 -287 500 -666 400 
-167 -310 -480 -10 64 -149 528 0 817 
-50 -16 -847 -572 75 -23 -29 69 -719 
-482 390 766 -287 183 -1606 -1242 -1050 0 
-327 -115 600 -216 1106 -67 -185 150 -80 
-7 78 0 -170 242 100 -396 71 -109 
-1184 -398 -1643 -1408 -2 -1295 -933 -145 -325 
-324 -259 -220 -274 1091 403 1500 34 256 
-242 -1026 -1634 -1100 111 721 -954 138 -222 
-2086 -814 -1299 -2072 -1052 -1916 -3253 -1440 -2183 
-1001 -706 -884 -1055 69 -398 75 -633 -645 
-995 -1011 -1180 -1789 -99 -704 -2332 -1160 -1942 
-365 -545 -144 -44 600 30 -587 1575 -368 
-88 -277 -185 694 1214 394 532 656 227 
-30 131 -182 -262 618 251 -109 -139 164 
-1741 -4300 0 -875 -1500 -2050 -633 250 -529 
-849 -1369 166 -202 221 282 -750 -1166 -472 
-56 -63 0 -878 -715 285 -19 -57 -718 
-453 -651 -1708 -250 -773 -1841 -27 -527 -3393 
-357 -450 -970 754 305 -445 197 -372 -1398 
-97 -568 -669 -746 -137 -543 218 173 -1700 
507 0 0 -49 0 0 436 0 0 
400 0 0 162 970 -562 693 0 155 
303 0 0 0 86 0 347 754 155 
-58 -172 0 -511 -866 0 -303 -193 0 
-122 -250 0 -173 635 -33 784 -126 0 
2 103 0 -844 -147 0 -204 -84 -1916 
439 663 318 -22 1250 -515 368 433 65 
379 482 3 146 848 64 526 -16 -100 
325 491 264 -253 -190 -27 331 387 -83 
-26 516 0 -297 130 -433 231 1443 0 
-44 20 0 -398 918 -425 225 -20 0 
222 111 0 -473 -852 -20 -883 -266 -1053 
-537 -172 -696 -963 -114 133 -1425 1537 -66 
-945 -404 -350 -442 662 -380 0 890 -266 
-287 82 -533 -966 381 509 -1933 -505 -720 
-894 -172 -1385 -1690 520 -1666 -500 -3250 -1815 
-1214 86 -214 277 354 -669 100 233 -2060 
-748 -295 -632 266 -483 -675 -2333 243 -1692 
572 200 214 404 933 27 198 206 357 
406 319 242 397 994 455 422 262 107 
419 277 302 148 240 50 245 219 2 
200 -892 -740 697 -75 200 -633 177 -51 
-169 -395 -133 58 375 843 -336 -254 -481 
-16 277 -20 -769 -115 333 76 -160 -510 
411 -209 -988 558 57 -1211 289 -758 -1512 
55 -15 -392 535 145 -352 240 -557 -1369 
193 152 -34 -205 -350 -503 377 -246 -2203 
