-156 724 -146 18 2023 -2382 -471 2239 -2022 
-434 221 -1418 -161 2021 -2343 -15 1562 -2831 
495 1721 -247 -26 2608 -1597 723 2427 -1918 
-742 -97 -1645 -464 986 -3247 -1030 1257 -2387 
-464 -182 -1143 -762 1110 -1945 -271 643 -2194 
177 652 -417 129 2101 -1324 281 1589 -1756 
913 1583 557 993 2127 -1084 817 2768 -1244 
167 724 -100 -270 1969 -1361 11 937 -1643 
584 1317 410 544 2186 -371 908 2063 -867 
-760 -354 -1241 -880 121 -2950 -1088 -966 -2340 
-764 -750 -1734 -1358 275 -2179 -860 -118 -2089 
-275 264 -412 -781 1227 -1770 -506 606 -2113 
-635 -468 -1019 -1457 269 -2277 -804 408 -1840 
-618 -518 -882 -850 627 -1460 -497 170 -1549 
-44 15 -255 -351 780 -860 -114 611 -1237 
63 140 -194 30 483 -1285 534 414 -1586 
-275 -205 -581 -602 925 -949 -569 700 -1505 
132 421 74 -96 1097 -1054 332 1209 -1090 
907 1437 654 1414 2801 741 1370 3320 -82 
232 375 229 366 2186 -446 1335 1681 -573 
739 1216 809 885 2583 526 1577 2361 -626 
41 113 -210 177 1690 -1395 497 1667 -291 
-106 195 -221 -214 1299 -964 35 1065 -1169 
267 473 393 351 1542 -823 484 1283 -837 
709 1607 675 788 1956 205 2008 2663 -446 
214 490 190 75 1307 -316 430 1116 -520 
682 957 694 652 1608 49 832 1664 -298 
-656 136 -819 170 -225 -3313 -1120 1471 -2189 
-788 -591 -1645 -1097 395 -2737 -800 1175 -2821 
86 282 -544 -1203 625 -1879 -262 878 -1956 
-787 -595 -1088 -1470 -28 -2810 -1254 1156 -2208 
-643 -384 -1166 -717 148 -1891 -496 51 -1870 
-286 -24 -476 -70 417 -1044 -137 219 -1762 
207 280 13 -39 749 -647 -672 1983 -1687 
-663 -35 -683 -603 756 -1663 -638 93 -1624 
97 78 -29 -376 643 -1189 -214 670 -1344 
-586 -295 -824 -1220 151 -2234 -621 277 -1925 
-806 -504 -1017 -1058 -65 -1514 -556 224 -1651 
-222 126 -444 -635 36 -1448 -581 11 -1598 
-636 -595 -713 -754 122 -1462 -486 30 -1234 
-469 -428 -503 -455 125 -850 -343 -101 -849 
-126 -127 -237 -188 295 -551 -66 50 -588 
-153 -248 -163 -618 96 -908 -210 342 -994 
-424 -418 -407 -471 37 -867 -386 127 -1014 
-31 -15 -34 -180 395 -533 -53 188 -552 
-58 248 -507 87 373 -1521 -337 988 -969 
-487 -313 -462 -418 967 -1602 292 302 -1414 
131 333 -112 -429 484 -1240 -43 414 -1234 
-253 -326 -333 -334 274 -1229 -383 504 -996 
-393 -365 -376 -481 87 -864 -340 68 -1093 
-49 -99 -34 -107 655 -583 -24 214 -512 
121 35 52 -378 296 -728 84 476 -605 
-397 -281 -385 -446 28 -805 -343 124 -911 
113 123 78 -127 429 -407 17 349 -506 
517 1133 664 1056 1280 -447 1030 3272 -506 
228 672 69 439 1486 -380 803 1659 -843 
1104 1653 761 518 2642 490 874 2688 -424 
-88 326 -170 68 1017 -294 -593 1627 -951 
-151 89 -567 24 1243 -752 237 651 -804 
422 877 -12 807 1499 -9 432 1206 -417 
907 1459 1350 841 1874 705 1570 3077 254 
158 510 16 190 1588 -280 69 1022 -250 
709 836 900 622 1603 143 889 1758 -96 
20 -40 -155 525 638 -1260 1111 1611 -596 
-296 225 -86 -245 549 -1260 326 1278 -621 
342 508 239 8 645 -543 137 770 -593 
-55 -46 -129 -40 681 -578 184 506 -451 
-136 -48 -119 -109 560 -350 -20 375 -490 
284 353 363 221 915 32 349 746 14 
361 397 234 176 609 -181 419 1229 -440 
-14 -10 18 14 385 -325 79 676 -589 
315 362 390 298 1001 -97 417 829 -192 
618 741 291 278 1724 -238 1197 2575 -828 
111 471 136 147 1387 -541 442 1713 -247 
637 911 621 266 1491 85 560 1538 237 
186 268 10 114 998 -370 580 1138 -462 
-33 56 17 -23 500 -292 116 485 -482 
293 343 408 251 955 -149 320 705 -162 
686 726 645 406 1144 11 767 1430 -30 
110 208 166 -5 542 -101 108 520 -356 
473 571 520 332 849 194 432 867 0 
-80 548 -250 -90 2586 -1014 1223 3729 -1317 
-168 -1166 -2247 -314 993 -2516 184 540 -3323 
1064 1181 571 1094 2420 -1660 1383 1778 -1100 
-986 -1700 -2542 -1066 640 -3942 -2066 -466 -2936 
-1304 -731 -772 442 1097 -1054 -1082 523 -2523 
-172 -860 -788 400 950 -733 183 2164 -2284 
894 1720 2650 1166 3000 -1833 2257 2700 1225 
-22 141 -333 -106 1992 -1252 -146 -819 100 
400 1721 413 252 1440 283 616 2477 -1127 
-1355 -496 -1314 -2966 400 -2840 -1033 -1760 -2912 
-1544 -1421 -1661 -775 600 -1300 -1288 500 -2180 
260 85 -1200 -425 1314 -1960 1885 22 -1820 
-1466 -766 -1258 1000 -733 -4650 -1314 800 -1105 
-704 -854 -823 -351 934 -903 -396 149 -1228 
149 -250 -167 -257 700 -890 78 140 -915 
286 -1000 -2290 500 300 -1266 340 -819 -50 
-388 -520 -612 -84 363 -995 -246 -184 -1427 
172 633 -67 -175 520 -1210 250 621 -1447 
976 -511 -19 733 3257 -800 1240 833 -436 
-127 -307 -750 1085 2030 583 266 433 -2242 
878 1338 1923 3353 2555 -1371 1870 -1200 117 
338 -221 -522 833 1700 -100 100 600 44 
-427 -59 -425 -208 1320 -417 16 656 -1122 
231 309 -221 -40 1160 -882 -164 224 -556 
597 560 408 -369 3200 -1760 -244 633 400 
-293 -127 -533 -48 929 -238 -77 976 -1095 
240 212 113 246 1107 -38 304 987 -914 
54 1066 -285 -1266 1700 -111 -663 1264 -1545 
-396 -70 200 183 1260 -2340 -1150 260 -1120 
741 785 -130 -1116 3042 -3600 753 -54 -557 
-1486 -1380 -966 -2475 1400 -1945 -2384 50 -1607 
-1212 -118 -337 -371 637 -795 65 -152 -636 
-5 -444 -310 -485 1000 -466 48 229 -955 
487 1160 281 3466 1762 -1690 2050 2626 -2077 
-451 -478 105 -640 1411 -1031 911 116 871 
273 600 434 169 994 -200 3 626 -800 
-755 -280 -665 -725 -208 -1747 -666 1000 -1209 
-649 -574 -745 -541 -12 -981 -169 247 -1362 
-92 350 -41 -500 542 -810 -262 175 -1248 
-829 -607 -789 -669 62 -1065 -288 208 -863 
-478 -353 -447 -338 387 -576 -306 -46 -767 
-110 -71 -78 -249 322 -555 -121 96 -452 
-164 -81 13 -409 295 0 -154 435 -828 
-493 -363 -274 -462 79 -712 -331 164 -928 
-33 -30 58 -154 435 -491 -53 153 -537 
-316 92 -164 -80 1557 -881 -266 1019 -758 
-287 -533 -280 -75 416 -315 -458 76 -416 
158 370 63 -519 375 -715 -60 395 -526 
-544 -248 -544 -394 -282 -1691 -358 -341 -1256 
-460 -463 -397 -513 174 -739 -309 162 -1024 
-65 -123 -120 -196 760 -441 -62 192 -481 
135 100 97 -215 262 -213 -76 319 -170 
-474 -288 -364 -351 163 -642 -212 255 -743 
29 36 -13 -88 452 -304 22 271 -473 
284 673 591 1630 495 -100 247 1843 800 
-494 -316 -1160 221 1416 -1500 -146 425 -1000 
936 947 -114 -971 2870 -433 775 2288 -1789 
-770 -656 -1060 -1825 1226 -1566 -520 815 -1885 
-675 -522 -600 -350 972 -850 -424 684 -793 
109 341 -16 -280 981 -250 -37 576 -519 
926 1011 1348 1000 1760 857 1639 2914 919 
-518 -40 -412 -200 902 -616 -469 -1050 -218 
264 292 725 327 785 -544 338 1275 -331 
-106 -51 626 140 145 -1373 -100 120 -1173 
-263 -400 -672 -35 593 -288 248 516 -1048 
130 555 468 0 1476 -133 355 1446 -962 
-331 -276 -381 -116 760 -1045 10 301 -375 
-193 -176 -331 -242 599 -546 -117 128 -886 
208 91 150 -142 716 -300 135 379 -271 
484 595 270 300 1452 -1466 910 630 -1233 
-243 58 -201 -161 487 -514 -159 605 -1103 
233 122 348 90 1063 -344 220 610 -464 
343 249 755 685 458 -546 1400 1148 -122 
-165 -216 -446 700 1106 -448 245 522 -386 
591 250 480 697 1045 271 512 1163 207 
-217 -81 273 113 813 -834 129 211 -60 
-177 -12 -147 -161 520 -456 -115 379 -669 
289 216 72 20 1226 -295 234 610 -376 
600 444 567 274 873 -219 327 940 135 
-138 18 -96 -70 554 -259 152 571 -451 
332 311 283 103 803 35 245 515 -368 
-593 702 1120 33 2782 -1800 1155 4082 -1862 
-473 274 306 -1400 2159 -2333 -133 2371 -3190 
742 2537 1400 -37 3176 -1633 1733 3947 -1333 
-956 -984 -1023 300 620 -2400 -300 640 -2471 
-503 -550 -748 94 1349 -969 -1107 1140 -1660 
1037 729 424 660 2785 -525 1222 257 -1247 
1446 2663 2856 -628 2576 -1675 -457 380 -400 
-141 46 1254 45 2620 306 955 150 0 
596 1568 1610 1330 2377 609 282 2152 -597 
-1264 -790 -212 -3100 -400 -2258 -960 0 -1300 
-652 500 -1140 -1909 -114 -1957 -25 -166 -3200 
-338 763 -150 -1542 666 -942 -33 -1600 -900 
-717 -392 -662 -2350 814 -2888 -366 1050 -1336 
-426 -171 -115 -216 1200 -731 -313 553 -1021 
364 433 445 9 1306 -85 86 641 -453 
776 328 36 -333 1260 -1133 866 500 742 
-91 -447 -425 11 947 -446 146 1560 -1641 
457 943 143 454 673 -270 173 704 -1182 
1545 284 2166 2971 -100 1000 875 2260 -814 
-474 778 -453 1350 1939 -2083 -600 866 -1200 
761 583 400 120 1600 300 1325 2066 1820 
-100 1090 -416 400 1085 1325 -233 500 -440 
-100 29 -122 -239 1388 -490 0 1530 -611 
359 608 472 -441 1764 100 407 1331 -726 
2034 1430 1352 -250 3160 1760 1800 1060 415 
4 338 -203 108 1100 181 131 1041 -661 
650 879 605 225 1321 570 394 1415 -381 
92 800 710 882 915 -2569 -1506 1916 -881 
-578 -400 400 1400 733 -1480 -1016 966 -3235 
1055 1687 772 -714 4355 -200 1160 175 -1653 
-787 -1192 -1210 -271 254 -1114 80 1016 -1600 
-826 -338 -261 -627 917 -1172 -446 1164 -988 
313 -278 826 -30 1562 -305 348 -232 -1375 
1413 1030 593 780 1777 -1311 1166 2436 -800 
145 -366 152 -33 1302 -425 800 875 2720 
513 544 677 1066 1189 -239 -62 810 -1049 
-293 108 -241 -457 -580 -1762 -444 -228 -1386 
-529 -417 -643 -487 303 -812 -311 -616 -1007 
177 571 -34 -136 152 -785 169 445 -1037 
-551 -393 -494 -373 52 -1022 -428 321 -835 
-377 -308 -389 -258 471 -702 -304 -28 -881 
-23 8 -29 -177 443 -481 -28 232 -474 
-28 16 471 51 635 896 263 245 -837 
-433 -299 -252 -271 258 -753 -142 312 -1238 
121 84 64 -54 613 -613 78 376 -748 
-76 -180 -283 200 -288 -320 733 -66 -1646 
-350 -100 -173 -240 368 -54 -316 140 -220 
51 237 -296 -300 246 -490 88 762 114 
-230 -451 235 368 -88 -1155 72 -733 -808 
-379 -293 -361 -360 266 -657 -154 197 -1155 
15 83 -36 -59 867 -784 57 358 -676 
666 453 582 50 802 -592 -32 1127 5 
-269 -254 -221 -277 492 -663 110 598 -905 
163 199 -3 126 894 -225 147 593 -566 
691 374 1091 1571 2123 -982 470 2187 -320 
-623 5 413 166 1580 -288 -186 1340 -1388 
1069 969 1608 100 2250 -500 316 2966 -1780 
-566 -112 -1233 2244 1725 -1163 -100 620 -693 
-742 -200 -272 -362 1139 -350 248 666 -236 
458 415 311 -346 2322 -733 171 1493 -356 
1600 1736 1012 2070 2546 600 4666 3025 -377 
-223 521 316 252 1712 8 338 1900 475 
790 668 1383 741 1569 -182 591 1950 -440 
209 453 323 418 1010 -983 -416 1129 -641 
-164 -529 -280 328 775 -65 340 540 -476 
391 754 496 133 1733 514 496 1544 -901 
-95 108 -179 -71 455 -350 233 522 -188 
-70 -34 -54 -48 505 -258 -19 229 -562 
316 272 405 81 735 -253 273 574 -160 
597 786 517 789 1070 1167 725 971 -471 
-15 99 -12 31 442 -357 96 455 -485 
389 372 518 244 1047 -66 455 767 -170 
810 518 969 745 1646 -604 1406 1955 233 
15 162 609 530 1316 -101 337 504 -123 
1003 840 1154 1022 1315 200 1304 1664 -120 
354 195 224 579 1072 -224 359 829 -36 
-31 -5 -33 -9 466 -223 61 480 -388 
433 327 281 234 973 -122 383 591 -122 
731 702 843 552 888 53 863 1349 102 
7 85 32 -11 435 -157 207 646 -295 
431 397 397 218 732 132 319 579 -274 
952 743 506 356 2472 -2130 887 2886 -1318 
57 300 -753 327 1598 -1547 173 1125 -1402 
1040 1247 989 252 2436 -866 200 2073 -994 
-407 -813 -1176 -314 1593 -3070 -1128 1178 -2040 
-215 -367 -845 -610 666 -2003 93 43 -1150 
-94 11 -228 405 1804 -1571 513 688 -1291 
1445 702 1145 868 2572 -564 854 3071 -1225 
265 268 94 69 1339 -670 103 335 -772 
630 935 626 -200 1703 -217 222 1697 -345 
-166 -927 -935 -600 1141 -2840 -711 -280 -1866 
-545 -804 -1611 -1333 272 -1987 41 766 -1870 
158 472 -258 -780 2285 -1414 90 358 -1780 
-802 -628 -1225 -600 1789 -1590 -968 -400 -1751 
-528 -734 -758 -503 470 -995 -368 -71 -1335 
37 -440 -130 -167 998 -126 78 -56 -979 
251 -121 -116 -192 558 -2116 190 1341 -763 
-333 -413 -52 -333 806 -792 -109 -96 -1157 
358 81 201 -29 710 -804 340 -46 -741 
2054 1000 1676 1351 1570 1828 1580 3450 428 
501 219 -415 148 2078 -1412 1350 1828 -421 
1314 853 500 629 1750 133 1636 1544 154 
242 -448 -502 13 2566 -2110 -216 1986 -1471 
-221 -296 -120 -132 964 -671 -38 547 -1148 
346 87 344 32 1131 -371 775 949 -709 
1273 1028 1078 1025 1314 -266 400 2627 -691 
134 -71 108 22 817 -270 425 773 -557 
768 538 505 443 946 -52 753 962 -122 
234 -20 -380 -466 490 -2404 -166 3308 -1981 
-554 -954 -1213 -237 182 -1486 -1560 880 -2086 
690 -200 1086 -705 1427 -683 -733 1287 -1183 
-919 -804 -1070 -1814 400 -2094 -213 309 -1696 
-712 -970 -776 -979 -60 -1232 -404 -1073 -1167 
-136 -73 -536 -478 -113 -720 -651 -262 -852 
196 -93 -78 -30 1553 -1968 1600 966 -1513 
-329 -51 -381 -283 449 -735 151 107 -1226 
275 357 404 43 271 -706 189 474 -738 
-108 -477 -291 -888 -539 -1994 -872 572 -1809 
-444 -794 -657 -469 348 -647 -463 489 -1211 
103 -266 -140 -305 511 -385 -168 434 -884 
-519 -734 -610 -483 -61 -1095 -209 -222 -737 
-454 -525 -410 -361 -108 -622 -316 -239 -595 
-33 -203 -100 6 318 -192 -2 -6 -255 
59 -159 2 102 588 -380 304 580 -575 
-398 -475 -298 -418 -107 -649 -126 76 -695 
80 -66 41 17 278 -215 -1 112 -310 
902 112 648 26 889 -750 226 2170 -725 
-3 -376 -643 -174 590 -531 -540 384 -120 
616 57 483 94 1440 -1186 -92 936 -366 
-144 -477 -264 -40 -425 -480 -77 195 13 
-407 -458 -346 -429 -156 -619 -321 -181 -545 
32 -229 -2 220 397 -116 159 22 -22 
425 -128 166 -35 301 -210 393 329 -415 
-315 -310 -205 -312 -153 -512 -221 84 -503 
189 72 171 -47 213 -243 60 155 -243 
1611 1371 1346 3242 1774 27 3026 3425 -615 
6 75 -1184 1223 1018 333 950 1040 -1437 
1672 1046 2357 835 2294 -2085 814 2360 866 
11 315 -144 1022 1493 -533 -171 1184 -681 
-118 -427 -153 6 849 -653 282 372 -814 
630 700 205 1125 2446 -40 820 993 -422 
1461 966 733 1300 1308 300 1854 3133 511 
274 596 112 301 1450 -60 781 329 247 
831 953 826 621 983 56 1104 1016 168 
706 -118 497 440 703 -175 1171 900 -146 
-44 -73 -464 0 95 21 148 1189 139 
562 706 415 -655 317 366 -400 891 -353 
120 -359 -116 160 480 -520 491 464 -553 
-143 -175 -126 -106 160 -264 24 286 -323 
378 186 294 165 526 -76 296 450 -3 
573 247 347 233 758 793 470 1207 -269 
-21 -155 133 1 -19 -225 -112 272 -454 
378 198 327 328 550 433 326 482 77 
1459 1093 1178 1275 1213 -190 1992 2478 -554 
278 -173 135 488 1288 -25 508 490 9 
990 891 1202 477 1030 1033 850 1042 626 
398 114 275 137 847 -659 476 666 -440 
-2 -45 37 -19 217 -191 23 12 -239 
309 132 327 34 670 -177 343 470 40 
946 699 873 403 655 100 1063 1352 122 
157 27 182 2 282 -50 149 237 -209 
516 394 488 286 574 206 394 580 82 
1911 2107 1982 2144 2086 193 1820 3620 95 
-416 737 462 1633 2016 955 1164 -575 -2952 
1468 2335 1520 1589 3863 -1000 1639 2444 704 
515 500 -763 685 4033 -420 628 2266 -380 
160 593 800 48 1901 33 -81 669 -770 
590 609 782 800 1066 800 560 2023 -234 
2033 1663 2594 1600 1660 -400 -1460 3223 111 
484 -246 1309 1161 1246 2254 400 -1200 80 
1547 1570 1569 425 1762 733 1225 2156 534 
1258 1254 1151 340 -1000 -311 2942 2852 -366 
-217 712 1240 2000 1588 -1350 40 1733 -1066 
976 1588 1406 1042 2215 60 1304 1153 -569 
174 658 505 850 3057 2140 680 2523 -220 
98 1 323 273 831 -336 -18 186 -845 
730 504 280 1147 1515 -512 525 630 -69 
1289 1042 658 375 1175 440 1080 1555 327 
214 -323 260 38 1780 -54 -309 225 -173 
948 732 784 905 1253 215 669 775 -63 
2079 1839 2378 2816 2800 2212 2613 2946 763 
1022 2006 766 2350 2295 -342 2933 1420 -1654 
1658 1580 1969 1085 2886 -1120 1414 1666 810 
1198 223 1296 1825 4466 800 885 1060 300 
304 708 614 544 1365 -434 131 -586 -632 
514 285 496 1360 1960 488 789 320 254 
1650 2420 1680 1430 1808 1525 2470 1866 826 
401 482 196 594 918 52 1170 723 -391 
1073 1030 795 832 1371 302 857 1352 233 
1949 1610 1605 1457 2936 -723 2671 3516 124 
721 1066 535 2360 2721 -582 2457 1555 -1868 
1485 1111 1646 1794 3712 -1066 2640 2371 229 
709 595 -53 584 3045 -250 1638 2152 23 
-86 48 155 703 809 -1729 60 578 -583 
487 51 462 1570 1242 220 941 812 -255 
2196 1907 1435 1600 2536 811 2220 3310 1625 
552 536 515 1200 1578 -314 -120 1911 -835 
1237 795 795 1232 1476 110 803 1251 -115 
928 620 994 1149 1447 4 1854 2971 -280 
191 266 -167 760 706 -602 615 357 -688 
1196 1232 1070 934 1539 782 964 1257 -84 
504 379 349 858 881 -252 1209 1232 -14 
91 -41 24 399 649 67 460 386 -191 
515 167 212 610 828 -46 487 333 67 
1257 958 881 1180 1164 483 1408 1689 -289 
57 -127 84 270 498 -303 343 497 -418 
500 216 263 506 926 171 452 479 8 
1904 1368 1602 1900 2161 1702 3332 3277 1041 
768 552 819 1643 992 112 1015 -185 -509 
1706 1244 1108 669 1810 160 1522 1372 196 
621 598 447 523 1430 672 553 700 -249 
-48 -186 -56 -30 469 -255 286 347 -491 
294 -30 121 428 1265 -256 333 424 -123 
1204 1052 1037 620 568 747 1000 1270 292 
-45 -148 -60 281 507 -319 486 683 -234 
483 344 248 563 809 61 439 427 -111 
2562 2324 2183 2859 2872 900 3800 4160 781 
623 2184 1050 1618 2893 2800 3885 2771 -476 
2862 2687 2409 2426 4121 -633 3028 2608 2174 
1421 482 918 -714 1177 120 2050 1314 -919 
231 136 483 708 1181 -562 246 730 312 
1055 1578 1536 54 2240 800 1100 1875 606 
2754 1400 1827 2276 1924 2200 3400 2700 -900 
582 340 767 640 1255 -50 442 1030 694 
1475 1156 1287 1077 1793 536 1013 1397 509 
1902 1209 2290 1092 1244 1872 1562 4173 -520 
546 517 611 733 1400 -646 1328 550 -560 
1248 523 1017 1380 2377 550 1915 1127 -33 
718 425 1013 474 2127 997 1240 1244 233 
234 235 237 327 963 -30 431 670 -110 
984 537 638 576 1184 306 759 741 253 
1601 1410 443 1252 1345 875 1143 1078 733 
570 225 381 735 1294 138 1094 1633 208 
956 558 695 1062 1634 704 1013 997 371 
2166 1366 2021 652 1625 1800 3176 3365 604 
702 160 690 1057 1701 215 1020 129 -13 
1575 1363 1189 505 1383 1236 1470 1088 932 
1278 1025 966 392 1167 1072 1066 1337 385 
416 295 372 475 966 138 624 875 201 
1158 582 731 852 1703 442 1195 901 654 
1567 1058 1224 1190 1517 1266 1350 1538 395 
428 337 316 472 843 190 959 928 385 
798 541 551 802 1275 555 787 779 185 
2503 2853 2610 3700 3692 2696 3944 3871 -35 
1108 3078 2063 2722 3382 -1733 2018 3512 533 
2836 3846 2482 1352 4149 919 1320 3387 530 
288 -973 475 -1400 3390 -3709 1025 3950 -4828 
188 893 1040 488 2758 -1726 476 -32 -1600 
1612 1400 2018 -220 3841 225 950 2309 -634 
3540 3493 2163 2800 2769 780 1820 3045 -433 
1430 2280 2142 1869 3360 2216 1266 2177 1222 
2521 3223 2683 1085 3140 170 1678 2658 679 
1345 1157 1234 2480 2633 25 2955 3654 -514 
645 690 700 -275 1375 -1022 620 971 -1538 
1356 818 1894 127 2773 766 225 2290 -22 
-165 -1045 450 1133 516 125 1060 3428 171 
148 364 329 337 1226 -58 302 384 -434 
700 292 640 495 1520 128 574 964 -371 
1539 1371 1368 2020 2516 33 933 575 -444 
117 -351 -123 325 548 -628 360 -200 -662 
1225 971 1183 695 1768 150 589 835 -148 
2949 1800 3147 3737 3450 4640 1620 2896 -2800 
1377 1517 -233 3400 2556 -700 2400 566 628 
2376 2916 2037 2290 3252 -1250 1700 2285 790 
497 -692 1700 1300 2566 1900 -819 2771 -933 
417 164 468 406 1501 50 668 975 -110 
982 425 1312 -525 1836 1550 903 1263 -55 
2108 2214 1839 1060 2917 1428 160 2800 1200 
695 400 161 477 1240 568 857 491 115 
1441 1013 796 1170 1392 656 1230 1592 307 
1738 987 1506 200 1320 -1450 3584 3212 -672 
-715 1300 -828 -80 1146 660 -2133 3171 -5028 
1078 925 2076 -1100 -220 0 -416 2140 -663 
129 1300 200 1725 950 -75 200 1628 -1050 
73 171 450 104 631 -714 -200 -333 -813 
680 270 700 133 588 -533 376 2085 -127 
1891 2033 727 -833 1660 566 666 0 -966 
-142 950 -233 -93 712 -1171 -466 -233 -1650 
1573 982 923 800 610 -709 1090 1633 -600 
676 223 944 -96 1227 -1095 466 570 -32 
-28 476 17 100 468 296 590 1000 127 
766 902 253 -100 811 -625 563 544 -28 
94 33 110 287 380 -394 508 677 -22 
-92 -208 -122 -101 368 -251 -43 62 -612 
388 279 225 8 740 -111 225 348 -12 
1172 828 970 638 1192 221 1358 1557 -181 
55 -260 103 8 279 -324 94 695 -552 
395 4 272 302 869 -184 344 243 -67 
1517 -750 2210 -18 150 -1000 2039 1775 100 
581 528 -257 1355 2033 -420 440 366 -1050 
1404 218 250 -380 550 0 -166 780 -222 
793 228 1411 786 325 986 1211 885 720 
75 160 38 253 418 -370 405 630 -456 
471 37 -143 424 1632 302 564 730 -112 
1036 1246 340 370 326 -339 1376 890 111 
131 65 165 281 493 -86 621 915 -124 
476 405 421 547 990 298 643 745 164 
2387 1493 2044 2890 2268 42 4070 2990 258 
570 894 -18 2127 1156 -700 1850 1646 -2054 
2402 2353 1966 1571 1472 -150 1454 2130 -406 
790 1221 1600 2036 1716 742 1977 1600 -1300 
255 223 554 593 935 612 685 1127 -161 
1425 1183 1800 1714 1190 500 1330 2375 354 
2496 2179 2154 1018 1739 800 2614 3125 -257 
313 232 521 550 1432 108 905 1200 181 
1443 1125 1393 1677 1541 518 1589 1921 23 
1233 596 925 1100 1057 425 1819 1674 1566 
55 296 -305 294 1027 1125 432 620 -63 
878 661 1044 -229 600 50 -232 838 1390 
488 54 485 346 579 -142 763 685 188 
48 -30 93 143 365 -13 244 367 -152 
765 514 633 468 866 158 529 696 226 
1341 1309 403 778 1112 363 1003 1395 806 
141 106 268 249 488 56 444 610 -47 
707 473 651 542 849 580 531 661 148 
2089 1714 2250 1816 2390 1782 2729 2309 946 
870 417 939 -13 1334 395 440 933 1045 
1584 1435 1499 797 2104 2100 1469 1862 890 
1111 630 1062 677 1120 241 721 383 -261 
205 156 144 209 480 1 391 360 -15 
771 512 477 589 989 39 778 670 378 
1615 1091 1482 760 1260 846 1134 1689 409 
293 171 231 249 427 45 631 528 0 
837 572 616 564 678 387 590 433 -37 
-54 416 -478 116 1862 -1784 607 2608 -1457 
-703 -747 -537 -207 1308 -1967 100 1217 -1411 
604 1368 343 325 2008 -620 577 1775 -1383 
-956 -698 -970 -800 663 -2356 -144 951 -1488 
-607 -202 -527 -284 1145 -747 15 565 -1476 
3 1014 71 948 1845 33 446 1000 -825 
807 1580 525 991 1665 -245 500 2655 -1517 
-475 501 175 -264 1494 27 -248 1878 -596 
490 1539 662 749 2036 288 838 1689 -143 
-1636 -573 -887 -2381 -250 -3233 -1109 -600 -2126 
-830 -765 -1503 -878 -286 -1892 -1212 1900 -1309 
-280 -417 -391 -390 668 -1540 -547 723 -1302 
-1099 -767 -610 -1113 1496 -810 -200 1854 -1050 
-714 -494 -499 -856 485 -955 -379 184 -874 
-31 20 26 -174 894 -436 26 493 -680 
-312 -518 425 -1311 1075 -375 522 894 -1966 
-501 -37 -66 -482 377 -704 195 1571 -1135 
61 324 300 91 604 116 690 1110 -469 
551 1182 190 2017 2184 836 2123 2442 -1550 
18 461 109 540 1027 -312 240 3050 -1140 
1060 768 1134 1076 1273 -426 257 1635 -264 
-358 265 -137 -1430 1096 -235 -545 621 123 
-278 187 -113 -155 1013 -544 219 816 -600 
218 664 538 572 702 -365 716 997 -632 
478 1076 644 -322 1867 -341 588 1668 -1000 
53 232 348 214 847 -166 332 458 -636 
704 916 799 815 1203 418 867 1514 270 
-1418 -1140 -1164 -2247 -440 -3466 -2061 72 -2150 
-1573 -1200 -1029 -571 441 -2629 -277 -1155 -2231 
-11 70 -183 -577 -120 -2466 800 -283 -2079 
-1480 -1171 -1023 -1516 -811 -2168 -1600 -1044 -1358 
-976 -711 -832 -944 158 -1909 -290 290 -993 
-352 -200 -63 -769 390 -82 -48 -1977 -1119 
12 60 -84 -1142 -755 -1933 -306 1357 -2182 
-597 -735 -614 -531 740 -17 -626 -112 -1011 
-24 175 -76 -301 1063 -1050 102 536 -747 
-1265 -861 -649 -1737 -557 -2064 -1048 -354 -924 
-1267 -695 -617 -16 -229 -792 -425 -728 -850 
-475 -27 -339 -340 740 -707 140 48 -1154 
-913 -830 -614 -675 0 -1312 -583 100 -800 
-528 -424 -375 -457 -51 -571 -378 -147 -533 
-186 -137 -81 -307 178 -320 -69 24 -251 
-260 -460 -188 -571 -89 -908 -466 202 -1187 
-462 -323 -263 -406 -95 -533 -331 55 -665 
-25 -10 107 -242 325 -207 -75 179 -323 
-356 117 -491 -66 1314 -2706 1042 1866 -1380 
-643 -483 -560 140 734 -900 -100 -685 -1175 
212 805 227 36 674 -1480 254 262 -1400 
-644 -87 -132 -166 -23 -1000 -264 17 -780 
-447 -339 -270 -252 -25 -595 -223 -121 -689 
-11 38 40 -96 528 37 109 303 -81 
54 -4 230 -304 181 -724 -127 276 -450 
-387 -312 -162 -377 -54 -509 -185 197 -412 
135 143 312 -128 292 -98 21 182 -165 
-121 536 204 138 1595 -1674 1200 2168 -819 
-327 251 171 -558 1663 102 675 753 -106 
1102 1282 942 -35 2183 -854 1503 2466 71 
-188 273 -345 -622 466 -1045 0 1304 -1612 
-437 -40 -358 -120 1161 -533 317 366 -401 
332 549 437 6 1225 -280 529 382 -600 
868 1308 777 -90 1700 -536 766 3115 -1400 
121 394 124 230 1251 -222 382 211 -710 
710 1044 759 304 1697 -186 971 1163 754 
-567 -249 1 -1761 290 -704 -47 916 -474 
-427 -133 -162 -84 7 -1110 416 822 -518 
296 479 340 -662 869 -637 727 491 -646 
-326 -125 -164 -138 586 -305 335 675 -370 
-180 -143 -63 -101 190 -180 -108 190 -310 
310 261 287 192 487 -40 315 509 237 
379 9 341 275 589 302 429 744 45 
-67 -100 23 -117 36 -305 -144 288 -483 
375 180 397 124 584 196 280 494 137 
417 821 608 400 2058 -96 1072 2463 379 
-37 492 -56 500 946 -311 754 578 -17 
634 831 670 397 1473 -893 906 1333 64 
57 202 330 68 654 -489 615 963 -200 
-68 23 117 23 310 -105 167 380 -217 
397 343 457 411 571 47 508 625 209 
564 609 877 260 391 300 592 878 308 
88 128 274 -39 279 50 68 254 -174 
501 511 563 319 568 296 421 618 173 
-2550 -1958 -2589 -1811 -123 -4061 -1407 2068 -3060 
-2376 -2778 -3379 -1144 -533 -3851 -2181 -4375 -3088 
-784 -100 -2305 -1080 427 -3341 -1676 -1737 -3419 
-2660 -1938 -2696 -3366 -1355 -3666 -1739 -1111 -3307 
-2021 -1280 -1847 -1436 -570 -1953 -1834 -834 -2764 
-1501 -1690 -1432 -2022 3436 20 -1524 -533 -3282 
481 580 133 -1040 850 -1566 -566 2525 -3200 
-1361 -1628 -2800 -1630 1558 -455 -1511 -260 -2355 
-419 557 -544 -509 1900 -556 75 963 -2314 
-3309 -2514 -2505 -4236 -260 -4380 -3753 -4044 -3379 
-2868 -1623 -3083 -2900 66 -3095 -2200 666 -3418 
-807 -1200 -1463 -2025 461 333 -2540 -1028 -3337 
-2309 -1704 -1982 -3885 -33 -2333 -3350 -280 -3482 
-1635 -1215 -1356 -1158 -103 -1498 -1052 -742 -1991 
-611 -397 -576 -795 125 -318 -445 -295 -1560 
-1100 -22 -2300 -1666 200 -2550 -866 171 -2288 
-1330 -1051 -1550 -1835 -417 -1958 -1380 -857 -1512 
-404 26 -210 -481 -205 -1504 -152 -592 -1719 
-1196 -954 -913 -840 -100 -2377 -740 -1220 1342 
-670 -1023 -1028 -3060 325 -2516 0 1225 -1307 
931 -200 730 -1072 366 66 -175 1914 -1883 
-1125 -1031 -482 -3533 100 -485 -2755 -1450 -1450 
-744 191 -568 -360 412 -24 -866 431 -1241 
30 282 -105 -1600 1225 85 83 263 -1161 
419 258 -333 314 -128 -1200 375 -780 -1266 
-598 -345 -645 -184 545 -440 -529 506 -1530 
-26 92 345 -131 720 -34 321 811 -1036 
-2153 -1913 -2187 -2871 -644 -3175 -1830 136 -2985 
-2395 -1157 -1820 -1283 -1033 -2982 -2036 -1266 -2477 
-739 647 114 -1189 -509 -2577 -433 -981 -2716 
-2178 -1896 -1677 -771 -1542 -1150 -1863 -272 -2057 
-1673 -1135 -1433 -1533 -810 -2034 -906 -577 -1472 
-622 214 -181 -1015 353 600 -237 142 -2113 
-326 -933 -425 -1457 866 -2422 -1771 1839 -1739 
-1392 -1557 -1081 -905 1280 -1141 -833 -466 -819 
-239 -431 -356 -746 -711 -672 -408 357 -1615 
-2124 -1693 -1517 -1788 -556 -2200 -981 28 -1921 
-1899 -895 -1763 -1828 -953 -1484 -1317 -1384 -1979 
-996 -917 -1213 -1225 -861 -1673 -807 -166 -1398 
-1541 -1225 -1008 -1238 -458 -1468 -792 -420 -1295 
-880 -642 -601 -621 75 -454 -679 -382 -818 
-290 -179 -169 -551 -144 -641 -292 -33 -501 
-1046 -1046 -497 -547 127 -500 -356 200 -959 
-933 -692 -591 -855 -318 -616 -746 -107 -1111 
-284 -288 -149 -491 145 -334 -265 -11 -429 
-1578 -1531 -1354 -1689 -409 -537 -461 2280 153 
-1341 -805 -542 -266 -117 -800 -104 -666 -892 
-426 -295 -792 -827 -143 -1438 -34 -151 -627 
-1272 -706 -1125 -1498 -581 -1641 219 1040 -688 
-899 -720 -496 -741 -370 -738 -729 -343 -1063 
-339 -398 -258 -466 197 -788 -261 -108 -528 
-485 -295 -121 -568 -68 -342 -190 388 -369 
-878 -535 -501 -643 -267 -483 -670 -76 -778 
-141 -91 63 -398 148 -372 -243 -7 -427 
-1635 -171 -1358 -1323 -386 -1866 -1500 1771 -836 
-1301 -44 -1733 -1600 1228 -2133 0 -200 -2866 
-1008 85 -557 -480 2666 -166 300 1700 11 
-1365 -120 -1150 -1800 0 -1900 -900 -500 -2060 
-1232 -875 -1600 -1410 748 -831 60 16 -1450 
-121 860 0 425 333 66 655 166 -1742 
924 828 -1333 0 380 333 -1100 1900 -1050 
-991 -592 -1323 -385 661 -815 -653 700 -1033 
24 609 484 -823 1007 1371 -53 1081 -542 
-1121 -1100 -108 375 0 -500 777 2057 -33 
-962 -1228 -337 -533 -1200 1060 850 -1366 766 
91 -66 -472 200 1000 0 -433 -66 825 
-727 -310 -392 -676 -387 157 -666 876 -307 
-460 -69 -382 -583 -107 -607 -709 -186 -1092 
-1 176 69 -574 337 -956 -270 281 -550 
-440 -276 40 512 133 -550 25 1577 -333 
-667 -372 -36 -447 -231 -806 -879 96 -998 
-110 -95 -93 -236 600 -384 -128 226 -472 
-352 -195 -77 321 32 -800 420 1611 -317 
-1242 -949 -1113 -121 304 -1228 -204 -225 154 
-223 409 -466 250 771 -1920 16 975 -470 
-1039 -827 -513 -440 -384 -1320 -63 -640 -1529 
-452 -244 -78 -284 158 -293 -355 6 -783 
-12 331 84 -253 802 -462 -25 348 -375 
-173 82 70 -352 -304 -391 20 474 -721 
-446 -267 -118 -321 94 -251 -242 189 -454 
165 221 293 -39 585 -156 103 345 -395 
-2248 -1352 -1810 -531 600 -3921 -2066 -206 -3500 
-2315 -1620 -2200 -1360 -218 -3060 -1552 1425 -3762 
-709 -1400 -589 -163 36 -2833 -771 1033 -3354 
-2533 -1809 -2061 -3050 -582 -2446 -2338 -1169 -2448 
-1716 -1407 -917 -1400 -580 -2007 -1968 -105 -1747 
-1007 -260 154 1222 1200 -466 -941 846 -2200 
-655 1266 -555 416 693 173 -983 740 -1460 
-1536 -1129 -1054 -740 325 -1080 -986 775 -1280 
-419 550 235 255 622 -310 -231 411 -1537 
-2548 -1966 -2119 -3000 0 -3662 -1400 -2550 -2608 
-1897 -1154 -1872 -2887 -1188 -3000 -891 -885 -3513 
-523 -1357 -457 -1916 -1611 -1200 150 -1616 -2631 
-2052 -1448 -1045 -2300 755 -2814 -1250 166 -1475 
-1272 -712 -668 -932 -47 -1194 -809 -326 -1560 
-258 -198 -672 -207 -136 -1083 -124 21 -1104 
-1130 -993 54 -1257 -740 -1320 -740 -333 -1760 
-900 -74 -892 -709 465 -781 285 1171 -1800 
-265 -78 -220 -33 233 -1026 172 169 -1225 
-1398 -464 -1148 -981 -1090 -1875 -781 662 -1600 
-698 -1076 -2053 344 -309 -2530 225 -644 -2480 
-62 -423 -272 -241 133 -1150 550 2100 -1907 
-1585 -827 -1466 -400 -628 -1127 30 -184 -963 
-944 -551 -1142 -672 -289 -1067 -850 331 -945 
-156 -502 -415 -990 312 800 -288 161 -1474 
436 -561 -376 -919 -293 633 375 819 822 
-411 -402 -274 -65 565 -535 -128 657 -705 
69 257 -142 11 726 -194 285 840 -532 
-2394 -1550 -1386 -3638 -1658 -3652 -2342 -1670 -3914 
-2756 -2075 -4162 -2133 -258 -2676 -2185 -480 -4677 
-1374 -830 -987 -1946 -953 -2163 -600 1911 -3177 
-2319 -2781 -2031 -4566 -2000 -2658 -1600 -1457 -2483 
-1581 -1347 -1585 -1244 -600 -1770 -1500 -472 -1953 
-308 -248 -268 -730 1157 442 -1000 -386 -1603 
-1134 -536 -1307 -1781 -550 100 -228 466 -2836 
-1544 -2000 -2013 -1622 -875 -457 -2400 300 -3800 
-444 886 -288 -674 -227 -811 -443 274 -1212 
-2051 -1462 -1532 -2715 -915 -2484 -2603 -2205 -1730 
-1891 -819 -1627 -1373 -1098 -1642 -1466 -1000 -1778 
-671 -229 -869 -590 -331 -1200 -544 -840 -1278 
-1459 -1257 -1022 -1193 -614 -1677 -823 -616 -1394 
-878 -546 -564 -834 -223 -787 -971 -583 -1309 
-503 -347 -361 -800 -266 -1054 -615 -233 -898 
-1162 -669 -383 -1426 -603 -708 -793 -8 -1278 
-1082 -639 -794 -1204 -521 -1143 -927 -426 -1621 
-423 -216 -240 -686 133 -831 -454 18 -855 
-1533 -1466 -962 -246 -1187 -1536 -542 -381 -1371 
-1905 -1061 -560 -276 -856 -1866 964 85 -2155 
-336 20 -655 -1000 -552 -1236 -417 -728 -1435 
-1510 -1047 -1116 -1577 -1000 -1989 -1186 -1875 -1582 
-991 -707 -795 -883 -398 -1137 -979 -389 -1625 
-651 -396 -653 -786 211 -1520 -558 -213 -1224 
-723 -524 -298 -1447 -735 -1361 -1090 53 -926 
-889 -577 -537 -822 -383 -824 -873 -187 -1277 
-339 -275 -193 -522 241 -671 -245 -11 -800 
-1774 -755 -1470 -1600 879 -4101 -1720 -328 -3389 
-2321 -992 -1063 -1261 -537 -2697 -2246 494 -3048 
-52 1078 343 33 1193 -2550 -1573 581 -1818 
-2071 -683 -1950 -2568 -323 -2294 -1385 -912 -1947 
-1839 -977 -1064 -1394 145 -1673 -1559 -187 -2076 
-832 40 -74 -590 423 400 -1442 800 -1603 
-361 897 -200 -3184 816 -990 -100 3120 -1620 
-1555 -433 -811 -1052 348 -177 -442 -1333 -1044 
-298 388 546 -332 563 -255 -461 1167 -1017 
-1630 -1082 -1493 -2724 -6 -3246 -2343 554 -1793 
-1624 -375 -1523 -1573 -331 -2185 -1405 -426 -1738 
-663 -25 -865 -1781 -373 -2183 -890 -805 -1216 
-1116 -809 -971 -1062 -116 -1559 -770 137 -984 
-597 -252 -274 -540 53 -380 -619 -19 -920 
6 89 158 -462 245 -707 -218 257 -445 
-901 -819 -502 -611 507 -832 -631 652 -1256 
-428 -201 -192 -435 71 -519 -722 -184 -1547 
-121 116 186 -287 479 -457 -184 315 -477 
-708 -301 81 -1014 126 -1215 -773 543 -890 
-1461 -748 -838 -726 -130 -1896 -913 -414 -715 
-232 23 299 -514 443 -494 -383 602 -635 
-1079 -697 -549 -1375 -144 -888 -894 -102 -1164 
-539 -252 -291 -519 17 -366 -580 87 -900 
-203 62 0 -376 410 -441 -123 229 -539 
-263 -194 65 -713 55 -695 -236 422 -539 
-500 -180 -158 -471 -79 -366 -584 205 -824 
-17 64 124 -417 149 -410 -323 -69 -634 
