78 0 0 0 0 0 0 0 0 
0 0 0 0 0 0 0 0 0 
0 0 0 0 0 0 0 0 0 
438 0 0 0 0 0 0 0 0 
128 0 0 678 880 0 1420 0 0 
815 0 0 0 0 0 0 0 0 
-266 0 0 0 0 0 0 0 0 
-152 0 0 -1033 0 0 0 0 0 
-130 0 0 -2520 0 0 -278 33 -25 
110 1395 485 0 0 0 0 0 0 
0 0 0 0 0 0 0 0 0 
0 0 0 0 0 0 0 0 0 
146 1066 828 0 0 0 0 0 0 
0 404 -400 526 4157 0 -466 0 0 
1019 2100 0 0 0 0 0 0 0 
-265 314 -1727 0 0 0 0 0 0 
-733 -4566 0 0 0 0 0 0 0 
-218 1344 -625 -1300 0 0 -882 66 0 
129 394 -872 0 0 0 0 0 0 
0 0 0 0 0 0 0 0 0 
0 0 0 0 0 0 0 0 0 
494 1725 -203 0 0 0 0 0 0 
346 900 372 3365 1240 120 -200 0 -466 
413 900 2771 0 0 0 0 0 0 
291 1075 -274 0 0 0 0 0 0 
-1571 0 -900 -400 0 0 0 0 0 
609 1300 -222 -866 0 0 14 0 -100 
98 600 -1250 -200 -1000 -528 633 236 0 
770 0 -236 -633 3750 -900 766 0 0 
-1550 635 0 -2635 -1700 0 0 166 -3979 
215 803 133 -3375 0 -133 -400 -1700 0 
-191 231 -1333 -1360 1533 3600 533 0 0 
500 0 0 0 0 0 0 0 -833 
-313 26 -866 2200 0 -200 0 -100 0 
1000 1000 0 0 0 -466 2039 0 2200 
397 390 0 -1833 0 1200 -830 -800 -1000 
-116 2050 671 2225 2443 1363 1266 3851 0 
2159 733 2786 1400 4125 2876 633 0 1953 
1688 2502 500 919 2761 0 0 3668 848 
-417 942 900 2500 2600 -740 0 0 0 
1073 1242 1300 1639 3626 200 -900 400 0 
657 3533 0 0 0 0 0 0 -850 
-22 1007 -2766 1368 3381 -100 1566 1000 0 
810 -60 0 1400 4169 2900 0 0 2200 
-926 1436 0 1180 966 -433 -1525 2850 2738 
-1405 -1257 -1106 -976 -1028 -3689 4333 -3282 300 
-2048 -4485 -875 0 -3706 -2800 0 0 1100 
507 -3003 0 -2390 -1180 -825 0 -266 -2406 
-667 -891 518 -3180 33 -2446 0 -4276 0 
-300 -366 -272 -2866 -1290 742 1133 0 1733 
800 333 -333 0 0 0 0 0 875 
-1397 -20 155 -1140 200 -760 0 -1120 0 
775 133 0 0 -766 -180 366 0 0 
819 -1966 -1000 -3866 -466 -680 -900 -533 -2690 
400 280 -297 -1000 0 -466 754 1070 -300 
3909 0 112 0 4933 0 1323 0 -466 
-57 -180 566 -2733 -1166 0 -485 2150 1220 
596 500 -151 0 0 -1100 1600 1033 600 
336 0 1452 1657 100 1644 766 125 0 
-750 0 -200 0 0 0 -266 0 -1133 
544 -266 -590 0 0 100 2720 -200 0 
166 0 -533 0 600 0 0 0 0 
451 750 -744 466 -600 -500 -512 -675 -2107 
1524 1951 1778 -2815 233 3153 2120 3800 2745 
-1580 0 1973 0 2527 0 2381 1300 1300 
1521 3555 4942 -433 -1166 0 0 2413 2922 
1881 861 476 -1250 0 1733 0 2133 0 
349 -1650 1807 1300 2190 1550 2300 2254 575 
2066 266 966 0 0 0 -800 866 -1133 
856 1117 872 500 0 2900 1380 2657 0 
-1400 0 2700 0 0 0 0 0 0 
1570 800 -628 -666 -300 0 2368 1187 -818 
176 -670 -1956 700 0 -3185 -2233 -1072 -2360 
1600 0 313 0 -1996 -3074 -2854 0 -2750 
-1715 -2413 -123 0 -2466 0 -2300 -3077 -4031 
275 533 -1180 0 0 -1366 -2711 -1622 -2525 
521 33 -167 1000 -2995 -3342 -360 -566 -2685 
-1487 300 100 0 0 0 0 -866 -2300 
491 -420 -1349 0 0 -2660 -1266 66 -860 
-333 0 -330 0 0 -2600 0 0 0 
-1175 300 -16 -833 0 0 425 0 -2570 
-553 0 0 -1135 0 0 -166 0 0 
-54 0 0 -777 40 -28 -77 0 50 
-700 0 0 -832 -900 0 0 0 -1267 
-229 0 0 -1023 0 0 651 0 0 
-131 0 0 -61 716 280 935 0 -371 
-210 0 0 0 0 0 457 0 -1285 
-642 0 0 -417 0 0 966 0 0 
-316 0 0 -607 80 0 -762 0 66 
-436 0 0 -600 133 0 341 366 -568 
-463 246 -1552 -381 1448 -2644 1600 -833 0 
147 1279 -942 1700 1080 -777 -405 0 1025 
228 0 1866 -858 1582 -233 0 0 -725 
-84 172 2142 -466 -357 133 1166 2073 -166 
-4 -19 -1000 36 1336 0 1386 -85 1160 
-51 1955 2033 0 0 0 566 0 -233 
-428 -505 -1475 -678 389 -700 0 0 0 
-141 1082 -375 388 333 0 -166 0 0 
-320 -400 -166 -22 1186 1333 267 1415 700 
-587 -3400 -2337 -35 433 -632 -971 0 -366 
-133 -250 -1347 25 -1244 -833 1024 0 -577 
700 0 -1066 -3785 -366 -2584 0 0 -3435 
-237 -400 -1151 -714 0 -436 1918 0 -1873 
88 -100 -281 -132 -350 -755 544 0 -381 
63 0 -2209 0 0 0 1633 0 -2525 
-110 366 -1511 -443 -866 -1637 0 0 0 
-200 -33 -333 -1875 -550 -1933 450 0 -1466 
-224 0 -1573 -2384 0 -960 637 766 -1787 
-1065 494 2542 -384 1126 122 0 -1400 0 
365 487 1376 212 741 -379 406 0 -333 
-600 4200 0 -140 254 -1302 0 166 -2027 
-653 678 766 -160 1100 1600 -1633 1820 0 
229 112 -263 35 881 18 1541 2111 850 
-200 237 0 0 0 0 0 0 -1215 
-481 377 0 -330 595 -500 0 2700 0 
-73 286 28 -35 0 50 -100 0 66 
-140 -216 -433 -247 2378 -287 811 1021 -509 
-963 952 877 -288 1704 1031 581 4026 1400 
408 1806 1480 731 3123 1289 2016 852 1117 
1525 3200 2050 1266 2752 971 1033 1247 780 
-514 1286 -569 -526 900 13 492 4163 -459 
-184 546 200 -207 2672 774 738 4010 1744 
-29 2528 1166 0 0 0 433 4975 596 
-603 589 -53 -163 1280 -139 0 2533 0 
34 1171 35 811 2822 910 1366 0 342 
-360 2200 -150 1096 3101 73 1800 3992 1888 
-2139 -1037 -1955 -1396 -876 -1960 2000 -2336 -533 
-615 -444 -766 -1711 -1088 -1260 -1400 0 240 
-800 -1654 866 -2393 -726 -1604 0 -800 -2920 
-1467 -413 -1490 -1571 514 -1884 -1600 -100 -975 
-155 -2 -492 -1013 -73 -968 -542 -766 261 
-453 -600 -340 0 0 0 0 0 -1853 
-984 237 -1612 -1457 386 -1600 0 0 0 
-504 -3 144 -1560 -873 -1721 -466 0 866 
-1091 -1861 -3914 -763 -887 -748 -35 -492 -1765 
-94 -240 -1109 -1000 -33 -426 -113 1433 0 
250 166 213 -960 2827 1042 735 333 -1810 
1500 488 -133 -3125 600 -876 0 0 -925 
403 0 -1009 -1087 33 -809 604 533 -885 
333 633 -583 -654 1720 510 1866 1430 -469 
-259 433 -1000 0 0 0 -61 0 -1566 
289 0 114 -766 0 -1045 3533 0 0 
253 -100 -923 -733 550 -2083 550 0 -666 
-867 1542 -384 -1333 175 166 -88 1425 -916 
622 374 -808 1329 1809 -337 44 53 2781 
910 846 407 900 180 927 -580 -921 18 
0 2450 450 -2850 -2200 0 0 0 552 
628 1439 -89 25 133 500 2276 2580 3191 
72 -114 -400 1186 1575 -1018 3738 1402 946 
728 3054 -690 0 0 0 1414 75 2217 
-120 -833 -762 -2300 -1050 -666 0 66 0 
565 1066 177 633 -885 0 0 0 0 
494 1533 -1142 200 -66 -566 2466 916 344 
-399 254 -2332 -421 -955 -3234 -1285 -830 -2954 
-263 -1400 -2097 -3013 -1423 -3465 -858 -2090 -3308 
-2087 -16 -3909 -4940 -2055 -4052 1033 -1125 -3454 
147 2250 -1736 -925 200 -3529 -620 -1044 -1907 
67 -16 -813 -117 -753 -2961 200 200 -2068 
888 -633 -1681 0 0 0 -766 0 -3457 
555 0 -1133 -327 425 -2736 -100 0 -950 
718 -300 -1667 -200 212 -2900 500 0 -1176 
-213 475 -2581 -566 200 -960 443 -933 -3252 
572 0 0 -1018 0 0 553 0 0 
40 0 0 0 1559 0 1271 0 266 
66 0 0 -750 -866 0 297 -275 -1200 
732 0 0 266 0 0 819 0 0 
622 0 0 -162 544 -300 465 0 0 
231 0 0 1152 0 0 450 0 166 
265 0 0 -807 0 0 213 0 0 
133 0 0 -453 -200 0 1033 0 1033 
207 0 0 -454 150 0 -3 -280 -762 
684 2259 2815 700 -666 0 521 1083 575 
-266 0 0 0 3269 0 2758 829 266 
143 1680 275 -348 1120 0 -185 876 -950 
252 1087 459 233 0 -366 893 1989 33 
33 2507 -200 80 1147 -675 454 -300 0 
106 400 433 -75 -600 0 976 900 450 
99 1302 -275 -591 2078 0 -600 200 0 
-126 2739 0 100 2100 0 0 0 0 
221 1150 500 -329 825 0 404 1556 -723 
544 1262 63 1000 0 333 1498 -25 -1689 
66 0 0 0 397 0 569 -233 -670 
-18 -1266 -845 -1019 400 33 377 -800 -466 
645 1300 -436 0 0 800 1256 0 -360 
176 700 685 -618 860 -233 -133 -166 600 
10 -966 700 100 0 0 1290 0 -1819 
156 -2711 -361 -74 0 -2516 652 0 -644 
-269 0 -2320 233 -133 -666 0 0 0 
35 0 -439 -1805 -1220 -3676 180 200 -1025 
295 865 1100 -1730 -850 -1633 863 972 100 
-2266 -1000 -2894 0 788 0 2173 1711 -200 
-326 384 400 -148 123 233 760 -631 400 
340 1063 400 -3750 0 -133 501 832 0 
254 1700 -933 -890 916 -700 -342 783 0 
-272 685 0 2000 266 0 646 100 -533 
-355 933 -600 -672 200 0 590 -262 0 
-825 520 633 -177 1666 -466 -66 0 0 
-175 579 -33 -406 157 -1675 -414 104 -2490 
220 2357 1680 1592 2327 780 635 3853 942 
1182 2444 1137 0 4368 3866 5421 4347 3192 
209 1960 490 -1083 3164 2536 -733 2596 2019 
-482 804 200 0 0 0 -415 2871 400 
561 2212 133 1000 3275 500 1300 571 -25 
-230 1404 685 0 1583 0 1633 2562 -200 
-364 1128 -1900 744 1964 -200 -940 2700 -133 
244 1173 400 650 3414 1033 0 0 0 
-19 1121 -2025 246 1682 -140 205 2730 410 
-669 469 141 2360 -1100 -1325 -362 -1933 110 
1275 0 -500 900 -32 0 3600 -525 1311 
-940 -840 -855 -775 2920 551 0 -2684 -538 
-325 1300 -300 166 -333 0 685 800 -1688 
-784 380 0 -2705 -156 -2177 -480 333 366 
-382 -362 266 0 0 0 800 600 -1600 
-508 -614 -984 -3184 -2337 -2760 175 -400 -459 
-909 -160 -2022 222 -557 0 0 0 0 
-472 12 553 -2800 56 -2565 -703 -150 -1611 
1517 66 343 -333 0 -2200 626 1214 -965 
5020 0 -2500 0 1346 0 944 1297 -458 
117 -160 -486 69 2533 0 -665 1182 -1958 
1028 -766 202 0 0 0 422 0 -1427 
948 0 360 -462 1850 -1423 272 1885 -900 
342 -366 -784 -1100 0 0 62 222 -1030 
842 -100 -508 -44 0 -1550 65 260 1100 
471 -66 566 -900 1766 0 -666 0 -666 
271 400 -99 -1154 -240 -1266 207 904 -1069 
1904 2433 881 -1000 1133 3357 1797 2226 1415 
-133 0 100 0 2476 0 2529 1582 737 
417 1351 554 300 -272 0 36 1489 -191 
637 2636 270 0 0 0 909 2270 189 
1635 3242 1184 1012 2103 557 776 1573 33 
592 575 440 -866 0 0 1862 2196 -42 
1269 2392 -380 -409 1180 -800 -1050 1547 1476 
1452 760 500 -25 461 0 0 0 0 
512 1027 88 -800 -1136 -600 1527 1619 796 
1114 567 -1132 400 100 -4034 994 -556 -1666 
-780 -2350 -2339 0 -1489 -1166 -2172 -914 -3241 
-436 -193 -1212 1577 -724 -1175 -668 -1486 -3060 
1063 -350 -718 -500 -133 0 933 -497 -2028 
443 1400 -2042 -244 -1842 -4456 -304 -817 -2926 
78 182 -1069 100 -525 0 60 -290 -2881 
890 174 -1627 -769 -2033 -2650 1436 -327 -1526 
377 -300 -1451 -1266 -520 -1914 0 0 -733 
-68 466 -320 -620 -1065 -4576 122 -202 -2857 
-665 0 0 0 0 0 0 0 0 
178 0 0 0 0 0 0 0 0 
-463 0 0 0 0 0 0 0 0 
-310 0 0 0 0 0 0 0 0 
267 0 0 -266 -27 -135 21 0 333 
-130 0 0 0 0 0 -257 0 -853 
-636 0 0 0 0 0 0 0 0 
-66 0 0 -142 33 0 0 0 0 
-352 0 0 14 -66 0 -201 -110 -1066 
-679 412 294 0 0 0 0 0 0 
-190 580 -657 0 0 0 0 0 0 
-500 811 -400 0 0 0 0 0 0 
-328 524 -530 0 0 0 0 0 0 
-43 487 -606 -296 920 -336 171 -333 700 
-248 822 933 0 0 0 230 1140 -250 
-478 601 400 0 0 0 0 0 0 
-195 434 875 -366 -366 0 0 0 0 
-330 108 -1080 1550 0 0 -221 509 -394 
-576 -290 -1485 0 0 0 0 0 0 
150 411 -1066 0 0 0 0 0 0 
-367 -100 -558 0 0 0 0 0 0 
-70 -354 -777 0 0 0 0 0 0 
194 623 -429 -303 233 -118 408 -366 -525 
16 672 -290 0 0 0 37 166 145 
-29 436 -1060 0 0 0 0 0 0 
212 -466 -1137 564 466 -66 0 0 0 
-317 436 -845 -180 0 33 61 -240 -1061 
-1027 158 1400 -1043 -233 -2695 0 -3169 0 
-341 583 -832 528 -223 -858 -266 0 466 
-264 528 0 2057 0 -650 0 100 -1900 
-631 377 1019 -893 466 -557 666 -1788 0 
-96 520 -539 -331 533 -480 466 433 1700 
-261 265 -525 0 0 0 -133 -133 -740 
-423 -141 -40 2080 -33 -3542 0 0 0 
-308 490 -585 -300 50 -976 400 0 0 
-401 171 0 -461 133 -550 -815 136 -915 
-850 840 780 -343 1037 564 -2066 1400 0 
-329 743 762 1633 2283 608 1340 857 4155 
-104 941 -366 525 2025 -133 0 1060 706 
-550 763 512 575 1979 -173 -433 1542 0 
-76 741 327 -68 1388 638 500 1631 1763 
-351 1133 133 233 0 0 783 550 432 
-741 582 -133 418 2152 -1857 633 4818 0 
69 1022 1208 822 1532 774 640 0 -125 
-400 616 -280 180 2125 -650 -1209 929 1387 
-1992 -905 -1654 -1343 -957 -2726 775 -2741 466 
-870 74 -397 -2218 -1125 -1596 166 0 366 
-1236 -193 -454 -700 -177 -1677 0 -66 666 
-1065 -31 -668 -1300 -240 -2010 -1680 -2167 0 
-640 210 -477 -492 -3 -861 -688 0 -633 
-603 235 -142 0 0 0 220 -366 -892 
-1162 -202 361 -1000 -466 -2724 0 -1707 0 
-695 455 -515 250 -1200 -974 700 0 0 
-531 -290 -1653 -1850 -100 -1429 -459 63 -1393 
-42 -2150 -1563 0 0 -2400 -1646 -62 -1633 
112 -133 -810 -233 1200 1220 0 -69 -1475 
125 1906 -438 0 0 0 -125 -166 -880 
118 -1120 -795 833 0 -685 -832 470 750 
409 760 -21 939 1814 -66 -246 565 -622 
295 971 -398 -1433 -633 0 490 329 250 
95 -966 -886 0 0 100 2466 -200 1000 
4 -433 -807 200 1166 133 0 0 0 
42 857 -352 733 -633 -1000 71 314 -1069 
425 768 586 -1300 1033 950 52 1504 1700 
69 160 -327 0 1990 771 840 800 542 
103 746 981 -1233 0 0 -233 720 -345 
560 472 336 -1266 366 1806 -11 1030 737 
418 343 165 447 1247 -100 573 467 1038 
482 1642 528 0 0 0 -178 713 246 
777 750 852 0 0 0 420 2057 580 
611 650 -557 266 -600 1033 0 0 0 
-20 849 210 0 -300 0 949 698 -212 
-159 -2787 -1843 0 0 -2929 -2496 -340 -2527 
217 300 -1192 100 -306 -578 -752 107 -2066 
-423 -1307 -1416 -400 -933 -2233 166 -2120 -3528 
309 -819 -1193 900 0 -2050 -1517 309 -2351 
313 -477 -799 559 -414 -452 -1083 1266 -1400 
341 -737 -961 900 0 0 200 -923 -1600 
236 220 -1693 0 0 -33 650 500 -2523 
426 -75 -1360 466 371 -400 -333 0 -1778 
8 -1488 -781 733 0 133 609 186 -1499 
-567 0 0 -537 0 0 -88 0 0 
-312 0 0 -345 234 -271 151 0 191 
-717 0 0 -783 114 0 1470 0 -820 
-448 0 0 -478 0 0 45 0 0 
-167 0 0 21 226 -97 201 0 219 
-118 0 0 -28 -333 0 -20 0 -670 
-438 0 0 -345 0 0 548 0 0 
-265 0 0 -337 153 0 453 0 652 
-566 0 0 -406 -278 0 -110 5 -683 
-679 -56 -882 -798 138 -455 -183 -225 0 
-446 -115 -890 -512 117 -534 196 -320 310 
-657 -66 -2228 -585 482 -1833 -1485 100 -566 
-474 -12 -751 -499 74 -1055 -13 452 -471 
-257 -34 -570 -69 416 -164 337 96 215 
-35 548 -91 166 -433 0 369 563 -237 
-460 -203 -677 -461 146 757 233 0 0 
-217 382 -386 -253 361 -83 570 0 660 
-447 56 -433 -462 258 340 -93 143 -480 
-478 -845 -1417 -485 -500 -1170 -523 -66 -900 
-360 -464 -1072 -378 -32 -471 67 0 -391 
-265 580 -1067 -1416 -575 -647 -200 0 -1796 
-370 -417 -1097 -527 -84 -546 227 -1666 -605 
-117 -117 -656 73 226 -267 182 -133 -92 
50 -65 -461 0 0 0 292 40 -267 
-288 -670 -1170 -216 -442 -466 -1200 0 -200 
-102 194 -748 -230 162 -165 489 0 184 
-235 78 -1001 -442 -186 31 -87 116 -692 
-577 -54 585 -578 -436 -1149 -387 268 2571 
-557 -288 -408 -508 256 -787 -59 1075 74 
-407 -176 455 -595 50 -631 -777 -701 -1172 
-466 10 -333 -530 -110 -795 -417 -52 -78 
-174 -4 -272 -96 696 -62 208 143 249 
43 217 -188 -297 -78 0 189 244 -259 
-80 135 671 -336 -69 -418 259 -20 1666 
-268 27 -231 -76 224 -347 174 0 667 
-280 -147 44 -519 -210 -323 -454 -237 -460 
-713 416 -263 -1003 751 -410 -401 1288 -113 
-651 -179 -385 -779 1183 -442 98 400 -194 
-112 751 76 -331 1322 352 -396 1044 -271 
-714 709 -306 -464 459 -513 -589 653 -460 
-215 -120 -350 -42 1725 29 333 411 21 
-49 203 -313 -779 989 0 252 758 -60 
63 669 -105 -402 781 -103 219 834 203 
-207 282 -247 -321 1534 -90 434 0 298 
-169 57 -348 -428 897 7 -464 402 -392 
-1238 -542 -1447 -1724 -473 -1524 -628 -1158 -740 
-1164 -667 -1501 -1156 -75 -1346 -391 -600 -871 
-487 -256 -470 -975 97 -552 -729 -325 -1120 
-1075 -469 -1052 -1024 -344 -1571 -733 -884 -869 
-398 -428 -683 -400 588 -206 297 -172 -298 
-50 -67 -340 -459 127 0 134 298 -396 
-226 -60 -580 -682 -367 -1121 532 264 -216 
-277 -86 -572 -611 316 -403 445 0 -188 
-127 -90 -446 -642 232 -195 -765 -238 -957 
-307 -1123 -750 -403 -542 -606 369 333 -707 
-282 -500 -618 202 756 -466 220 75 -355 
-194 191 -456 -1297 -381 -109 -557 -1128 -1043 
-248 -715 -425 -337 -275 -201 88 1018 -703 
-74 -322 -312 743 1193 119 606 635 76 
101 140 -187 -800 0 0 508 804 -167 
13 244 -243 -39 -200 -396 960 720 215 
62 -480 -380 333 1004 202 745 0 -75 
-6 221 -435 -80 400 -170 -98 135 -474 
-169 -299 -453 229 202 -1537 -1142 688 -327 
-11 -639 -570 -363 290 -1133 617 -272 -439 
-367 -185 41 -1250 450 1292 103 223 -491 
-22 194 -491 -329 316 -454 773 1272 -454 
49 -146 -296 1093 1328 100 1282 410 -111 
264 248 -71 -566 1300 0 1012 602 41 
206 -626 -8 -325 -483 140 1380 1127 -172 
33 126 -257 -368 658 280 -44 0 51 
-68 136 -99 -700 375 241 245 85 -707 
-243 -1434 -1564 -249 -994 -2593 -1715 -2 -2189 
-475 -710 -1242 -222 -304 -1858 279 -1086 -1794 
-92 -851 -615 -937 -47 -1069 -623 -54 -2165 
-161 264 -1155 -621 -218 -1694 55 450 -1853 
-120 -229 -574 912 429 -336 700 -101 -854 
129 153 -151 1033 1381 0 309 -75 -1184 
-12 -800 -801 -366 248 -1404 -900 -885 -1576 
144 213 -639 -260 272 -278 1273 0 -476 
3 -330 -165 357 389 -361 247 -72 -1403 
-42 0 0 980 0 0 17 0 0 
66 0 0 120 635 0 470 0 108 
-119 0 0 -254 -733 0 -398 -347 -339 
304 0 0 1889 0 0 2 0 0 
549 0 0 -4 843 -405 611 0 966 
348 0 0 -64 -1084 0 308 0 169 
79 0 0 -267 0 0 44 0 0 
-4 0 0 -387 644 0 900 0 300 
175 0 0 -452 -218 0 -11 166 34 
-13 942 775 -433 -166 0 -227 171 -542 
-239 68 -666 -133 711 0 582 147 254 
30 505 591 -91 -386 0 -139 229 -409 
-14 715 -120 -680 -133 0 -155 156 -889 
173 853 -600 -36 709 -666 448 176 281 
-6 819 -393 -774 -864 0 298 568 179 
36 739 200 -334 980 -66 158 330 0 
-177 1144 -700 -186 446 0 894 0 -280 
90 690 403 -690 -440 100 -48 275 114 
-55 -1325 -651 -633 0 0 -57 -553 -1053 
108 150 -787 -233 132 166 3 -685 -1005 
-125 42 -467 -850 -222 0 -221 -413 -842 
221 389 -380 -577 0 500 -4 -62 -749 
433 600 -138 15 476 -233 384 -196 -355 
314 716 -227 -655 -169 0 300 453 40 
-8 -671 -355 -506 -433 -630 42 -163 -879 
192 211 -413 -572 -114 -375 723 0 440 
270 645 27 -809 -555 -431 92 229 -230 
-278 287 -500 423 507 -3300 -613 11 300 
-562 -150 -1711 -333 99 0 -86 -608 -546 
-153 269 1866 -427 220 -360 -934 -218 90 
15 294 0 -681 266 -633 -228 -131 -900 
230 376 -120 17 542 -35 1277 -396 -58 
132 470 -257 328 464 0 104 -324 -457 
84 207 828 231 908 -400 -93 -118 433 
-142 181 -405 -290 595 -850 1142 0 0 
-78 391 494 -1082 -477 -487 -920 -123 -1138 
-200 1104 366 1647 1527 2260 -634 1171 48 
-340 149 1584 1033 1409 -50 -542 391 -769 
21 1048 733 -414 1503 -376 -964 1033 291 
-712 834 -166 -720 1200 1037 -529 269 -498 
-117 280 678 -397 1532 617 949 248 -304 
-395 234 -229 -676 878 0 -166 762 -320 
-71 1160 -1074 -123 1466 200 445 1026 -9 
-329 -98 860 -671 1330 -15 0 0 -250 
-94 455 -242 -1424 702 -177 -1183 297 -772 
-432 -30 -152 -457 -340 -1181 -1844 -405 -630 
-1261 -15 600 1166 -77 -1373 -885 -1748 -1095 
-207 -92 504 -1000 408 -390 -1742 -159 -705 
-830 374 -133 -100 475 -1707 -1031 -335 -930 
-114 167 -334 266 660 -250 258 -532 -753 
-206 149 -660 -166 -49 0 118 -226 -747 
-692 113 -813 -1150 448 -1740 721 -163 -1345 
-440 -315 -225 775 664 -784 0 0 -983 
-87 190 -504 -555 213 -459 -1365 106 -1624 
238 -971 -292 -446 -1000 -1600 23 128 -762 
277 433 -472 107 639 -366 -85 -64 -916 
140 37 -239 -248 -533 0 -195 327 -577 
421 -53 65 80 0 318 -105 355 -328 
557 230 425 616 1021 555 301 261 -10 
482 244 15 -523 -66 0 322 440 -116 
242 -209 -169 270 566 -507 197 231 -216 
54 850 -51 -113 484 -852 942 0 -571 
368 254 37 -109 352 -1139 77 118 -528 
849 1190 242 1044 735 625 62 899 -38 
475 -242 327 366 731 1900 -196 -87 -492 
672 781 247 1836 266 133 471 923 -88 
532 551 348 -400 960 1422 184 657 -173 
486 1060 244 1117 996 792 698 -36 -412 
179 1170 -114 -25 -341 0 441 192 -220 
666 1055 259 -50 500 100 279 1125 -2 
170 243 127 -819 722 900 260 0 100 
430 1008 439 -687 32 266 466 140 -532 
105 69 -1257 455 -561 -2957 317 -101 -1769 
-480 -842 -1255 -1466 -369 -1266 -422 -741 -1948 
68 139 -237 -800 -611 -554 42 -88 -2140 
388 118 -1012 186 85 -2054 233 -137 -1151 
360 391 -238 778 380 -326 387 -423 -1102 
233 446 -75 -389 177 0 486 -72 -1528 
302 241 -983 -60 1231 -1427 604 68 -748 
106 240 -492 100 -29 -1922 1457 0 -2921 
318 617 150 -1023 -711 -816 363 -40 -1544 
759 0 0 0 0 0 0 0 0 
680 0 0 0 0 0 0 0 0 
-64 0 0 0 0 0 0 0 0 
792 0 0 0 0 0 0 0 0 
426 0 0 250 1803 1382 58 0 300 
26 0 0 0 0 0 1115 0 0 
419 0 0 0 0 0 0 0 0 
225 0 0 537 1222 0 0 0 0 
-151 0 0 541 366 0 573 650 357 
616 1686 1208 0 0 0 0 0 0 
280 750 1200 0 0 0 0 0 0 
-70 1308 1075 0 0 0 0 0 0 
373 1622 1075 0 0 0 0 0 0 
475 474 500 52 1243 -160 -150 -133 300 
-65 1483 -400 0 0 0 -640 0 100 
230 1046 420 0 0 0 0 0 0 
10 591 -85 57 770 -266 0 0 0 
-170 628 600 442 1825 -233 320 341 289 
850 1180 -205 0 0 0 0 0 0 
465 1000 -902 0 0 0 0 0 0 
130 1277 -304 0 0 0 0 0 0 
838 840 -119 0 0 0 0 0 0 
488 261 -290 538 892 -278 428 0 0 
107 -325 -339 0 0 0 2085 -166 550 
575 1026 -527 0 0 0 0 0 0 
274 633 -601 417 500 -123 0 0 0 
130 313 -413 1146 1166 0 688 155 -246 
202 1172 100 1160 -440 -281 1333 1466 0 
350 1011 -1283 -966 654 -333 1400 0 200 
-208 822 200 -633 1000 -500 -2133 -3257 -3460 
111 595 1033 257 166 -2155 433 -433 0 
78 899 215 183 978 -65 366 1700 0 
122 332 666 0 66 0 566 -280 -1440 
-68 477 -166 -120 -380 -984 1175 400 0 
-374 536 -1444 225 -600 -889 0 0 0 
-260 133 -500 711 894 -709 -521 291 -1065 
28 1698 1420 2250 2159 1349 -2133 3106 0 
338 482 1993 2123 3463 2152 0 666 975 
-420 1157 450 135 1860 472 0 2937 1040 
120 1084 1320 1291 2500 -250 0 1800 0 
-170 926 514 570 1338 530 800 2571 0 
-97 1322 775 -733 1420 0 -800 200 483 
-78 1074 957 1120 1200 -388 0 3168 0 
-228 641 -46 -186 1730 800 0 0 0 
-475 602 563 1035 1221 -629 -291 964 932 
-216 35 208 -475 -400 -1753 0 -743 0 
254 -165 -700 0 -1555 -1406 0 0 0 
-191 403 -180 933 933 -575 0 -425 1380 
-319 161 194 1540 -325 -1295 0 1900 0 
141 330 -445 -92 453 -707 0 0 933 
-190 -14 971 0 0 0 1066 0 -766 
-140 26 -281 -481 -369 -1024 1400 -2347 0 
-419 291 -491 382 29 -864 0 0 0 
-51 -213 -207 -484 -68 -837 -164 -217 -1408 
1092 600 -169 333 0 1883 1636 2886 -800 
860 -600 164 0 3727 -266 900 -100 0 
669 882 -210 60 0 33 -116 1687 -40 
717 -500 -654 0 0 -100 -911 250 0 
572 0 -71 725 1995 180 285 1466 33 
157 582 -582 66 0 0 600 -220 1360 
811 244 -503 200 0 -186 466 1483 -1066 
337 0 -438 660 -140 -533 0 0 0 
293 970 -588 361 -166 459 600 108 -99 
1877 2191 1235 666 1800 2463 2680 2704 3030 
1069 666 361 -466 2066 960 2000 350 -750 
823 1514 648 -1240 1440 0 900 1780 1213 
1162 568 121 -533 0 1388 33 1733 -250 
693 322 290 788 1676 848 380 991 -540 
605 1078 381 0 0 0 66 1110 555 
1122 1208 466 533 -333 1010 1064 1600 1181 
60 1040 13 485 628 233 0 0 0 
593 545 -241 942 133 340 844 1087 -38 
1067 273 -872 1400 0 -2618 984 564 -1654 
459 -166 -952 0 -1270 -1900 -560 800 -894 
363 -1514 -737 466 -325 -75 270 -82 -2409 
567 500 -724 133 0 -1700 -830 850 -3022 
435 -33 -436 842 -646 103 600 -600 -1540 
41 66 -860 900 -900 0 225 -792 -1325 
727 -1190 -807 0 0 -1738 -103 0 -1520 
245 -250 -1077 28 -1218 -485 0 0 0 
115 -794 -751 1266 -333 -2230 415 -734 -1306 
-14 0 0 -37 0 0 1222 0 0 
31 0 0 467 452 2066 241 0 -100 
-18 0 0 -491 -771 0 1371 466 -585 
-134 0 0 -101 0 0 341 0 0 
-180 0 0 -18 -17 -336 568 0 439 
-140 0 0 -939 -1025 0 584 0 -511 
-260 0 0 -10 0 0 242 0 0 
-367 0 0 -314 42 0 656 0 828 
-563 0 0 -600 -648 0 -68 208 -878 
12 694 620 -19 880 -171 775 -166 0 
220 696 -287 414 707 187 664 -66 553 
58 1026 -485 -198 878 390 633 0 -284 
-102 202 -693 -17 400 -875 501 1360 -766 
-228 -49 -340 -87 257 -284 553 -172 963 
-245 846 292 200 885 0 909 -233 300 
-242 402 0 -38 866 0 275 1457 0 
-236 -20 -748 -204 240 -677 989 0 654 
-439 192 -1120 -415 292 -16 10 314 -518 
-5 -50 -968 265 160 41 466 0 -300 
5 -458 -632 266 1353 -63 612 0 -1311 
137 2914 -455 -197 -866 -94 -500 0 -573 
-40 36 -438 2 400 -271 550 -66 -1066 
-138 -98 -631 48 52 -362 609 -233 482 
39 80 -722 -1306 83 0 746 0 -510 
193 509 -856 257 686 -60 360 0 -466 
-61 -278 -714 -312 45 -580 739 0 -550 
-116 0 -878 -433 -7 -198 121 638 -825 
-220 613 671 -49 674 -185 -533 222 0 
-229 1 -352 64 594 -150 652 800 -300 
-117 706 66 -17 526 -49 447 -285 -722 
-334 214 172 -93 358 -681 -137 400 33 
-367 -114 -472 -149 455 -56 665 625 1930 
-173 36 653 -563 -5 0 969 -438 -860 
-282 99 657 4 227 -383 -147 727 0 
-354 -100 -454 -293 76 -481 80 0 -166 
-548 -332 -550 -282 -33 -315 -630 -407 -897 
-222 1176 232 15 1332 372 2000 3005 810 
-121 292 -43 215 2133 137 1255 724 394 
267 1051 485 211 1619 725 1933 2628 232 
-524 892 -146 -298 673 -299 -953 1990 778 
-352 -38 -513 -247 1482 -23 527 933 289 
-295 413 -305 400 2292 0 720 1288 -600 
-324 833 -110 -111 961 78 500 1256 -41 
-207 224 -308 -339 1419 -34 1125 0 625 
-369 105 -548 -252 1206 272 -681 305 -459 
-1038 -179 -413 -302 128 -961 -666 -2575 -915 
-622 -607 -740 -244 137 -1012 152 33 -645 
-618 80 -891 -124 467 100 -866 333 -514 
-537 -459 -602 -325 -195 -1064 -194 -866 -285 
-458 -322 -1026 -379 509 -206 1096 100 62 
-290 143 -420 -966 1329 0 1137 260 -1042 
-383 -134 -621 -95 91 -649 1422 -133 -400 
-131 -15 -906 -598 319 -255 614 0 -328 
-388 -230 -800 -496 307 -35 -687 -608 -1197 
314 -233 -244 793 -466 -116 663 4200 -381 
12 -142 -363 610 1851 235 1254 -233 -215 
721 636 -47 79 2185 400 -266 -133 10 
-216 -1628 -275 -18 633 -276 248 2123 147 
-25 469 -424 919 964 72 668 182 438 
-17 -165 -353 -90 33 0 435 600 -369 
143 75 -337 159 -66 -24 -14 940 -1000 
-26 -622 -437 -143 1009 80 1212 0 472 
-204 -204 -500 -820 564 141 101 -239 -570 
150 1181 145 1702 293 517 1666 1905 -81 
575 -1161 -38 1285 1425 529 -1825 -69 -316 
260 66 623 1538 1102 1866 225 1453 125 
234 830 -418 25 -113 -110 1480 2156 -371 
348 141 -366 1280 1436 -36 646 448 44 
374 -233 -503 -1400 406 0 -733 600 -755 
790 -163 198 1255 1110 244 3033 1894 693 
356 -444 -203 -106 1023 490 733 0 194 
166 280 -205 100 573 314 -115 16 -661 
376 0 -1025 1073 -245 -1285 763 -540 -1659 
-332 -800 -1213 189 5 -1011 853 -1876 -1387 
615 -2485 -565 622 337 44 300 1360 -1340 
125 443 -1069 -454 -313 -1252 1666 2317 -1233 
-6 272 -462 1133 578 -249 1808 483 -311 
342 -630 -182 -400 47 0 1100 456 -1443 
414 -600 -752 241 517 -334 1300 -1222 -600 
225 905 -242 -252 327 -603 2383 0 -704 
110 592 -314 61 271 -349 139 -70 -1634 
522 0 0 258 0 0 566 0 0 
852 0 0 400 930 0 883 0 771 
272 0 0 -328 16 0 362 396 -183 
452 0 0 373 0 0 462 0 0 
579 0 0 114 695 -40 449 0 405 
196 0 0 -361 -625 0 359 0 330 
398 0 0 -1 0 0 614 0 0 
29 0 0 -22 441 0 -580 0 833 
153 0 0 -220 -124 0 69 233 -107 
516 1471 545 -525 819 0 554 1142 123 
596 983 1342 0 2027 -566 1510 414 85 
287 1197 302 -159 403 0 474 833 -163 
203 1222 33 -1100 -133 0 433 1013 169 
299 824 436 57 692 -67 625 188 592 
-6 600 -600 -538 -211 0 259 402 -257 
352 1144 354 -131 568 -933 577 743 -954 
-127 393 -312 -327 505 -900 1366 0 66 
91 717 208 -239 306 285 -30 332 -186 
658 1085 368 262 0 875 769 -326 -153 
765 612 92 1742 135 0 686 266 -566 
523 613 115 -41 -172 -66 606 555 -28 
458 1485 90 1466 0 -33 568 666 -232 
480 870 -29 218 579 -215 357 259 -73 
241 184 -383 -495 -523 0 313 -58 -32 
456 742 49 29 550 -607 800 776 78 
-15 240 -392 -94 87 -717 0 0 66 
306 559 -88 -151 -102 36 162 227 -424 
354 643 962 190 487 -983 353 643 220 
405 583 -157 1133 1071 2266 1000 -309 1466 
277 692 1085 -331 136 -408 267 306 -611 
32 128 -54 -492 37 -1320 153 371 1250 
76 317 -22 7 342 -23 364 -174 -335 
-143 291 211 -493 67 0 -314 -286 -646 
243 315 483 -88 708 -574 572 269 875 
-187 61 -419 -421 280 -1273 369 0 133 
70 213 200 -582 -173 -768 -633 -126 -1071 
320 1393 2608 1490 1485 -50 426 2325 -281 
264 736 1051 1161 2562 318 2904 1543 665 
283 1157 198 -18 1399 1240 -219 2021 194 
-161 712 345 907 1236 -485 453 1807 -160 
-59 69 439 -15 1307 356 301 420 -72 
-247 530 -360 50 621 0 52 411 -535 
196 1051 -303 -93 1650 -63 208 1578 -116 
-281 94 -320 -738 1098 -540 125 0 -1200 
90 507 194 -435 774 115 -714 406 -557 
375 491 613 2084 884 -900 272 268 -459 
466 404 294 1296 705 55 2933 -660 -348 
348 357 309 63 740 240 -14 1003 -318 
-19 44 -153 -700 -230 -1242 61 620 -710 
36 -83 78 -204 700 -102 498 -61 -147 
165 99 -8 1019 -55 0 233 -103 -677 
-37 319 -131 -541 460 -1287 800 975 -506 
-255 -33 -350 -748 133 -579 0 0 -1422 
60 139 235 -868 93 -473 -846 26 -1442 
620 -205 125 181 -900 274 693 1141 -98 
439 -400 126 1046 1519 1203 506 485 -512 
626 576 165 7 424 0 484 954 -306 
1 -253 -110 -64 -560 -753 368 602 81 
280 95 246 406 573 273 493 224 239 
223 128 -106 -174 -183 0 92 345 -205 
372 102 5 463 107 77 559 557 300 
-69 89 -283 -197 551 -764 516 0 653 
197 211 9 -194 -77 37 63 118 -676 
1111 1442 502 643 1009 -96 1711 1421 695 
695 140 380 923 1473 591 1551 435 83 
1013 1467 661 652 700 260 1670 1224 312 
116 613 125 -180 912 -1292 1143 1482 382 
106 578 168 918 902 474 1001 125 -20 
242 749 140 -472 164 0 655 316 -288 
1032 977 331 829 1272 743 1047 1756 522 
86 294 -107 5 695 347 1392 0 1126 
354 983 349 -264 335 204 554 200 -476 
746 293 -381 509 435 -1271 1286 565 -892 
107 -45 -579 642 241 -854 318 -115 -1370 
623 590 309 436 44 -329 1170 375 -1293 
53 23 -738 -73 -149 -890 939 288 -915 
62 355 -134 602 356 -347 756 -104 -788 
154 223 -273 -448 -258 0 583 3 -1640 
676 230 -751 633 563 -273 1101 465 -325 
-46 211 -201 -194 75 -830 957 0 -884 
232 352 159 -247 -41 -444 246 -41 -1754 
