521 0 0 0 0 0 0 0 0 
1043 0 0 941 1040 1633 -500 0 0 
197 0 0 1266 0 0 306 0 187 
0 0 0 0 0 0 0 0 0 
0 0 0 0 0 0 0 0 0 
0 0 0 0 0 0 0 0 0 
0 0 0 0 0 0 0 0 0 
0 0 0 0 0 0 0 0 0 
0 0 0 0 0 0 0 0 0 
0 0 0 0 0 0 0 0 0 
0 0 0 0 0 0 0 0 0 
0 0 0 0 0 0 0 0 0 
0 0 0 0 0 0 0 0 0 
0 0 0 0 0 0 0 0 0 
0 0 0 0 0 0 0 0 0 
0 0 0 0 0 0 0 0 0 
0 0 0 0 0 0 0 0 0 
0 0 0 0 0 0 0 0 0 
0 0 0 0 0 0 0 0 0 
0 0 0 0 0 0 0 0 0 
0 0 0 0 0 0 0 0 0 
0 0 0 0 0 0 0 0 0 
0 0 0 0 0 0 0 0 0 
0 0 0 0 0 0 0 0 0 
0 0 0 0 0 0 0 0 0 
0 0 0 0 0 0 0 0 0 
0 0 0 0 0 0 0 0 0 
-674 0 0 -2262 0 0 0 0 0 
679 0 0 496 2555 325 0 0 0 
-1224 0 0 -3000 -1000 0 -637 0 -1903 
0 0 0 0 0 0 0 0 0 
0 0 0 0 0 0 0 0 0 
0 0 0 0 0 0 0 0 0 
0 0 0 0 0 0 0 0 0 
0 0 0 0 0 0 0 0 0 
0 0 0 0 0 0 0 0 0 
-2025 0 0 -1066 0 0 -1908 0 0 
2773 0 0 1232 4253 966 850 0 2000 
-1696 0 0 1666 0 0 -3407 0 -4200 
0 0 0 -50 0 0 0 0 0 
2400 0 0 3133 -133 4566 0 0 1100 
-1536 0 0 -2133 -1066 0 -966 0 -5159 
0 0 0 0 0 0 0 0 0 
0 0 0 0 0 0 0 0 0 
633 0 0 0 0 0 0 0 0 
-666 0 0 -33 0 0 0 0 0 
66 0 0 1687 -1066 4566 0 0 0 
3357 0 0 -4446 0 0 0 0 -4567 
0 0 0 0 0 0 0 0 0 
0 0 0 0 0 0 0 0 0 
0 0 0 0 0 0 0 0 0 
0 0 0 0 0 0 0 0 0 
0 0 0 3466 833 0 0 0 0 
0 0 0 -2600 -766 0 0 0 -2700 
775 0 0 0 0 0 356 0 0 
1846 0 0 445 3268 0 3205 0 3300 
19 0 0 0 0 0 -132 3500 966 
0 0 0 0 0 0 0 0 0 
0 0 0 0 0 0 0 0 0 
0 0 0 0 0 0 0 0 0 
0 0 0 0 0 0 0 0 0 
0 0 0 0 0 0 0 0 0 
0 0 0 0 0 0 0 0 0 
0 0 0 0 0 0 -2666 0 0 
-2725 0 0 900 4962 0 4685 0 0 
400 0 0 0 0 0 -2130 -3000 0 
0 0 0 0 0 0 0 0 0 
0 0 0 0 300 0 1550 0 0 
0 0 0 0 0 0 -2200 0 0 
0 0 0 0 0 0 0 0 0 
0 0 0 0 0 0 0 0 0 
0 0 0 0 0 0 0 0 0 
1911 0 0 -340 0 0 4066 0 0 
2527 0 0 2694 4062 0 3966 0 1266 
-2484 0 0 -4825 -100 0 -509 1875 -2415 
0 0 0 0 0 0 0 0 0 
833 0 0 0 266 0 0 0 0 
0 0 0 0 0 0 0 0 0 
-2000 0 0 0 0 0 0 0 0 
3170 0 0 4833 5237 0 2700 0 0 
-1742 0 0 0 0 0 -3516 -3288 -666 
1058 0 0 0 0 0 0 0 0 
1632 0 0 177 866 0 0 0 0 
-36 0 0 0 0 0 871 0 -66 
510 1425 0 0 0 0 0 0 0 
2108 833 0 780 5000 0 0 0 0 
178 -200 0 0 0 0 3900 0 0 
-75 0 0 0 0 0 0 0 0 
-1266 0 0 0 0 0 0 0 0 
1533 0 0 0 0 0 0 0 0 
0 0 0 0 0 0 0 0 0 
0 0 0 0 0 0 0 0 0 
0 0 0 0 0 0 0 0 0 
0 0 0 0 0 0 0 0 0 
0 0 0 0 0 0 0 0 0 
0 0 0 0 0 0 0 0 0 
0 0 0 0 0 0 0 0 0 
0 0 0 0 0 0 0 0 0 
0 0 0 0 0 0 0 0 0 
0 0 0 0 0 0 0 0 0 
0 0 0 0 0 0 0 0 0 
0 0 0 0 0 0 0 0 0 
0 0 0 0 0 0 0 0 0 
0 0 0 0 0 0 0 0 0 
0 0 0 0 0 0 0 0 0 
0 0 0 0 0 0 0 0 0 
0 0 0 0 0 0 0 0 0 
0 0 0 0 0 0 0 0 0 
-273 0 0 -1246 0 0 0 0 0 
946 0 0 526 933 -366 0 0 0 
-1041 0 0 80 0 0 933 0 233 
-137 220 0 700 0 0 0 0 0 
-1527 900 0 500 566 0 0 0 0 
100 -466 0 0 0 0 0 0 -200 
0 0 0 0 0 0 0 0 0 
0 0 0 0 0 0 0 0 0 
100 0 0 0 0 0 0 0 0 
-1000 0 0 0 0 0 0 0 0 
2163 0 0 720 0 -366 -333 0 533 
-459 0 0 600 0 0 -4271 0 800 
-1033 0 0 0 0 0 0 0 0 
760 0 0 666 933 2200 1033 0 900 
-2133 -566 0 -533 -1066 0 400 0 -2300 
0 0 0 0 0 0 0 0 0 
0 0 0 600 0 700 0 0 0 
633 0 633 0 0 0 0 0 0 
0 0 0 0 0 0 0 0 0 
-766 0 0 -1000 -333 0 0 0 0 
-400 0 0 400 0 0 0 0 -633 
0 0 0 0 0 0 0 0 0 
0 0 0 0 1100 0 0 0 0 
0 0 0 0 0 0 0 0 0 
0 0 0 0 0 0 0 0 0 
0 0 0 1233 0 0 0 0 0 
0 0 0 1033 0 0 0 0 0 
523 0 0 0 0 0 990 0 0 
1207 0 0 -1625 940 0 2320 0 2633 
644 0 0 0 0 0 -726 0 800 
-833 0 0 0 0 0 600 0 0 
1230 1750 0 100 -33 0 1033 0 0 
560 0 -733 0 0 0 560 675 0 
0 0 0 0 0 0 0 0 0 
0 0 0 -600 0 0 0 0 0 
0 0 0 0 0 0 0 0 0 
0 0 0 0 0 0 -366 0 0 
1013 0 0 1657 1900 0 4966 0 0 
0 0 0 0 0 0 -4022 0 0 
0 0 0 0 0 0 0 0 0 
666 766 466 0 5487 0 0 366 0 
0 0 0 0 0 0 -2150 766 -866 
0 0 0 0 0 0 0 0 0 
1460 0 700 0 0 0 833 0 0 
0 0 0 0 0 0 0 0 0 
1755 0 0 933 0 0 -400 0 0 
2184 0 0 1533 0 0 1466 0 0 
-353 0 0 -2100 0 0 3833 0 -666 
0 666 0 866 0 0 0 0 0 
0 1766 0 0 1650 0 0 666 0 
33 -333 0 0 -1033 0 33 -5533 -200 
0 0 0 0 0 0 0 0 0 
900 0 0 1166 2000 0 1000 0 533 
-925 0 0 -2100 0 0 -2822 0 -666 
-245 0 0 0 0 0 0 0 0 
1249 0 0 1000 633 0 -566 0 0 
868 0 0 933 0 0 1600 0 733 
1866 0 0 0 0 0 0 0 0 
0 0 0 0 0 0 0 0 0 
0 0 0 0 0 0 0 0 0 
-31 -433 -1574 0 0 0 0 0 0 
153 0 300 -2200 0 0 0 0 0 
-2650 0 -100 0 0 0 -100 0 0 
0 0 0 0 0 0 0 0 0 
0 0 0 0 0 0 0 0 0 
0 0 0 0 0 0 0 0 0 
0 0 0 0 0 0 0 0 0 
0 0 0 0 0 0 0 0 0 
0 0 0 0 0 0 0 0 0 
0 0 0 0 0 0 0 0 0 
0 0 0 0 0 0 0 0 0 
0 0 0 0 0 0 0 0 0 
0 0 0 0 0 0 0 0 0 
0 0 0 0 0 0 0 0 0 
0 0 0 0 0 0 0 0 0 
0 0 0 0 0 0 0 0 0 
0 0 0 0 0 0 0 0 0 
0 0 0 0 0 0 0 0 0 
0 0 0 0 0 0 0 0 0 
0 0 0 0 0 0 0 0 0 
0 0 0 0 0 0 0 0 0 
-283 0 0 -1153 0 0 0 0 0 
351 0 0 521 -250 -600 0 0 0 
-388 0 0 516 0 0 -275 0 771 
0 0 0 0 0 0 0 0 0 
0 0 0 0 0 0 0 0 0 
0 0 0 0 0 0 0 0 0 
372 0 -260 -725 0 2150 0 0 0 
-472 0 -1033 1733 0 -66 0 0 0 
-1160 666 0 933 0 0 200 0 933 
2400 0 0 533 0 0 -1933 0 0 
2223 0 0 766 1233 966 0 0 0 
0 0 0 0 0 0 60 0 0 
0 0 0 0 0 0 0 0 0 
0 0 0 0 933 0 0 0 0 
-2380 0 0 0 0 0 -5163 0 0 
0 0 0 0 0 0 0 0 0 
1300 366 0 940 0 2766 0 0 200 
-833 0 -2500 0 0 -2000 -600 0 -5100 
0 0 0 633 0 0 0 0 0 
0 0 0 2500 0 0 0 0 0 
-3333 0 0 900 0 0 -4700 0 0 
0 0 0 0 0 0 0 0 0 
0 0 0 0 0 0 0 0 0 
-1433 -566 0 0 0 0 0 0 0 
0 0 0 0 0 0 0 0 0 
-66 0 -66 766 1533 0 0 0 0 
-933 0 -1733 0 -766 -933 -2466 -2033 -5528 
153 0 0 0 0 0 490 0 0 
1185 0 0 355 4933 0 1857 0 700 
700 0 0 400 0 0 1374 0 366 
633 0 0 0 0 0 0 0 0 
-366 0 0 0 0 0 0 0 0 
0 0 0 0 0 0 0 0 0 
295 0 1800 0 0 0 533 0 0 
341 0 -100 -1600 0 0 0 0 0 
1233 0 0 0 0 0 -420 666 0 
0 0 0 0 0 0 -233 0 0 
0 0 0 0 1633 0 4200 0 0 
0 0 0 0 0 0 66 0 0 
0 0 0 0 0 0 0 0 0 
0 0 0 0 0 0 0 0 0 
0 0 0 0 0 0 0 0 0 
0 0 0 0 0 0 0 0 0 
1033 0 0 0 0 0 833 366 0 
0 0 0 0 0 0 0 0 -1066 
514 0 0 0 0 0 0 0 0 
1775 0 0 4966 4400 0 0 0 0 
-712 0 0 -1066 0 0 -1540 0 0 
0 0 0 0 0 0 0 0 0 
0 0 0 0 0 0 0 0 0 
0 0 0 0 0 0 0 -566 0 
666 0 0 933 0 0 0 0 0 
1833 700 0 3500 3966 0 1000 0 0 
-780 -933 -800 -1066 0 0 -833 -1066 -2500 
-597 0 0 0 0 0 0 0 0 
-434 0 0 -861 -600 -533 33 0 0 
-877 0 0 0 0 0 -952 0 -240 
-1498 0 0 0 0 0 0 0 0 
-885 0 0 0 0 0 0 0 0 
-2157 0 0 0 0 0 1160 0 0 
0 0 0 0 0 0 0 0 0 
0 0 0 0 0 0 0 0 0 
0 0 0 0 0 0 0 0 0 
-1866 0 0 0 0 0 0 0 0 
-150 0 0 -200 0 0 0 0 0 
0 0 0 0 0 0 0 0 -166 
-1025 0 0 0 0 0 0 0 0 
-33 0 0 0 0 0 0 0 0 
0 0 0 0 0 0 0 0 0 
-200 0 0 0 0 0 0 0 0 
1033 0 0 0 0 0 0 0 0 
533 0 0 0 0 0 0 0 -633 
0 0 0 0 0 0 0 0 0 
0 0 0 0 0 0 0 0 0 
0 0 0 0 0 0 0 0 0 
3750 0 0 0 0 0 0 0 0 
0 0 0 0 0 0 0 0 0 
1000 0 0 0 0 0 0 0 0 
0 0 0 0 0 0 0 0 0 
0 0 0 0 0 0 0 0 0 
0 0 0 0 0 0 0 0 0 
-1684 0 0 -34 0 0 -566 0 0 
-104 0 0 -366 2300 766 125 0 0 
-603 0 0 -911 0 0 -1184 0 -3737 
-1941 0 0 -480 0 0 0 0 0 
-333 0 0 -246 966 0 0 0 0 
-2437 0 0 -2066 0 0 2750 0 -2066 
-266 0 0 0 0 0 0 0 0 
660 0 0 0 0 0 0 0 0 
1833 0 0 0 0 0 0 0 0 
-1200 0 0 133 0 0 -3444 0 0 
795 0 0 208 3370 0 2140 0 1000 
-1304 0 0 -5100 -866 0 -3428 0 -3500 
1000 0 0 -100 0 0 0 0 0 
1019 0 0 -160 1600 600 2500 0 0 
-1607 0 0 -1233 -433 0 800 0 -3363 
3200 0 0 0 0 0 0 0 0 
-600 0 0 966 2100 0 2466 0 0 
-366 0 0 0 0 0 0 0 0 
300 0 0 0 0 0 1000 0 0 
1033 0 0 -133 1600 0 0 0 0 
-300 0 0 0 0 0 0 0 -833 
0 0 0 0 0 0 0 0 0 
0 0 0 0 0 0 0 0 0 
-66 0 0 0 0 0 0 0 0 
933 0 0 0 0 0 0 0 0 
2066 0 0 1033 0 0 900 0 0 
-166 0 0 0 0 0 0 0 -1266 
-186 0 0 0 0 0 -2061 0 0 
152 0 0 -175 1212 0 -714 0 933 
-642 0 0 0 0 0 -692 0 1375 
209 0 0 -1000 0 0 -400 0 0 
277 0 0 0 375 0 933 0 0 
-1548 0 0 0 0 0 916 0 0 
0 0 0 0 0 0 566 0 0 
0 0 0 0 766 0 766 0 0 
-100 0 0 0 0 0 1033 0 0 
-666 0 0 -1066 0 0 0 0 0 
-2300 0 0 133 866 0 0 0 0 
-600 0 0 -4630 -2100 0 -3236 0 -2740 
0 0 0 -1980 0 0 0 0 0 
533 0 0 0 600 0 0 0 0 
-433 0 0 0 0 0 -371 -433 -2066 
933 0 0 0 0 0 0 0 0 
0 0 0 0 0 0 0 0 0 
0 0 0 -1500 0 0 0 0 0 
-850 0 0 0 0 0 400 0 0 
1384 0 0 0 0 0 866 0 0 
-1325 0 0 0 0 0 -1914 0 -2960 
1500 0 0 -1266 0 0 0 0 0 
-133 0 0 533 266 0 0 0 0 
-360 0 0 0 0 0 1733 0 -2000 
2525 0 0 0 0 0 0 0 0 
3457 0 0 3100 966 0 0 0 0 
-200 0 0 -2866 -3000 0 -2550 -233 -1700 
500 0 0 0 0 0 0 0 0 
94 0 0 200 0 0 266 0 0 
526 0 0 500 0 0 455 0 0 
242 388 25 0 0 0 0 0 0 
-322 1133 0 -363 366 0 133 0 0 
664 -266 0 -266 0 0 125 0 0 
433 0 0 0 0 0 0 0 0 
0 0 0 0 0 0 0 0 0 
0 0 0 0 0 0 0 0 0 
2460 0 0 4019 0 0 0 0 0 
1383 0 0 266 0 300 400 0 0 
1644 0 0 366 -33 0 -700 0 0 
355 4420 100 750 2466 3979 633 0 0 
600 0 766 166 0 0 1566 0 5066 
-900 833 0 0 -800 0 -33 0 3000 
3955 0 1700 0 0 500 0 0 0 
0 0 0 0 0 0 0 0 0 
1525 0 0 2066 0 0 0 0 2566 
33 0 0 0 0 0 0 0 0 
0 0 0 0 0 0 0 0 0 
0 0 0 0 0 0 0 0 0 
2604 366 4866 0 0 0 4680 0 2133 
66 0 0 0 0 0 0 0 0 
-18 0 -33 0 0 0 333 0 0 
0 0 0 0 0 0 0 0 0 
0 0 0 0 0 0 0 0 0 
0 0 0 0 0 0 0 0 0 
303 0 0 614 0 0 1533 0 0 
-295 0 0 621 1033 0 1275 0 0 
67 0 0 3000 0 0 420 0 750 
-662 -1875 800 -1050 2200 0 0 0 0 
442 -550 0 -306 366 0 -500 0 0 
-779 1833 0 175 0 0 -66 -233 0 
2125 0 0 0 0 0 0 0 0 
0 0 0 0 0 0 0 0 0 
100 0 0 0 0 0 0 0 0 
472 0 0 2770 0 0 533 0 0 
494 0 0 615 1733 -33 333 0 0 
0 0 0 -625 0 0 -40 0 -425 
-339 1272 2960 50 2500 0 2400 3577 2766 
-330 1133 0 -125 4881 466 0 366 2633 
-991 3000 0 -1333 1450 0 433 -700 100 
4775 0 0 1000 0 0 0 0 0 
550 0 0 0 2066 0 900 0 0 
333 0 300 0 0 0 0 0 0 
2854 0 0 0 0 0 2620 0 0 
0 0 0 1300 1600 0 0 0 0 
-33 0 0 0 0 0 200 0 0 
0 800 0 0 0 0 0 900 0 
0 0 0 0 2650 0 0 0 0 
0 0 0 0 0 0 0 0 0 
2200 0 966 0 0 0 0 0 0 
-266 0 0 0 0 0 0 0 0 
566 0 0 0 0 0 0 0 0 
493 0 0 0 0 0 1138 0 0 
-424 0 0 1166 66 0 260 0 0 
490 0 0 0 0 0 -486 0 -566 
236 700 0 400 0 0 914 0 0 
33 1133 0 -466 1675 0 1200 0 0 
472 -266 -100 33 0 0 120 -300 -100 
0 0 0 0 0 0 0 0 0 
0 0 0 0 0 0 0 0 0 
0 0 0 0 0 0 0 0 0 
2609 0 0 1800 0 0 1900 0 0 
2376 0 0 733 166 0 1700 0 0 
-3325 0 0 -1066 0 0 -2577 0 -1066 
175 1920 0 -233 1666 766 0 5138 0 
657 1833 0 1333 5050 0 1533 0 0 
0 0 0 0 600 0 -1300 -233 66 
0 0 0 1066 0 0 0 0 0 
1133 0 0 1700 0 0 0 0 0 
0 0 0 0 0 0 0 0 0 
950 0 0 0 0 0 2075 0 0 
450 0 0 650 0 0 0 0 0 
-3700 0 0 0 0 0 -1766 0 -466 
2133 5300 0 0 1066 0 2666 2900 0 
800 4153 0 0 1639 0 0 2325 0 
66 0 0 0 1066 0 0 120 -200 
5700 0 0 1066 0 0 2100 0 0 
4140 0 0 0 0 0 600 0 0 
0 0 0 0 0 0 0 0 -633 
-1316 0 0 0 0 0 0 0 0 
-437 0 0 -350 360 0 0 0 0 
-475 0 0 0 0 0 129 0 100 
-3295 -2680 0 0 0 0 0 0 0 
-3457 -2066 0 -900 266 0 0 0 0 
-533 0 0 0 0 0 -1766 -966 0 
600 0 -2865 0 0 0 0 0 0 
785 0 -1375 0 0 -700 0 0 0 
1375 0 -200 0 0 0 -133 0 -366 
-1861 0 0 -2927 0 0 900 0 0 
-740 0 0 -288 0 0 0 0 0 
942 0 0 -1233 0 0 -633 0 -1933 
-2600 -700 0 -2160 -300 0 0 0 0 
0 0 0 0 0 0 0 0 0 
0 0 0 0 0 0 -800 0 -1933 
-2493 -1466 -2752 -233 0 -4696 0 0 0 
-1866 0 -900 -2380 0 -1533 0 0 933 
114 0 0 -1026 0 0 66 0 -2616 
2550 0 0 0 0 0 0 0 0 
0 0 0 0 -1233 0 0 0 0 
-2446 0 0 -1866 -1866 0 0 0 0 
-4382 0 0 0 0 0 -1366 0 0 
-566 0 0 0 833 0 0 0 0 
300 0 0 -2300 -300 0 -766 -766 0 
0 0 -4440 0 0 0 0 0 0 
0 0 200 0 0 0 0 0 0 
-3211 0 66 0 0 0 0 0 -4835 
-1514 0 0 -1800 0 0 150 0 0 
-79 0 0 -536 -375 0 400 0 0 
-980 0 0 -2100 -1000 0 0 0 100 
-1340 233 0 300 0 0 0 0 0 
-333 0 0 366 1300 1866 0 0 0 
-1066 333 0 0 -1000 0 0 -966 0 
292 0 -2847 1120 0 0 0 0 0 
-888 0 -33 -650 0 85 966 0 0 
-459 0 -1300 -1000 0 -1733 1133 0 28 
-1848 0 0 -1285 0 0 -3620 0 0 
380 0 0 92 1220 0 2200 0 0 
-411 0 0 -2533 100 0 -1066 0 -1666 
-4145 -1800 0 -1685 0 0 766 -366 0 
-300 0 0 540 966 0 0 0 0 
466 0 0 -1033 0 0 -1566 -33 -4266 
-3277 0 -3209 -600 0 -2680 -2133 0 0 
-1133 0 -33 333 2380 -233 900 0 0 
-825 0 -300 866 0 -1425 0 0 -3320 
2857 0 0 0 0 0 33 0 0 
950 0 0 -500 966 0 0 0 0 
-1877 0 0 -33 0 0 -2380 0 -400 
0 0 0 0 0 0 0 0 0 
0 0 0 0 0 0 0 0 0 
-1033 -966 0 0 0 0 0 0 0 
0 0 0 0 0 0 0 0 0 
-600 0 -66 0 0 0 0 0 0 
-1766 0 -866 0 0 0 0 0 -5015 
395 0 0 0 0 0 -854 0 0 
-285 0 0 -233 -725 0 -766 0 700 
-120 0 0 0 0 0 -454 -166 700 
-911 -700 0 0 0 0 -366 -366 0 
-650 0 0 0 233 0 0 0 0 
125 0 0 0 0 0 0 0 0 
300 0 -1400 0 0 0 566 0 -500 
-500 0 0 0 0 0 0 0 -33 
166 0 -1288 0 0 0 1966 0 866 
-1587 0 0 -200 0 0 600 0 0 
-33 0 0 -900 0 0 0 0 0 
280 0 0 0 0 0 -1033 0 -900 
-366 0 0 -4466 0 0 0 0 0 
0 0 0 0 900 0 0 0 0 
0 0 0 -266 0 0 0 0 0 
233 -1850 -1460 -1066 0 -2433 0 0 -333 
500 0 333 0 0 -1800 0 0 900 
0 0 0 0 0 0 0 0 -2000 
-400 0 0 0 0 0 33 0 0 
833 0 0 -366 0 0 0 0 0 
-1115 0 0 0 0 0 -850 0 0 
0 0 0 0 0 0 -700 0 0 
-266 0 0 0 0 0 -700 0 0 
-1500 0 0 0 0 0 0 -1475 0 
1733 0 -1900 0 0 0 0 0 -833 
0 0 0 0 0 0 0 0 0 
-1066 0 -1833 0 0 0 0 -1300 160 
837 0 0 0 0 0 0 0 0 
1100 0 0 1056 2300 0 -500 0 0 
-250 0 0 1066 0 0 888 0 -525 
0 0 0 0 0 0 0 0 0 
0 0 0 0 0 0 0 0 0 
466 0 0 0 0 0 0 0 0 
1395 0 0 0 0 0 0 0 0 
1460 0 0 -950 600 0 -1066 0 0 
900 0 0 0 0 0 1488 0 -633 
-800 0 0 0 0 0 0 0 0 
0 0 0 0 0 0 0 0 0 
-700 0 0 0 0 0 0 0 0 
0 0 0 0 0 0 0 0 0 
0 0 0 0 0 0 0 0 0 
0 0 0 0 0 0 0 0 0 
-1162 0 0 0 0 0 0 0 0 
440 0 0 0 0 0 0 0 0 
0 0 0 0 0 0 0 0 -166 
2387 0 0 0 0 0 0 0 0 
-180 0 0 900 66 0 0 0 0 
1850 0 0 0 0 0 266 0 0 
850 0 0 0 0 0 -233 0 0 
0 0 0 0 0 0 0 0 0 
0 0 0 0 0 0 0 0 0 
5025 0 0 0 0 0 0 0 0 
833 0 0 0 66 0 0 0 0 
0 0 0 0 0 0 100 0 0 
-671 0 0 38 0 0 0 0 0 
410 0 0 1136 40 1033 0 0 0 
281 0 0 -1000 0 0 -300 0 -914 
0 0 0 -1133 0 0 0 0 0 
0 0 0 0 0 0 0 0 0 
0 0 0 0 0 0 0 0 0 
-102 0 0 -40 0 0 -66 0 0 
121 0 0 1044 100 0 833 0 0 
-800 0 0 -566 0 0 1066 0 0 
-100 0 0 0 0 0 1300 0 0 
1600 0 0 2150 4215 1033 533 0 0 
-800 0 0 166 0 0 566 0 -225 
-375 0 0 -1000 0 0 -1000 0 0 
2514 0 0 3566 533 1500 0 0 0 
-666 0 0 0 0 0 0 0 0 
0 0 0 0 0 0 0 0 0 
775 0 0 1000 6133 0 2466 0 0 
-1333 0 0 0 0 0 0 0 0 
-1633 0 0 233 0 0 2800 0 0 
720 0 0 825 5000 0 2180 0 0 
560 0 0 -100 0 0 1800 0 -800 
0 0 0 366 0 0 0 0 0 
0 0 0 66 900 0 0 0 0 
0 0 0 0 0 0 0 0 -600 
200 0 0 0 0 0 0 0 0 
3266 0 0 2700 2220 0 2466 0 0 
-66 0 0 -1433 0 0 0 0 -1700 
1011 0 0 -400 0 0 2864 0 0 
1513 0 0 1070 3354 -533 2846 0 0 
491 0 0 -966 0 0 1101 875 -100 
-2028 0 0 0 0 0 0 0 0 
-309 0 0 0 866 0 0 0 0 
-1428 0 0 0 0 0 0 0 0 
3108 0 0 0 0 0 -675 0 0 
990 0 0 -233 433 0 -766 0 866 
-225 0 0 0 0 0 225 -1600 0 
-566 0 0 -633 0 0 0 0 0 
1050 0 0 -100 2966 0 0 0 0 
-1120 0 0 866 0 0 0 0 0 
0 0 0 0 0 0 0 0 0 
0 0 0 0 560 0 0 0 0 
-1550 0 0 0 0 0 0 0 0 
1066 0 0 0 0 0 0 0 0 
1066 0 0 0 0 0 0 0 0 
0 0 0 0 0 0 0 0 0 
1714 0 0 1066 0 0 540 0 0 
2288 0 0 1355 2975 0 2800 0 366 
-200 0 0 -2885 0 0 1237 -666 -3225 
1000 0 0 -1000 0 0 -466 0 0 
-600 0 0 533 2700 0 1225 0 366 
-600 0 0 0 0 0 950 0 -2233 
350 0 0 0 0 0 840 0 0 
2600 0 0 2180 5105 0 1475 0 0 
-1586 0 0 -2914 -1066 0 3600 0 -466 
1908 0 0 0 0 0 0 0 0 
1185 0 0 1514 600 0 400 0 0 
154 0 0 300 0 0 2044 0 0 
1105 3595 0 0 0 0 0 0 0 
1220 -80 0 333 -166 0 0 0 0 
1240 2800 0 0 0 0 966 0 0 
3760 0 1700 0 0 0 0 0 0 
1983 0 1800 733 0 0 0 0 0 
1175 0 0 0 0 0 -933 0 0 
-1375 0 0 0 0 0 0 0 0 
3117 0 0 833 0 0 1460 0 2200 
300 0 0 0 0 0 -500 0 0 
0 4356 0 0 4666 0 0 0 0 
3690 666 0 633 4918 0 0 0 0 
0 0 0 0 800 0 0 0 0 
4098 0 0 4737 0 0 0 0 0 
1900 0 0 0 0 0 0 0 0 
0 0 0 0 -33 0 0 0 0 
2657 0 0 0 0 0 3314 0 0 
140 0 0 133 1066 0 300 0 0 
1329 0 0 0 0 0 2171 0 -333 
2410 3554 0 0 0 0 1200 4825 0 
-200 0 0 333 1700 0 766 366 0 
1400 0 0 0 0 0 933 4828 1066 
640 0 0 0 0 0 0 0 0 
-1066 0 0 0 0 0 0 0 0 
566 0 0 0 0 0 100 0 466 
-501 0 0 -544 0 0 0 0 0 
-311 0 0 1011 0 0 0 0 0 
677 0 0 819 0 0 800 0 0 
-566 1360 0 -666 650 0 0 0 0 
-1900 640 0 -366 533 0 0 0 0 
133 0 0 0 -933 0 0 366 0 
600 0 0 -1200 0 0 -33 0 0 
1600 0 966 733 0 0 0 0 0 
666 0 0 -933 0 0 0 0 0 
-425 0 0 33 0 0 0 0 0 
1500 0 0 2050 2700 0 600 0 600 
-100 0 0 0 0 0 100 0 0 
-700 0 0 0 4533 0 100 0 0 
33 666 0 966 2520 900 0 733 866 
0 0 0 0 0 0 -833 0 33 
0 0 0 4533 0 0 0 0 0 
-100 0 0 0 1000 1066 0 0 0 
0 0 0 0 0 0 0 0 0 
2200 0 0 -333 0 0 2633 0 0 
-333 0 0 1800 1975 0 1600 0 0 
320 0 0 0 0 0 0 0 800 
933 0 0 0 0 0 0 600 0 
500 0 0 300 4090 0 0 0 0 
0 0 0 0 1033 0 0 0 0 
0 0 0 0 0 0 600 0 0 
-1300 0 0 0 1900 0 0 0 0 
0 0 0 1033 0 0 0 0 0 
1456 0 0 -433 0 0 2100 0 0 
1324 0 0 520 800 0 1440 0 1800 
-2 0 0 -300 0 0 1068 900 0 
-850 3861 0 -666 0 0 0 200 0 
-138 733 0 -366 1525 0 0 1066 0 
780 200 0 0 0 0 -650 100 0 
425 0 0 -200 0 0 -1200 0 0 
1107 0 0 0 0 0 0 0 0 
280 0 0 0 0 0 375 0 0 
420 0 0 0 0 0 0 0 0 
2480 0 0 880 633 0 2020 0 0 
-200 0 0 0 0 0 -233 0 0 
966 -300 0 0 5200 0 0 0 0 
3425 300 0 0 4333 0 1966 0 1066 
-900 0 0 -1066 -1066 0 0 0 -166 
0 0 0 0 0 0 0 0 0 
1920 0 0 1066 0 2133 1666 0 0 
0 0 0 0 0 0 0 0 0 
2044 0 0 -1233 0 0 1722 0 0 
183 0 0 3000 3563 0 3785 0 0 
700 0 0 33 0 0 815 0 -466 
960 4060 0 0 0 0 0 3471 0 
833 3833 0 333 3133 0 0 3755 0 
1028 -100 0 966 -1033 0 2466 1933 -1666 
2060 0 0 1066 0 1066 2300 0 0 
-260 0 133 633 3679 0 1600 0 0 
-100 0 0 0 0 0 0 0 -1533 
-269 0 0 0 0 0 0 0 0 
582 0 0 191 0 0 600 0 0 
356 0 0 0 0 0 588 600 -266 
0 0 0 0 0 0 0 0 0 
0 0 0 0 0 0 0 0 0 
0 0 0 0 0 0 0 0 0 
-223 -1125 -1129 0 0 0 0 0 0 
62 0 500 -1258 -233 0 -1066 0 0 
60 -1233 266 0 0 0 425 0 0 
-500 0 0 -400 0 0 0 0 0 
0 0 0 600 0 0 0 0 0 
0 0 0 0 0 0 0 0 0 
0 0 0 0 0 0 0 0 0 
0 0 0 0 0 0 0 0 0 
0 0 0 0 0 0 0 0 0 
-931 1939 -1066 -3177 0 0 0 0 0 
-2314 0 0 -2020 0 0 0 0 0 
466 0 0 0 0 0 0 0 0 
-2142 0 0 0 0 0 -2366 0 0 
-1153 0 0 166 766 0 -500 0 0 
-1310 0 0 0 0 0 -400 0 233 
-4542 -2425 0 0 0 0 0 0 0 
-733 0 0 0 0 0 0 0 0 
0 0 0 0 0 0 0 0 0 
313 -1900 -2169 0 0 0 -3636 1066 -1200 
-400 0 0 -133 -2533 -566 -2600 0 -866 
1466 0 1000 0 -633 0 33 0 0 
-420 0 0 -962 0 0 0 0 0 
455 0 0 824 966 2466 0 0 0 
-456 0 0 -900 0 0 400 0 100 
0 0 0 0 0 0 0 0 0 
0 0 0 0 0 0 0 0 0 
-333 0 0 0 0 0 0 0 0 
-773 -4650 -380 871 0 -333 0 0 0 
-52 -33 833 1257 -700 0 0 0 0 
-648 0 -500 -733 0 0 88 0 0 
387 0 0 1360 0 0 666 0 0 
500 0 0 733 633 600 0 0 0 
1833 0 0 0 0 0 -100 0 0 
-4500 -833 0 -566 0 0 -2133 0 0 
0 0 0 0 533 0 0 0 0 
0 0 0 0 0 0 0 -466 0 
200 0 -3000 -933 0 -766 0 0 -2133 
-1075 -1000 0 -300 1233 0 0 0 0 
0 0 0 0 0 -933 0 0 -1200 
-2107 0 0 666 0 0 -1180 0 0 
-725 0 0 -66 -66 0 0 0 0 
-20 0 0 -1966 0 0 -733 0 0 
0 0 0 0 0 0 0 0 0 
0 0 0 0 900 0 0 0 0 
-333 0 0 0 0 0 0 0 0 
-1240 -1833 -1820 -466 0 -3166 -4420 -733 -3636 
-533 -33 0 733 1633 -1033 0 0 900 
-3066 0 0 -100 0 0 0 0 -1600 
235 0 0 -1300 0 0 925 0 0 
306 0 0 140 1500 0 775 0 0 
428 0 0 -1033 -33 0 302 -33 0 
-1000 0 0 0 0 0 0 0 0 
-400 0 0 0 0 0 0 0 0 
133 0 0 0 0 0 0 0 0 
747 -1927 -1450 0 0 0 950 0 -333 
631 0 -180 0 360 233 -1200 0 0 
617 0 400 0 0 0 869 0 433 
-2253 0 0 -1800 0 0 0 0 0 
-1766 0 0 0 0 0 0 0 0 
-375 0 0 -266 0 0 0 0 0 
-566 0 0 0 0 0 0 0 0 
0 0 0 0 833 0 0 0 0 
-66 0 0 0 0 0 0 0 0 
-1633 0 0 0 0 0 0 0 0 
66 0 0 866 2066 0 0 0 0 
0 0 0 866 0 -1833 0 0 -2640 
-927 0 0 333 0 0 -2750 0 0 
83 0 0 425 900 0 -850 0 -666 
-6 0 0 -1766 0 0 -329 -33 233 
-2050 0 0 0 0 0 -466 -2266 0 
-966 0 0 0 866 0 0 0 0 
33 0 0 0 -1000 0 0 -1533 0 
-253 0 -2133 2460 0 -1766 1150 -1850 -3800 
2255 0 -733 2020 1826 -2300 2900 0 -3933 
-52 0 -1000 -433 0 -733 233 -1725 -4536 
-1358 0 0 0 0 0 0 0 0 
-1077 0 0 -974 -462 -1257 -3457 0 0 
-1073 0 0 -3533 0 0 -1130 300 -1585 
0 0 0 0 0 0 0 0 0 
0 0 0 0 0 0 0 0 0 
0 0 0 0 0 0 0 0 0 
0 0 0 0 0 0 0 0 0 
0 0 0 0 0 0 0 0 0 
0 0 0 0 0 0 0 0 0 
-444 664 766 0 0 0 0 0 0 
-91 1433 766 -858 2993 -400 0 133 0 
-455 1127 666 166 0 0 -760 1900 100 
0 0 0 0 0 0 0 0 0 
0 0 0 0 0 0 0 0 0 
0 0 0 0 0 0 0 0 0 
0 0 0 0 0 0 0 0 0 
0 0 0 0 0 0 0 0 0 
0 0 0 0 0 0 0 0 0 
-441 0 -650 0 0 0 0 0 0 
1315 0 -666 1200 1600 0 0 0 0 
1083 0 -20 0 0 0 133 0 -33 
0 0 0 0 0 0 0 0 0 
0 0 0 0 0 0 0 0 0 
0 0 0 0 0 0 0 0 0 
0 0 0 0 0 0 0 0 0 
0 0 0 0 0 0 0 0 0 
0 0 0 0 0 0 0 0 0 
-1016 0 0 -1254 0 0 -457 0 0 
-766 0 0 -624 -11 -1116 326 0 974 
-1113 0 0 -2774 -3450 0 -330 620 -2302 
0 0 0 0 0 0 0 0 0 
0 0 0 0 0 0 0 0 0 
0 0 0 0 0 0 0 0 0 
0 0 0 0 0 0 0 0 0 
0 0 0 0 0 0 0 0 0 
0 0 0 0 0 0 0 0 0 
-435 560 -633 -870 544 433 -80 660 -200 
156 228 771 215 1554 1176 2060 675 2957 
-331 -586 -800 -1121 -278 -666 -1665 -1815 -888 
-733 0 -3828 -1000 0 0 0 -300 1066 
738 -100 0 2360 2107 2703 2220 0 133 
1019 300 -4333 -1000 0 0 -2584 -2366 -3250 
-1133 -1033 0 -2133 0 0 0 2066 0 
-200 -433 0 -166 4557 0 500 533 0 
666 0 0 66 733 0 120 -1457 466 
871 0 -2004 -700 0 -2466 0 0 -2212 
457 0 -792 2268 2422 1988 1120 0 -914 
455 0 -1551 -857 0 166 1362 0 -2045 
0 0 0 0 0 0 0 0 0 
0 0 0 0 0 3200 0 0 366 
0 0 -3000 0 0 0 0 0 -1360 
0 0 0 0 1533 466 0 0 0 
800 33 1400 3654 -327 1620 2425 0 1800 
-166 0 -500 0 0 0 0 0 -3257 
57 0 0 -1180 0 0 -317 0 0 
475 0 0 -105 824 750 819 0 1644 
-291 0 0 -2000 100 0 -869 -635 120 
0 0 0 0 0 0 0 0 0 
0 0 0 0 0 0 0 0 0 
0 0 0 0 0 0 0 0 0 
0 0 0 0 0 0 0 0 0 
0 0 0 0 0 0 0 0 0 
0 0 0 0 0 0 0 0 0 
-228 1224 200 0 1388 0 -1044 745 200 
813 807 0 312 1488 0 2517 280 133 
-345 406 66 -1558 -1364 0 -1259 -381 -1786 
0 0 0 0 0 0 0 33 -1133 
-966 0 0 0 1600 0 0 -1000 0 
900 0 -66 0 -533 0 -1620 -504 -1166 
0 966 0 0 1800 0 0 1366 0 
0 -1000 0 0 3148 0 0 0 0 
0 -357 0 0 -3266 0 0 -3253 0 
1061 0 -1500 -1022 0 -1075 890 0 -1788 
30 0 275 1427 725 2169 1180 0 -775 
-113 166 -985 -700 0 0 -444 433 -1722 
0 0 0 0 0 0 0 0 0 
0 0 0 0 0 0 0 0 0 
0 0 -366 0 0 0 0 0 -166 
140 250 1000 900 166 0 700 1033 0 
181 -755 -466 1088 2253 1333 3541 -1200 1525 
-223 900 0 -1525 -2981 0 -2621 -162 -2728 
-1166 0 0 0 0 0 0 0 0 
-940 0 0 -647 -371 -733 -1550 0 0 
-935 0 0 -1600 0 0 -985 233 -2671 
-896 -828 -233 0 0 0 0 0 0 
-344 -750 200 -700 87 -266 -1533 0 0 
-651 -1400 -333 1066 0 0 -962 166 -600 
-2060 0 0 0 0 0 0 0 0 
-500 0 0 -466 0 0 0 0 0 
-466 0 -300 0 0 0 66 0 -466 
-338 493 -666 0 0 0 0 0 0 
2 568 -800 1384 1916 -566 -400 0 0 
-158 -133 0 -200 0 0 -1200 800 -1450 
206 11 233 0 0 0 0 0 0 
-600 418 433 66 -120 0 0 0 0 
650 425 0 0 0 0 -333 333 0 
0 0 0 0 0 0 0 0 0 
0 0 0 0 0 0 0 0 0 
0 0 0 0 0 0 66 0 0 
337 0 333 0 0 0 0 0 0 
775 0 33 300 0 0 0 0 0 
-275 0 -266 0 0 0 166 0 0 
-1100 1700 433 0 0 0 0 0 0 
0 0 0 -133 0 -166 0 0 0 
233 6155 0 0 0 0 0 0 -166 
0 0 0 0 0 0 0 0 0 
0 0 0 0 0 0 0 0 0 
0 0 0 0 0 0 0 0 0 
-522 0 0 -1257 0 0 -25 0 0 
-498 0 0 -548 456 -1666 838 0 -466 
-667 0 0 -1447 -933 0 -92 200 -1320 
-629 -804 -133 -952 -466 0 -266 0 0 
-443 -894 -333 -17 1080 -525 993 0 -66 
-204 -171 -500 600 0 666 64 0 -854 
-1820 0 -266 -433 0 0 0 0 0 
-1237 0 0 371 0 0 0 0 0 
-133 0 0 33 0 0 0 0 -466 
-565 428 200 -361 1378 733 -509 66 0 
420 312 -262 -125 728 1583 -80 475 586 
-302 862 -233 -894 -2657 0 -616 -52 -560 
-1293 1392 1128 0 680 0 -950 2833 2377 
355 233 633 138 2223 2647 -725 100 3046 
6 420 120 300 -266 -66 175 -321 -1887 
566 0 0 0 0 0 0 0 0 
-433 0 400 0 2425 1933 166 0 0 
-266 233 0 0 233 0 -1100 0 -133 
539 0 -541 225 0 133 0 0 233 
-45 0 -825 1006 -133 600 633 0 0 
448 0 -471 -33 0 -66 923 0 -925 
-166 0 0 0 2342 0 0 0 0 
0 0 0 0 2971 0 0 0 0 
0 0 0 0 0 0 0 466 -1533 
0 0 -200 0 0 0 0 0 0 
0 0 0 0 -375 433 0 0 0 
0 0 0 0 1000 0 0 0 -2345 
201 0 0 -33 0 0 171 0 0 
102 0 0 -320 542 -366 -163 0 666 
-14 0 0 -675 0 0 -293 -500 -145 
244 919 0 0 0 0 766 50 0 
473 0 0 -300 223 0 0 488 0 
290 -66 -66 0 0 0 50 -546 230 
-200 0 0 0 0 0 0 0 0 
-133 0 0 0 -166 0 0 0 0 
900 0 0 0 0 0 450 -366 0 
167 757 0 0 -569 0 808 494 0 
205 586 0 556 820 1971 1019 43 -450 
-9 0 0 -300 85 0 -96 275 -760 
-300 1269 0 0 1266 0 -1555 800 -66 
371 1389 0 100 2316 0 33 -152 0 
709 -663 -100 -100 -1760 0 -500 -1502 -166 
0 0 0 0 0 0 0 0 0 
433 0 200 0 0 -50 -66 0 666 
533 0 0 0 0 0 0 0 0 
911 0 33 -1633 0 0 -100 0 771 
421 0 0 384 125 -40 -581 0 0 
666 0 160 33 0 0 -354 433 -837 
-66 969 33 0 566 0 0 666 0 
-120 200 -166 -433 1522 0 0 0 0 
266 1120 0 0 -975 0 180 -1929 75 
133 726 0 0 -675 733 -33 1100 66 
466 -444 -933 400 603 700 33 -450 100 
-1180 250 0 0 -800 0 -833 -470 -1548 
-1168 0 0 0 0 0 0 0 0 
-876 0 0 -735 733 -233 440 0 0 
-667 0 0 -300 0 0 -764 266 -1983 
-890 0 0 0 0 0 0 0 0 
800 0 0 200 0 0 0 0 0 
660 0 0 0 0 0 0 0 0 
-1463 -1566 -2787 0 0 0 0 0 0 
-745 0 -1384 -1283 233 -140 0 0 0 
-897 -1066 -1177 -100 0 0 -1322 0 -600 
-641 214 200 0 0 0 0 0 0 
85 724 600 -711 309 0 -300 0 0 
67 -1294 0 0 -533 0 76 400 -750 
0 0 0 0 0 0 0 0 0 
100 900 0 0 0 0 0 0 0 
266 0 0 0 0 0 0 0 0 
-590 1520 514 0 0 0 0 0 0 
-577 275 -725 -150 200 100 0 0 0 
2345 766 333 0 0 0 0 0 -400 
800 0 -1200 0 0 0 0 0 0 
533 0 -325 800 1966 100 0 0 0 
-494 1687 266 0 0 0 1240 833 200 
0 0 0 0 0 0 0 0 0 
0 0 0 0 0 0 0 0 0 
0 0 166 0 0 0 0 0 0 
233 0 -66 0 0 0 0 0 0 
0 0 0 0 0 0 0 0 0 
-100 600 -66 0 0 0 0 0 0 
-708 0 0 -572 0 0 300 0 0 
-529 0 0 -272 249 -1222 372 0 1030 
-421 0 0 -1661 -950 0 -114 -180 -850 
-400 0 0 900 0 0 0 0 0 
-952 0 0 183 700 0 333 0 0 
-560 0 0 -1000 0 0 -1300 0 -33 
-662 66 -1413 -993 0 300 0 0 0 
-278 -433 -702 -180 -84 -296 522 0 -500 
-468 533 -1057 -815 -366 20 -346 400 -1380 
-416 417 -650 -288 290 -400 -265 875 0 
-313 529 366 -149 1273 620 386 0 1000 
-185 175 -66 -144 366 0 -191 -1044 -570 
-233 266 -1066 0 0 100 0 0 0 
360 -700 200 1737 1733 -742 0 0 933 
-300 -171 -66 300 100 533 -1280 -320 -503 
-847 1244 -2600 -1540 -133 66 850 0 0 
-18 -60 -80 -51 2146 1009 -200 0 -613 
-612 -233 300 -2000 466 433 -576 -1100 -1901 
666 600 -495 180 0 -133 0 0 -366 
441 433 -200 1066 1242 674 320 0 -155 
386 1470 -200 -209 -640 120 -840 -1784 -592 
0 0 0 0 0 0 0 0 0 
0 0 0 0 0 0 0 0 0 
66 0 0 0 0 0 275 -1533 0 
400 0 -1000 0 755 -33 0 0 0 
752 900 533 766 600 2342 0 0 75 
-540 0 -3844 0 566 -566 -533 -500 -3236 
29 0 0 -233 0 0 -107 0 0 
455 0 0 -246 568 -133 -26 0 -433 
89 0 0 -300 -833 0 -201 246 613 
1533 0 0 0 0 0 166 0 0 
33 0 0 0 133 0 766 0 0 
1666 0 0 0 0 0 -800 0 0 
-137 -400 -375 0 0 0 493 -833 -100 
171 0 800 771 -190 766 -123 -133 100 
-62 -400 111 0 0 0 -6 -1200 270 
194 925 0 0 140 0 -317 1200 -200 
450 496 0 980 920 0 -66 114 0 
-46 -161 0 -300 211 0 -391 203 -1885 
0 0 0 0 0 0 0 0 133 
0 0 0 -133 1138 0 0 -500 0 
0 0 0 0 0 0 459 -1425 -133 
-266 285 -233 0 0 0 1733 1885 -3861 
700 -260 0 0 1252 66 500 66 0 
-1892 -571 -100 0 -133 0 -1660 -788 400 
1360 0 -375 0 0 0 966 0 -1142 
-274 0 -360 1128 1210 1440 100 0 -1725 
-417 -217 -1457 233 100 0 -163 -643 -1810 
0 0 0 0 0 0 0 0 0 
0 0 0 0 566 0 0 0 0 
0 -133 166 0 0 0 0 -57 133 
963 745 -1366 0 500 733 0 -28 -266 
93 368 333 248 1141 966 100 266 400 
24 118 -1033 -1200 -1555 0 -172 -1715 -2057 
-975 0 0 0 0 0 0 0 0 
-464 0 0 -602 -90 -320 -2039 0 0 
-780 0 0 -171 0 0 -684 -1000 -726 
-1397 0 0 0 0 0 0 0 0 
-414 0 0 -1722 0 -366 -166 0 0 
-969 0 0 -500 0 0 -925 0 -775 
625 0 0 0 0 0 0 0 0 
160 0 0 0 0 0 0 0 0 
-566 0 0 0 0 0 -133 0 66 
-808 784 0 0 -933 1100 0 -900 0 
-782 571 933 -1170 23 -353 0 0 0 
-431 200 0 1000 0 -1033 -953 1133 1300 
-872 780 0 0 0 0 0 0 0 
-510 0 0 -500 720 -33 1000 0 0 
-552 1087 0 0 -200 0 -780 200 -625 
19 1714 0 0 0 0 0 0 0 
-222 350 0 -1460 -500 66 0 0 0 
-527 -500 466 0 0 -733 733 0 -166 
707 0 -554 0 0 0 0 0 0 
513 400 -1500 0 0 0 -300 0 233 
378 266 -744 0 0 0 -581 0 -1676 
1450 0 -2414 0 0 0 0 900 0 
333 0 -1950 0 -1133 0 0 850 33 
200 0 -400 0 0 0 0 784 -3371 
0 0 0 0 0 0 0 0 0 
0 0 0 0 0 0 0 0 0 
-300 0 0 0 0 0 0 0 0 
-722 0 0 -646 0 0 -86 0 0 
-540 0 0 -331 -62 -376 -98 0 -316 
-659 0 0 -1265 -1800 0 -274 -727 -1676 
-771 0 0 -162 0 0 175 0 0 
-330 0 0 -346 339 -368 471 0 646 
-422 0 0 -808 -1766 0 -131 -900 -835 
-87 0 0 -333 0 0 652 0 0 
256 0 0 317 457 -200 700 0 33 
-18 0 0 -744 0 0 174 -1575 -855 
-764 286 2066 -649 159 -448 -1148 -752 100 
-431 -121 607 -230 1142 546 320 527 887 
-295 -264 -384 -710 -273 -200 -863 -637 -768 
-763 -442 -1080 -1004 1135 -2062 -1252 818 -80 
-248 58 84 -25 1190 453 1130 156 -306 
-148 251 -396 -640 -30 -213 -294 -182 -1212 
-330 224 2050 561 1416 -1340 -107 0 0 
-406 -176 -1150 -174 927 -185 262 925 2333 
-132 176 -75 -133 -344 -357 -183 292 -1032 
244 -733 -736 -866 0 -860 193 5733 -1623 
85 -66 -458 528 1728 307 630 569 -276 
430 0 -1016 0 0 -133 249 105 -1349 
0 0 0 0 0 -466 0 0 0 
-773 0 -1100 -533 480 1525 -66 133 -375 
33 0 -942 0 0 0 33 -266 -1612 
273 -133 -2126 0 0 0 0 0 -400 
140 -15 53 2643 1375 2000 1488 1046 -507 
248 -33 -437 0 1033 -866 1255 -247 -1351 
49 0 0 -760 0 0 -297 0 0 
-353 0 0 -489 150 -628 -97 0 -380 
-67 0 0 -576 266 0 -464 -343 -556 
149 0 0 57 0 0 -78 0 0 
124 0 0 69 663 -520 160 0 366 
-90 0 0 266 100 0 -117 -70 56 
857 0 0 0 0 0 539 0 0 
0 0 0 -1166 955 0 860 0 0 
72 0 0 466 0 0 -177 -33 133 
8 825 745 -133 -422 -2800 -676 136 900 
-191 33 300 -44 473 -136 -142 -388 -366 
-112 -19 457 -766 -512 -458 -1151 -643 -1285 
26 675 -166 -200 266 0 -180 970 -1400 
-237 124 100 50 673 -1000 -628 393 800 
170 279 784 33 -372 -266 -1224 -564 -1624 
-118 1923 0 0 1000 0 -33 66 0 
550 188 0 178 860 1345 -247 -57 0 
133 206 133 -700 -1933 0 -629 -770 -1569 
555 0 -761 -133 0 0 752 0 -1336 
-141 -300 -153 715 -176 -200 506 575 -1052 
-191 0 -433 -1366 0 0 -288 433 -1362 
422 0 -175 0 0 -133 1800 1476 933 
-141 0 -100 1000 692 -300 -200 57 -1220 
1047 0 -547 0 0 0 725 -60 -1993 
1200 1639 366 -66 0 0 750 766 -3160 
-186 433 1457 238 1444 807 353 580 -66 
154 1800 76 -980 0 -1028 -911 -464 -2786 
-741 0 0 0 0 0 0 0 0 
-470 0 0 -342 -274 -533 336 0 0 
-563 0 0 -386 -300 0 -676 -620 -1192 
-626 217 -611 0 0 0 0 0 0 
-453 -682 -390 -443 341 -360 -1042 0 -233 
-311 342 -223 -800 -666 -233 -543 150 -896 
574 0 806 0 0 0 0 0 0 
436 0 834 -664 0 720 1060 0 0 
4 0 11 166 0 0 1252 0 -19 
29 -127 657 705 366 -2233 0 -900 0 
-365 168 -854 164 0 -400 -433 -33 0 
-299 264 -125 1240 -700 450 -937 -983 -66 
-60 1308 -214 2115 1186 664 500 4208 0 
-31 895 745 -27 1887 400 -66 1981 520 
-301 912 -44 -2800 1256 520 -415 1469 455 
2250 900 2785 2088 0 960 433 0 0 
385 2000 514 2466 -400 66 600 0 -600 
493 0 325 0 0 -2220 2266 0 1333 
366 -533 651 0 0 66 2000 0 1066 
537 0 -345 100 0 -66 -666 0 0 
346 0 -511 0 0 0 338 1650 -185 
1870 862 1000 0 0 2911 4240 2280 2218 
550 -266 1110 0 2066 0 2133 150 500 
712 866 1331 0 0 0 1242 736 454 
1621 0 -645 0 0 0 333 33 -600 
0 0 0 0 0 0 0 0 0 
161 0 -929 0 0 0 166 0 300 
-570 0 0 -385 0 0 110 0 0 
-405 0 0 -209 -227 -708 94 0 -18 
-455 0 0 -642 -696 0 -223 -52 -1117 
-451 -51 -989 -264 91 -531 604 981 20 
-261 -243 -645 -61 201 -368 357 64 353 
-232 167 -751 -493 264 -288 65 49 -653 
-128 0 68 601 0 379 226 0 -666 
82 0 93 424 0 60 442 0 468 
115 0 -43 -225 -100 673 142 33 -566 
-538 -317 -290 -265 -89 -351 -400 -188 -200 
-376 -375 -265 -211 155 59 -107 56 116 
-352 -307 -61 -393 -276 -246 -400 -341 -808 
-338 920 393 -125 1129 466 -220 1177 370 
-200 170 -35 -101 2275 385 442 705 345 
-91 287 55 -128 1388 598 -273 559 -65 
288 1105 550 1492 11 -229 -27 -800 420 
-112 -149 181 475 578 409 853 0 421 
230 -133 426 587 408 544 138 -131 -326 
-88 0 -871 21 0 -727 25 400 -13 
-97 0 -391 1045 289 -43 583 546 -571 
-78 0 -20 320 0 -590 181 600 -1057 
1133 758 252 -566 422 -260 972 1622 728 
1109 982 -114 2327 1580 75 1333 572 550 
1165 1904 223 -300 1050 -150 1649 573 -87 
689 574 -123 100 1566 -738 516 1071 225 
457 539 892 1966 589 244 2666 108 1050 
667 247 -388 -233 1066 -711 1277 480 -1072 
180 0 0 -450 0 0 -75 0 0 
34 0 0 -89 132 153 68 0 257 
64 0 0 -631 190 0 -231 -131 -232 
388 803 369 -62 633 -66 120 192 -472 
13 190 -133 253 599 175 553 89 480 
190 682 220 -112 165 200 19 15 -19 
578 0 586 826 0 0 264 0 580 
439 0 167 442 -542 452 691 0 633 
427 0 529 -678 0 -200 135 -280 91 
456 88 174 -62 1182 0 256 -182 540 
7 145 154 269 -36 5 275 -512 -164 
133 107 420 -484 -530 -670 -667 -464 -936 
537 1706 940 344 2470 1165 277 2147 473 
-20 657 328 31 1671 231 1012 746 218 
318 1004 460 130 1415 1507 -522 571 -332 
2106 0 2292 2571 733 -100 2180 -800 2033 
125 0 -186 75 722 270 1285 420 195 
890 0 1690 1475 350 1341 148 -365 -233 
417 0 263 486 0 800 237 1044 -564 
105 0 289 449 -155 819 -47 500 -373 
326 685 61 -387 -459 -1200 136 -20 -1070 
1736 1184 869 2460 1942 33 1744 1854 1166 
1029 1000 980 1666 1803 848 1730 471 -256 
919 1550 849 -1040 354 100 835 166 -12 
1141 594 360 2373 2386 1709 1537 1462 833 
-154 200 664 2064 218 203 1375 -716 -890 
254 400 477 -1729 -35 -61 414 -636 -908 
-1118 0 0 0 0 0 0 0 0 
-659 0 0 -352 -344 0 -1580 0 0 
-605 0 0 228 0 0 -644 400 333 
-2543 -3788 0 0 0 0 0 0 0 
-728 -240 0 416 33 0 -500 0 0 
-731 0 0 -66 0 0 371 0 650 
-432 -875 -2276 0 0 0 0 0 0 
-111 33 -1500 -519 -942 -620 1600 0 0 
-399 285 -1051 -800 0 0 46 -100 -1277 
-424 -1647 -166 357 -833 -1700 1733 0 0 
-117 588 -919 173 457 -1600 -600 0 0 
76 41 0 -306 -66 -33 352 766 -280 
-1926 -806 0 -1000 0 -1033 0 0 0 
-396 63 -366 1000 1125 -1300 0 -366 0 
-755 -83 0 300 0 0 -1266 -33 -825 
-1556 -1349 -748 -2626 -1440 -2591 2039 -233 0 
-581 -917 -531 -202 -71 -1417 -466 100 933 
-797 -574 -187 -2129 187 -1348 -940 -1100 -1528 
22 0 -1646 0 0 0 300 0 -1000 
927 0 88 0 0 0 0 0 0 
219 40 -300 -333 0 -500 1088 866 -200 
-2000 0 -1700 0 0 0 0 0 266 
-733 0 -466 0 0 0 0 -166 -200 
-61 1060 -555 0 0 0 -33 -44 -766 
426 0 -1805 0 0 -266 0 0 -1875 
1220 0 -808 0 -433 0 0 0 -1333 
-347 -66 -992 -66 -766 0 -366 -200 -2634 
-737 0 0 -470 0 0 -50 0 0 
-440 0 0 -203 -18 -173 109 0 649 
-325 0 0 -436 -233 0 -158 -163 -795 
-1575 -3058 0 -454 -975 0 -620 0 0 
-619 -1174 0 -434 135 200 40 0 407 
-796 -571 0 -330 -25 0 -325 -800 -389 
-377 -620 -1792 -297 -400 -888 291 -33 -653 
-238 -16 -1111 91 -211 -557 143 200 -383 
-145 306 -759 -671 457 -169 -132 250 -1338 
-446 -435 161 -257 40 -231 -69 -131 -533 
-377 -351 -323 -49 323 146 283 376 240 
-150 -83 -22 -232 -146 -81 -62 58 -428 
-954 -408 -312 -833 -285 -607 -1018 -561 -118 
-283 -331 -235 -84 1491 542 492 587 423 
-48 -150 -145 -195 300 352 -384 336 -91 
-950 -745 -1057 -263 -226 -1363 -242 -375 -646 
-416 -410 -875 -321 423 -104 -20 -252 -293 
-155 154 -461 -485 233 -162 -611 -386 -791 
-122 0 -912 -433 0 -57 234 -200 -1075 
137 0 -303 1489 200 589 721 -277 297 
363 -390 74 258 0 0 97 111 -501 
-533 0 2633 0 0 0 0 200 0 
-333 566 -300 -533 711 0 -400 2050 -157 
352 -100 -466 -166 300 0 225 -264 -805 
602 200 -1521 450 175 -2864 1050 280 -1509 
335 261 -1014 957 702 -198 1702 789 -1037 
397 317 -573 -919 -800 -200 116 -469 -1623 
414 0 0 -233 0 0 -163 0 0 
200 0 0 -406 215 66 -159 0 166 
156 0 0 94 500 0 -69 180 244 
40 1828 0 -228 0 0 -777 600 0 
-155 -475 0 -646 745 -366 -267 -900 25 
58 720 0 186 -1000 0 -498 -427 265 
407 454 -404 0 0 -533 143 -133 -995 
290 0 -379 148 407 -413 136 700 -841 
231 511 -109 -1120 0 171 -96 575 -615 
522 338 600 82 200 -500 216 -90 -20 
220 214 140 -18 115 612 122 -831 100 
320 513 178 159 -76 66 -256 -69 -243 
52 968 -345 273 -177 -500 133 -585 -933 
-242 154 0 -96 891 -341 400 627 -463 
224 372 -200 -561 805 400 -898 53 -694 
415 696 432 563 147 -644 -522 -572 -298 
-60 -156 -19 -144 738 -104 275 -1272 -410 
140 133 298 -458 160 -301 -828 -218 -1195 
800 0 -628 -133 0 -200 645 0 -166 
134 100 -800 242 1500 -769 -26 0 -646 
686 -169 -237 -210 0 -866 69 18 -745 
-166 0 -240 0 0 0 -100 780 -33 
-105 0 220 685 305 2435 -80 853 131 
97 281 554 -75 -300 0 370 566 -192 
444 140 -639 400 -222 -1536 552 1232 -1454 
-278 -72 -314 376 144 -681 227 -620 -985 
302 819 247 953 -353 -679 172 -481 -1518 
129 0 0 0 0 0 0 0 0 
258 0 0 292 600 100 800 0 0 
-30 0 0 1400 0 0 -708 500 -225 
-300 0 0 0 0 0 0 0 0 
-33 0 0 0 0 0 0 0 0 
466 0 0 0 0 0 0 0 0 
-160 0 0 0 0 0 0 0 0 
140 0 0 -691 36 0 -600 0 0 
-187 0 0 0 0 0 81 -900 300 
128 1036 100 0 0 0 0 -2733 0 
317 347 0 -377 781 0 533 0 0 
-14 643 0 1000 0 0 525 66 0 
0 913 0 0 0 0 0 0 0 
66 577 0 0 733 0 0 0 0 
0 400 0 0 0 0 0 800 0 
250 1734 766 0 566 766 0 0 0 
-689 824 0 1733 860 -725 0 0 0 
531 831 0 0 0 -266 0 0 -233 
677 0 -1822 0 0 0 -980 2733 0 
128 0 1711 533 1292 866 -1033 509 -966 
984 0 -333 0 0 0 155 379 -800 
1000 0 966 0 0 0 0 2025 0 
-33 0 133 0 0 0 0 800 0 
1066 0 -533 0 0 0 333 1300 0 
946 0 -3228 0 0 0 266 3511 0 
222 0 -1600 0 2300 0 -33 2871 0 
-444 0 -1272 0 0 0 -175 633 -33 
90 0 0 121 0 0 1800 0 0 
149 0 0 266 861 314 669 0 917 
154 0 0 257 175 0 409 1371 -110 
0 0 0 0 0 0 0 0 0 
52 0 0 -33 -1200 0 900 0 66 
166 0 0 -1275 0 0 640 166 -500 
-202 0 0 -38 0 0 190 0 0 
2 0 0 118 170 -453 294 0 81 
-66 0 0 -615 -628 0 141 0 -1091 
-82 610 2127 -29 675 2977 345 685 700 
417 216 209 561 1634 1632 1568 0 1575 
416 268 563 -125 564 285 333 459 351 
-269 -505 0 -550 133 -66 0 1066 0 
-137 744 600 457 2655 1355 3133 994 -300 
-312 -828 600 -246 1080 0 -253 385 -1904 
227 371 -33 571 973 -2057 166 -1542 0 
421 28 -600 322 2372 623 1633 233 1280 
128 187 533 1620 -127 311 -327 -1236 -128 
641 0 -841 -146 0 -787 1410 2171 375 
474 0 344 1919 1513 688 1060 1104 -472 
1145 0 -129 -625 0 -542 562 203 -992 
-500 0 0 0 0 0 0 0 -900 
417 0 171 1320 1627 1350 1688 2885 177 
0 0 -600 0 0 1266 527 188 -1745 
648 0 -1244 -100 375 542 100 4533 -366 
238 381 104 2510 1713 957 1526 1726 96 
642 0 -1085 1700 433 657 966 560 -1042 
421 0 0 211 0 0 488 0 0 
286 0 0 59 865 -866 880 0 475 
355 0 0 -840 -28 0 176 685 -26 
-235 0 0 -300 0 0 -325 0 0 
-64 0 0 -83 160 -33 963 0 0 
-537 0 0 -1225 0 0 -312 -475 56 
490 0 0 511 0 0 282 0 0 
316 0 0 -47 564 -500 455 0 166 
230 0 0 285 -200 0 91 466 -189 
850 803 633 43 1680 -100 1083 1312 0 
348 257 425 980 1030 -1352 1100 381 0 
509 478 533 -760 12 -680 -637 161 -835 
-448 1315 -566 -400 1000 0 0 160 0 
320 193 233 -155 1426 -220 0 -433 366 
31 661 -133 -775 -333 -33 -1368 12 -1593 
500 1018 0 0 2571 -933 1066 1955 0 
1341 -32 0 933 1024 300 0 0 0 
837 188 366 600 -747 0 1022 32 -311 
1006 0 -464 975 0 -33 1364 944 -861 
411 400 538 986 694 1267 1185 48 -628 
398 -500 14 -1080 33 -766 436 180 -1223 
-866 0 66 0 0 0 -1125 2060 -1425 
73 0 0 364 1264 1311 -347 360 676 
556 0 433 0 0 0 502 299 -818 
1226 886 -182 -700 1683 -33 2144 1025 -653 
257 474 251 981 1345 325 1187 161 148 
315 416 234 -880 67 -167 429 95 -1304 
361 0 0 0 0 0 0 0 0 
130 0 0 -530 0 -266 -1033 0 0 
448 0 0 0 0 0 -413 0 0 
-74 505 0 0 0 0 0 0 0 
-192 303 33 -866 976 0 0 -166 0 
-82 646 -133 -33 66 0 -480 503 -33 
439 0 340 0 0 0 0 0 0 
322 0 166 980 492 266 -200 0 0 
-160 0 -733 0 0 0 -183 0 -166 
-356 973 0 0 -400 0 0 -860 0 
-165 1130 -66 1600 238 0 -400 0 0 
293 136 0 0 -66 0 0 -444 0 
-835 1461 0 0 2800 0 0 2439 0 
926 507 950 266 1894 0 400 233 1000 
-1576 748 0 0 2275 0 0 1818 0 
1282 765 566 100 400 400 0 -166 0 
94 448 -133 0 900 100 0 0 0 
-866 487 0 0 0 -200 0 0 33 
166 0 -342 0 0 0 -333 615 666 
80 0 300 830 725 -33 -375 800 -266 
698 0 -66 0 0 0 336 266 -1075 
1324 791 2261 0 366 0 2130 1927 1900 
111 520 1163 766 1219 466 266 406 133 
1003 1731 3200 600 -1166 0 2463 937 833 
931 0 454 0 0 0 1984 25 1566 
-228 0 -66 0 0 0 0 -533 0 
821 0 -1175 0 0 0 900 575 -600 
-473 0 0 65 0 0 -166 0 0 
107 0 0 165 194 -546 52 0 -335 
325 0 0 -339 -100 0 146 0 -447 
-571 186 -1125 -362 603 -466 0 296 0 
-153 290 -453 75 568 -782 476 -230 511 
-328 423 0 -376 362 -233 -159 404 -662 
134 0 511 200 0 1685 200 0 0 
53 0 156 541 40 170 673 0 162 
55 0 -733 -310 -550 50 346 280 -838 
-512 -175 -333 235 348 25 815 55 233 
-30 73 -32 148 563 433 -45 0 -292 
151 44 -300 -447 495 0 95 -33 -21 
-431 468 664 -620 593 -780 341 1316 1114 
197 -11 0 93 1697 332 386 604 140 
74 115 816 -236 1022 909 -77 818 -108 
-626 -950 -66 800 -331 380 -1333 100 166 
359 -379 314 1421 502 735 723 -666 313 
52 -440 -150 30 -594 25 -79 -624 -904 
-88 -200 100 137 0 -33 -64 300 -500 
97 0 -463 917 1100 907 400 430 291 
265 0 391 200 0 490 -405 -54 -383 
640 162 -542 600 619 1833 1304 1088 503 
230 68 331 1624 1906 1347 961 320 307 
-28 1500 -571 -54 1491 -900 219 112 -779 
1022 -275 -578 1400 451 -1466 655 771 -133 
146 0 180 961 575 212 1142 -333 -75 
417 -333 -253 -66 228 -960 585 -432 -1147 
180 0 0 6 0 0 44 0 0 
55 0 0 -42 674 -175 535 0 800 
112 0 0 -910 -600 0 -21 44 -224 
239 1029 440 17 864 -66 175 654 -366 
-153 1049 -550 214 506 -166 693 276 500 
16 895 -1360 -636 468 0 1 300 91 
987 0 2244 1280 0 433 929 0 666 
352 0 975 543 164 450 790 0 109 
714 0 321 2233 0 166 167 -211 -237 
357 260 1533 443 124 0 309 118 0 
251 167 -153 13 34 -514 2342 133 -33 
109 467 1033 -421 22 -540 -755 -54 -257 
-57 970 -685 -100 1519 -366 -900 1136 200 
78 77 -488 541 1299 952 1300 252 500 
-167 450 -254 -1311 956 1914 -1207 585 -517 
900 -907 0 466 33 0 0 500 0 
1860 366 1300 0 185 666 0 33 800 
580 44 0 0 -941 -933 580 -564 -1037 
561 0 943 -103 0 -1666 297 573 257 
316 0 105 368 511 384 -52 202 -370 
667 333 514 -317 0 -66 82 217 -290 
1067 635 383 900 1210 380 985 1336 407 
419 584 714 906 1107 949 593 72 -112 
646 1412 617 215 509 -66 605 292 -232 
1165 125 123 1458 117 -225 951 366 62 
90 277 157 393 36 -109 874 -228 -104 
386 369 217 40 -285 -420 330 -330 -1395 
-330 0 0 0 0 0 0 0 0 
19 0 0 83 1480 0 -340 0 0 
20 0 0 -260 0 0 88 -200 600 
-3700 0 0 0 0 0 0 0 0 
-150 -466 0 0 -33 0 0 0 0 
1100 466 0 0 0 0 -366 -33 0 
-846 -565 -1016 0 0 0 0 0 0 
-316 46 -586 -295 150 433 -566 100 0 
-372 611 212 422 0 0 23 -666 128 
-247 273 1733 0 -100 1733 0 -470 0 
38 -24 0 166 171 0 0 0 0 
9 -24 0 -66 0 0 -20 -1108 -366 
-854 -1129 0 0 0 0 0 -2000 0 
-1400 -120 0 -133 -750 0 0 0 0 
-57 -213 0 0 -166 0 0 200 0 
-1407 -451 -2241 -2500 -576 -1480 733 -2721 0 
-407 -45 -1630 -106 -855 -85 366 0 0 
-227 -300 -1127 -1133 -44 0 -940 -640 -714 
-502 0 -1713 0 0 0 -606 -1060 0 
-737 0 -1000 166 2933 0 -480 44 66 
168 -371 -487 0 -33 0 541 146 -333 
-3600 0 0 -633 0 0 -600 -773 0 
0 0 0 0 -1500 0 0 25 0 
366 2088 0 0 0 0 100 -275 0 
-427 -300 -2212 0 0 -633 -2233 -22 -2552 
-8 0 -375 220 -1623 -1266 -1147 611 -2547 
151 -490 -454 -166 -1425 -500 -417 -1365 -1796 
-76 0 0 -88 0 0 106 0 0 
33 0 0 191 415 456 394 0 424 
110 0 0 -28 284 0 155 27 -188 
-1126 -280 0 -2033 0 0 0 0 0 
-725 -504 0 -396 -459 666 -408 0 -33 
-546 1066 0 800 -66 0 -45 266 175 
-455 -756 -1081 -126 472 54 -190 866 -166 
-235 -174 -172 8 193 29 134 -300 315 
-173 312 -116 -431 -219 255 -63 -33 -678 
-163 37 459 143 138 610 -9 -150 -450 
97 55 205 325 970 543 1065 -233 1260 
284 317 881 129 270 1457 160 214 149 
-1178 -1306 -2415 -824 -300 -475 -1780 -1127 -500 
-330 -273 -496 -213 1200 373 -371 82 578 
0 19 -260 -635 -6 1816 -776 211 -356 
-1372 -667 -1251 -1202 -418 -1767 -1173 -1534 -1426 
-621 -431 -1241 -549 520 -354 92 426 -560 
-477 -200 -438 -899 -32 -814 -691 -13 -1319 
-88 66 -355 -609 0 -400 -38 366 1525 
282 -133 -40 921 1123 746 358 636 507 
457 154 173 279 562 -651 216 504 189 
-433 0 0 33 0 0 -400 680 -966 
-741 -640 -140 247 153 1360 -500 -1492 -38 
-455 100 0 -20 1058 0 -481 -286 -748 
-218 -455 -1659 302 -97 -3155 -1480 -698 -2839 
230 -177 -1102 1004 144 92 648 -472 -1256 
201 -146 -758 1696 573 237 26 -267 -1690 
292 0 0 -156 0 0 293 0 0 
87 0 0 32 885 127 695 0 1232 
366 0 0 -385 -20 0 209 567 222 
-803 -560 0 -700 -333 0 -1789 -133 0 
-390 -1320 0 6 -192 0 -485 -300 0 
-294 -164 0 -1033 -166 0 -763 -608 45 
251 -209 -27 231 0 -446 13 166 -332 
18 156 -601 44 273 200 206 -90 107 
227 384 220 -536 -376 37 42 136 267 
443 636 92 73 547 466 1106 231 0 
142 412 120 5 422 1214 911 1342 133 
655 631 2400 -6 296 -120 96 172 -317 
-550 -169 -1032 -60 566 -400 -940 -34 166 
-484 -248 -1240 163 721 -57 0 216 33 
1 -2 125 -1025 -67 480 -200 89 -846 
-488 189 -859 -1417 304 -1766 -1310 -83 -1125 
-656 -24 -858 -1088 582 -126 340 -361 -570 
-377 108 -271 -1173 -71 -583 -276 316 -1565 
675 0 3 -90 0 360 333 486 -186 
725 166 398 604 1363 885 283 347 147 
1026 379 652 81 1102 -520 373 551 248 
-775 300 -500 100 -833 0 -411 -285 -528 
-217 -233 1320 0 336 2890 64 -291 -177 
-151 931 400 -433 600 0 85 -137 -552 
499 115 -982 252 225 -818 577 -15 -1390 
86 170 -269 600 301 -123 355 -232 -1352 
351 515 308 -186 146 -575 332 65 -1756 
1722 0 0 0 0 0 0 0 0 
1388 0 0 1678 2461 966 50 0 233 
1355 0 0 3169 0 0 1282 900 1619 
0 0 0 0 0 0 0 0 0 
0 0 0 0 0 0 0 0 0 
0 0 0 0 0 0 0 0 0 
0 0 0 0 0 0 0 0 0 
0 0 0 0 0 0 0 0 0 
0 0 0 0 0 0 0 0 0 
2050 3057 0 0 0 0 0 0 0 
1710 866 0 133 -166 0 0 0 0 
-38 800 0 0 0 0 -1033 0 -1000 
0 0 0 0 0 0 0 0 0 
0 0 0 0 0 0 0 0 0 
0 0 0 0 0 0 0 0 0 
0 0 0 0 0 0 0 0 0 
0 0 0 0 0 0 0 0 0 
0 0 0 0 0 0 0 0 0 
869 66 -924 0 0 0 0 0 0 
423 275 -1070 1073 1125 280 1133 0 0 
887 266 -837 -600 0 0 706 233 -447 
0 0 0 0 0 0 0 0 0 
0 0 0 0 0 0 0 0 0 
0 0 0 0 0 0 0 0 0 
0 0 0 0 0 0 0 0 0 
0 0 0 0 0 0 0 0 0 
0 0 0 0 0 0 0 0 0 
60 0 0 297 0 0 566 0 0 
402 0 0 977 1356 1958 971 0 266 
-18 0 0 -416 533 0 345 -266 -477 
0 0 0 0 0 0 0 0 0 
0 0 0 0 0 0 0 0 0 
0 0 0 0 0 0 0 0 0 
0 0 0 0 0 0 0 0 0 
0 0 0 0 0 0 0 0 0 
0 0 0 0 0 0 0 0 0 
-945 -1047 0 -1121 1808 0 -3355 -620 0 
640 627 0 616 1996 266 2720 0 1400 
-406 -725 0 -1292 -373 0 -1456 -2301 -152 
-4240 0 -2250 -50 0 -1066 0 -300 -2300 
-22 200 3046 2162 2236 1041 1180 0 1828 
-500 0 -1942 -1847 -600 -566 -442 300 -2476 
0 -2133 0 -2133 0 0 0 0 0 
0 0 0 0 2500 0 0 0 0 
0 0 0 0 0 0 -433 0 0 
-290 0 -1375 523 0 -643 0 0 -2253 
426 -166 206 1376 1630 1287 2500 0 923 
1700 0 -840 -1241 0 -1210 1032 0 -1690 
0 0 -1066 0 0 0 0 0 0 
0 0 -777 0 0 2613 0 0 240 
0 0 -533 0 0 1133 0 0 -1805 
0 0 0 -1333 266 1066 0 0 0 
-200 33 0 3184 1925 1939 -33 0 0 
0 0 -500 0 0 133 -166 0 -1120 
916 0 0 560 0 0 1167 0 0 
1355 0 0 454 2646 400 2860 0 3050 
793 0 0 -217 -919 0 999 1556 595 
0 0 0 0 0 0 0 0 0 
0 0 0 0 0 0 0 0 0 
0 0 0 0 0 0 0 0 0 
0 0 0 0 0 0 0 0 0 
0 0 0 0 0 0 0 0 0 
0 0 0 0 0 0 0 0 0 
-150 868 0 -333 1800 0 142 2816 0 
978 1866 766 -476 1855 -400 1342 0 133 
254 734 666 -843 556 0 -1459 -768 -400 
0 0 0 0 0 0 66 0 -400 
0 766 0 0 1822 0 0 33 0 
66 -1766 -200 0 -1266 0 -4493 -3457 -1825 
0 0 0 0 0 0 0 0 0 
0 0 0 0 1200 0 0 0 0 
0 0 0 0 0 0 0 -4133 0 
629 -1000 -160 615 -933 -66 432 666 -1964 
436 -1222 1112 1558 1517 2495 1409 800 961 
163 -233 -417 -1400 -3714 0 -141 -555 -1376 
0 0 -1066 0 0 0 0 0 -2866 
0 0 0 -2815 866 -300 133 0 0 
-1000 0 0 0 0 1033 966 0 -3910 
-1500 640 0 900 2000 0 0 260 0 
1120 -60 0 2382 2566 2433 2039 0 933 
-623 1425 300 -3200 1366 0 -1962 -1492 -1000 
1388 0 0 0 0 0 0 0 0 
777 0 0 1496 2066 -33 1019 0 0 
987 0 0 2300 0 0 647 566 -104 
1816 2762 900 0 0 0 0 0 0 
971 1831 0 120 1575 0 0 0 0 
1760 2768 0 0 0 0 0 1019 266 
720 0 533 0 0 0 0 0 0 
100 0 0 66 0 0 1033 0 0 
600 0 0 0 0 0 0 0 0 
1288 2716 0 0 0 0 0 0 0 
212 -85 -1333 33 500 -66 0 0 0 
-1661 0 0 0 0 0 250 166 0 
-400 0 0 0 0 0 0 0 0 
-114 0 0 0 466 0 -733 0 0 
-433 166 0 0 0 0 0 0 0 
0 0 0 0 0 0 0 0 0 
-33 0 0 0 0 0 0 0 0 
-300 0 0 0 0 0 0 0 0 
470 -33 -539 0 0 0 0 0 0 
133 0 550 1141 -300 33 0 0 0 
288 0 -455 0 0 0 361 0 -933 
1501 1978 3444 0 0 0 0 0 0 
1066 -766 -260 600 -714 -33 0 0 0 
324 33 133 200 0 0 933 33 -800 
-500 0 0 0 0 0 0 0 0 
0 0 0 0 0 0 0 0 0 
0 0 0 0 0 0 166 0 0 
-43 0 0 -93 0 0 -166 0 0 
-80 0 0 207 -212 750 -1050 0 33 
-277 0 0 -646 133 0 -194 366 -791 
314 433 233 -14 233 0 0 0 0 
-155 30 0 153 1247 -375 400 0 0 
370 400 0 30 440 0 322 0 -411 
0 0 0 -133 0 0 0 0 0 
342 0 0 933 0 933 0 0 0 
533 0 0 0 0 0 0 0 0 
327 28 0 -1472 1160 0 -1366 0 0 
-108 1560 -342 -61 893 1218 1100 0 175 
-909 -66 0 -815 -733 0 -745 -188 -1070 
-175 -1600 -664 1733 -1485 -350 40 0 25 
-711 633 -187 412 2075 1926 766 -266 -1285 
446 666 -12 -1066 -400 -625 145 1960 -757 
-200 0 0 0 0 0 0 0 0 
0 0 0 333 33 2292 0 0 0 
0 0 0 0 0 0 0 0 0 
16 0 -542 88 0 -882 0 0 120 
-33 0 -204 130 1400 152 1400 0 -120 
-75 66 -102 -562 0 -184 709 0 -986 
-628 1000 -822 -933 0 33 0 0 -333 
1688 800 33 2072 300 485 166 0 -400 
0 0 1514 0 0 1266 -66 0 -1325 
-933 0 -200 -766 100 -66 0 0 0 
0 0 0 400 2000 -1666 0 0 333 
-33 0 -500 0 0 533 0 0 171 
702 0 0 -1275 0 0 620 0 0 
776 0 0 150 1042 -366 1261 0 1000 
635 0 0 -398 -227 0 465 960 -218 
871 1646 100 0 133 0 1384 1125 33 
942 1600 0 539 1478 0 1577 -175 100 
567 1071 -240 -733 -1388 0 960 1100 -136 
1266 0 0 0 0 0 0 0 0 
780 0 333 -933 0 0 600 0 0 
750 0 0 0 0 0 -323 0 1033 
336 909 0 0 433 0 100 775 0 
-240 600 -950 762 1357 1225 1422 900 218 
-292 1037 0 -700 306 0 -945 -694 -454 
-571 400 0 0 -500 0 0 350 -271 
-345 475 0 1350 2859 800 0 0 433 
-480 2266 -100 66 975 0 -1957 -2100 -468 
0 0 0 0 0 0 0 0 0 
-166 0 0 1142 0 1700 933 0 933 
0 0 0 0 0 0 0 0 0 
494 0 200 -80 266 2100 477 0 485 
77 33 -810 416 529 765 566 33 -100 
567 -433 -162 -973 -1125 -33 -32 316 -1035 
712 1733 228 550 700 0 966 0 -240 
735 100 -75 506 1985 0 2257 -100 800 
685 4033 -216 -500 -938 1033 375 -1264 -887 
1622 133 0 -133 0 0 0 0 0 
444 0 -800 1466 2310 1075 400 566 -500 
-72 0 200 0 -600 0 -1285 -600 -1118 
1299 0 0 0 0 0 0 0 0 
873 0 0 1228 2700 0 -266 0 0 
1355 0 0 2133 0 0 1068 800 420 
2700 0 0 0 0 0 0 0 0 
1340 0 0 0 0 0 0 0 0 
1060 0 0 0 0 0 0 0 0 
1366 1560 1428 0 0 0 0 0 0 
790 800 10 1036 1828 400 266 0 266 
1463 0 700 0 0 0 637 0 485 
788 -833 0 0 0 0 0 0 0 
700 0 0 0 -1033 0 0 0 0 
-100 0 0 0 0 0 533 0 0 
0 0 0 0 0 0 0 0 0 
200 0 0 0 0 0 0 0 0 
0 0 0 0 0 0 0 0 0 
-2371 3775 166 0 0 0 0 0 0 
0 3688 0 0 266 0 0 0 0 
66 0 0 0 0 0 466 0 0 
964 600 -442 0 0 0 0 0 0 
674 433 -858 369 -600 133 0 0 -466 
532 -266 435 200 0 433 877 866 -600 
0 0 0 0 0 0 0 0 0 
0 0 0 0 0 0 0 0 0 
0 0 0 0 0 0 0 0 0 
764 0 -1600 0 0 0 0 0 0 
910 0 -933 280 -66 66 0 0 0 
961 0 250 0 0 0 -100 0 1133 
-316 0 0 -189 0 0 0 0 0 
-40 0 0 416 342 1171 -25 0 400 
61 0 0 -38 1033 0 232 -200 -288 
-540 0 0 0 0 0 0 0 0 
200 0 0 1857 0 0 0 0 0 
400 0 0 400 0 0 0 0 0 
68 0 0 351 0 240 0 0 0 
-73 -466 -975 258 490 224 0 0 400 
-81 0 300 -1890 0 1800 447 0 -1338 
-1087 1725 0 -394 1709 200 775 0 0 
-71 966 0 -286 1512 933 0 0 0 
-50 1466 0 -1171 -550 0 -120 -1025 -1000 
33 0 -788 0 0 -2433 0 0 -400 
22 566 -454 1507 2644 333 -500 0 -166 
600 666 -150 533 760 300 -700 266 -861 
-233 0 -1818 0 0 233 0 0 0 
155 -266 -500 -309 3150 2232 0 0 700 
311 0 100 -400 0 0 0 0 -1258 
-141 0 -701 -106 0 -352 0 0 -928 
-63 0 -245 736 -164 45 585 0 -885 
-25 1400 -66 -746 660 -452 17 -733 -739 
0 0 0 0 0 0 0 0 0 
0 0 0 0 0 0 0 0 0 
533 0 0 0 0 0 966 66 0 
285 0 -842 400 -400 333 0 0 -1133 
-463 0 11 930 2138 1456 -33 0 0 
-166 0 -428 -133 700 -400 233 0 -1876 
557 0 0 900 0 0 403 0 0 
510 0 0 88 1602 -200 1145 0 1066 
586 0 0 -250 -790 0 709 654 169 
33 0 0 466 0 0 1466 0 0 
1050 0 0 750 1366 0 833 0 0 
1407 0 0 -700 0 0 2309 0 33 
421 50 -329 -100 0 0 1315 133 1000 
474 0 -93 345 590 -766 890 0 -500 
485 675 676 -683 400 0 212 325 -652 
-577 1183 200 -133 -200 0 120 1085 0 
63 133 0 -433 1035 0 -50 -200 0 
-258 -1075 0 0 -533 0 -109 500 0 
0 -33 0 0 0 0 0 0 220 
0 766 0 0 1866 0 266 33 -100 
0 0 0 0 0 0 -2133 200 -733 
133 0 0 0 0 0 0 0 -933 
0 -100 0 1266 0 0 0 0 533 
166 166 0 0 0 0 -33 0 1200 
705 433 -129 954 0 33 205 0 -509 
407 -300 380 630 741 1264 717 0 563 
250 1093 -292 -58 -90 -100 179 -144 -462 
-233 0 266 0 0 0 0 0 -133 
-233 0 0 -33 800 33 133 0 0 
680 -133 233 0 -333 0 -233 -300 -2775 
791 640 -626 971 900 -1500 620 0 266 
721 459 -1000 587 1644 447 742 0 333 
-114 1542 -146 -1066 -327 -654 -340 -1671 -1991 
135 0 0 0 0 0 0 0 0 
10 0 0 153 -200 0 -450 0 0 
-417 0 0 -33 0 0 -33 -100 -140 
250 0 0 0 0 0 0 0 0 
16 0 0 938 1800 133 2100 0 0 
-227 0 0 0 0 0 323 0 688 
0 0 0 0 0 0 0 0 0 
0 0 0 0 0 0 0 0 0 
-533 0 0 0 0 0 0 0 0 
-893 1246 0 -1285 -166 -2854 0 0 0 
-333 -260 0 -100 1120 240 0 0 0 
-942 -258 0 -900 -266 -990 700 0 -1525 
-925 2074 0 -1200 0 -566 0 0 0 
169 380 0 -900 1325 -240 0 0 0 
-337 2355 0 -733 -166 -611 233 266 -966 
360 66 0 0 0 -1000 0 0 0 
733 266 0 -266 0 -2225 0 0 0 
-750 433 0 0 433 -2054 0 0 0 
550 0 -1218 0 0 600 0 0 0 
344 0 -163 -625 1100 644 -1033 0 -1333 
-165 -100 -454 0 0 -100 250 0 -742 
482 0 -1584 0 0 -2125 0 0 0 
383 300 210 0 833 -733 0 200 0 
-764 0 -497 0 0 0 1066 1500 -760 
0 0 -1040 0 0 0 0 0 0 
333 0 -2085 0 0 -250 0 0 -466 
0 0 -1623 0 0 0 -166 0 -466 
-487 0 0 -503 0 0 331 0 0 
-398 0 0 -216 302 -1073 188 0 1875 
-348 0 0 -1085 -1742 0 -275 325 -1117 
-492 0 0 -301 0 0 2223 0 0 
-178 0 0 -111 284 -320 2633 0 1120 
-121 0 0 -342 -560 0 -355 -300 -567 
-262 0 0 -114 0 0 844 0 0 
214 0 0 -150 121 33 -125 0 266 
192 0 0 -1462 -33 0 167 0 -1006 
-1046 1336 0 -895 495 -952 -1300 166 0 
-581 -44 0 -301 1270 -221 -780 833 -100 
-436 -397 0 -1184 97 -197 -1299 -420 -815 
-1150 925 -1106 -1431 800 -800 -50 -533 -1846 
-241 116 -165 -69 1056 68 840 24 -151 
-256 -11 -720 -1152 -165 -331 -1171 -416 -1290 
-1885 500 0 -571 300 -786 0 600 0 
-674 -980 0 135 821 -327 -100 0 0 
-139 -900 0 -872 -181 -305 -750 -133 -1040 
-512 -500 -1026 -1684 0 -1525 -512 0 -1907 
-483 -1100 -671 521 1174 -146 1173 133 30 
-583 -1100 -316 -600 0 -981 641 -1014 -1181 
-2327 0 -1737 -666 0 -3200 0 0 -1800 
-492 33 -210 -466 306 -40 -266 0 187 
-383 -466 -150 -300 0 -700 533 -300 -1137 
-70 800 -1210 66 0 -966 233 0 0 
-76 -266 -529 1491 1802 -255 1228 166 1033 
94 -300 -291 0 0 -33 366 925 -1548 
-158 0 0 -2000 0 0 -123 0 0 
-221 0 0 -315 257 -333 -342 0 -266 
-242 0 0 -713 -697 0 -296 -314 -732 
193 0 0 120 0 0 134 0 0 
-156 0 0 -19 843 0 534 0 400 
98 0 0 -358 -133 0 -3 190 -109 
0 0 0 0 0 0 440 0 0 
-533 0 0 -485 1514 0 -28 0 0 
297 0 0 -355 -833 0 524 0 -66 
-666 492 0 -485 550 -2250 -1257 473 0 
-986 1219 0 -2 778 -271 0 -550 0 
-503 139 0 -1107 -428 -952 -1824 -654 -876 
-723 560 0 -466 450 0 0 1540 -560 
-1042 -66 0 -236 1078 337 -1333 -342 -2028 
-389 629 -1793 -1060 381 -478 -2375 -845 -1859 
-275 0 0 -800 -66 0 0 0 0 
-50 366 0 647 1371 538 0 0 0 
-254 -618 0 -1320 400 327 -522 -2175 -952 
67 -300 -717 -760 -766 -872 -221 100 -1008 
-433 -215 -291 -361 -152 -123 267 400 -702 
-288 -504 -168 -1653 -1822 0 -624 -1052 -1551 
394 -366 -757 371 0 -1700 -80 0 -1236 
-199 -120 92 861 503 767 -8 200 -358 
-156 -500 21 -4163 -3150 -1085 -311 -714 -2181 
125 1700 -750 0 0 -333 575 0 -2571 
235 0 -2000 -180 821 -393 -642 33 -400 
-131 200 -326 -2857 -2800 -387 -970 -263 -2469 
443 0 0 0 0 0 0 0 0 
-31 0 0 21 22 0 -233 0 0 
-40 0 0 566 0 0 222 66 200 
914 615 895 0 0 0 0 0 0 
230 63 25 104 414 -475 171 0 0 
368 36 440 114 666 0 258 200 560 
320 0 533 0 0 0 0 0 0 
166 0 0 133 0 0 0 0 0 
-125 0 0 0 0 0 0 0 0 
29 1436 0 556 0 780 0 0 0 
-180 440 -1050 875 166 -918 0 0 0 
-1255 -633 0 66 0 -100 -85 -2500 1125 
225 1626 766 2039 1947 370 0 1250 0 
480 1497 238 871 2238 1848 66 1666 1466 
-267 1384 0 683 2286 555 -100 742 1813 
2400 0 -1166 780 0 -1485 0 0 0 
459 0 333 1166 0 -819 0 0 -700 
300 0 0 0 0 300 0 0 -466 
403 0 -540 0 0 493 0 0 0 
-13 600 -824 -100 0 450 -366 0 -366 
-300 0 -195 0 0 0 -161 0 1076 
1449 2293 792 0 0 2510 3046 1100 2039 
562 -466 252 880 -275 760 466 1120 80 
430 40 20 300 0 0 589 266 925 
948 0 1777 0 0 420 0 0 -700 
166 0 70 66 0 2066 0 0 0 
-233 0 472 0 0 0 -66 0 400 
-292 0 0 -221 0 0 130 0 0 
-309 0 0 -230 -230 -836 430 0 -83 
-211 0 0 -636 -770 0 -184 346 -805 
-284 51 -881 -163 509 -357 35 1340 200 
-182 -195 -480 -3 1 -250 583 92 -133 
1 834 -447 -245 87 176 57 -81 -439 
1216 0 2028 1600 0 1466 471 0 133 
415 0 1644 604 127 -325 -125 0 266 
477 0 1350 -200 -666 -433 1336 0 -684 
-427 368 0 -176 142 -741 -369 340 0 
-705 -415 -626 -415 -76 -456 -308 -133 -508 
-641 -345 -66 -360 -124 -367 -771 -901 -1336 
-390 1120 -122 -248 956 12 -265 1191 -238 
-398 -260 -453 -69 1682 -78 44 582 -229 
-160 284 -211 -178 1466 297 -434 258 -351 
480 400 0 696 319 144 0 0 0 
-65 -173 -64 177 981 -39 -300 0 500 
-393 -133 -400 461 845 22 -1600 -880 -521 
-521 -555 -598 -759 0 -287 -188 825 -668 
-719 66 -643 343 224 -319 126 1133 -269 
-248 -860 -458 -1771 -466 -760 -34 355 -536 
540 718 -138 -632 836 -365 1268 1677 -439 
455 334 -230 1044 1356 -171 1211 378 118 
637 766 -70 -1100 -35 -310 980 106 -499 
851 410 120 533 700 241 830 600 -40 
184 -100 -330 936 247 131 -233 525 235 
579 -66 93 0 580 375 455 -1057 -937 
156 0 0 -115 0 0 32 0 0 
-109 0 0 -45 76 276 50 0 -871 
-89 0 0 -350 -441 0 -178 -379 -533 
457 1030 376 114 550 -966 188 -58 -990 
149 -251 5 81 578 -263 491 60 133 
197 317 92 -195 62 0 32 119 -85 
1607 0 966 0 0 0 1088 0 600 
900 0 -200 800 57 900 540 0 -100 
897 0 347 1062 166 233 -27 233 -31 
313 224 0 420 454 942 105 497 0 
-272 290 -457 -338 -161 -751 -297 -880 -1100 
-397 6 -371 -570 -397 -454 -1040 -636 -1677 
350 1734 -437 1265 2510 662 5 2933 -166 
-266 362 440 159 1518 386 -1047 283 -281 
-207 1051 76 -369 1096 613 -1036 133 -388 
666 0 0 900 150 -200 0 200 0 
762 0 -900 321 497 -381 166 -300 -1657 
1153 1233 120 525 53 830 -371 -200 -507 
-12 -42 3 588 -620 209 -260 50 -356 
-263 -353 -245 -14 -302 -196 -186 -50 -457 
-157 -368 -200 -635 -913 -433 -373 -592 -952 
1173 1261 651 1561 2027 1319 1396 1998 590 
357 584 46 1034 1149 518 1327 627 -11 
616 1166 605 -66 -151 -428 663 461 -370 
1086 -109 1600 140 -466 1866 400 200 2133 
53 466 228 890 210 -334 522 300 -11 
748 1360 341 -180 -955 -389 149 -1113 -1476 
-106 0 0 0 0 0 0 0 0 
-408 0 0 631 -100 0 -200 0 0 
-253 0 0 966 0 0 527 233 0 
-882 133 0 0 0 0 0 0 0 
589 -50 0 283 833 933 0 0 0 
-666 733 0 1333 0 0 1044 -133 536 
131 233 -504 0 0 0 0 0 0 
-36 0 -621 -482 -133 -973 0 0 0 
117 0 -714 166 0 0 -625 0 -688 
84 -1200 0 991 600 -854 666 0 0 
-231 220 0 32 -550 -837 566 0 0 
-90 0 0 280 1060 -93 50 433 -775 
-682 725 0 -2771 0 -2266 0 0 0 
-511 200 0 -1066 1371 -553 0 0 0 
-714 -200 0 -200 0 -400 0 0 -166 
-1331 -1557 -754 -1975 -685 -2298 0 0 0 
-1081 -1739 -1952 -409 -250 -994 0 0 0 
17 -740 -333 -650 -700 -1101 0 0 -1579 
547 0 -1251 0 0 1254 0 0 166 
-242 0 -595 0 0 355 -233 0 0 
326 0 -227 300 0 0 200 0 155 
-1441 333 -1204 0 0 0 0 300 0 
-13 0 -221 166 1000 0 -300 -200 766 
-990 0 -125 -666 0 0 166 0 -509 
877 0 -1698 0 0 -2947 0 0 -866 
-171 0 -943 133 0 -1135 0 0 -1000 
-1560 266 -989 -633 0 0 0 233 -1926 
-220 0 0 -88 0 0 26 0 0 
-211 0 0 -65 503 76 489 0 700 
-42 0 0 -724 -1228 0 86 300 -742 
-1055 -650 0 -517 -1650 0 -173 266 0 
-755 -869 0 -204 92 -23 120 33 -333 
-647 100 0 -422 -141 0 -348 600 -332 
58 166 -1040 -41 575 -592 225 0 -920 
-83 637 -1049 82 384 -419 341 0 -113 
23 900 -804 -438 -700 -239 -64 1033 -511 
-643 -189 -600 -534 58 -720 -148 200 0 
-676 -188 -333 -187 42 -357 389 -400 -366 
-364 -320 0 -250 -263 -319 -199 -52 -521 
-1235 124 -124 -1069 -102 -344 -565 -400 -257 
-292 -231 -372 -62 1314 219 -11 192 122 
-125 -318 -359 -551 24 320 -338 297 -54 
-1196 71 -1134 -860 -442 -1309 -384 -250 -1138 
-819 -662 -1135 -523 260 -356 -925 0 -738 
-453 -746 -623 -490 274 -136 -676 -148 -1303 
-527 -1333 -423 -557 0 -242 -444 -100 -244 
-316 -220 -492 577 744 -45 621 1000 7 
-141 100 -430 -333 733 -100 292 -566 -74 
0 0 -560 0 0 300 0 133 650 
-727 0 50 -766 1504 610 200 733 -100 
-1214 0 -816 0 -466 266 -333 1288 -372 
5 181 -1240 -725 100 -1177 459 0 -1647 
-106 -657 -542 978 364 -516 345 83 -883 
232 216 -78 433 138 -409 374 100 -1416 
229 0 0 0 0 0 23 0 0 
11 0 0 -164 844 33 354 0 -350 
-205 0 0 -362 -304 0 -77 63 -750 
116 933 0 -662 333 0 -36 -428 0 
-66 -628 0 -313 739 533 686 433 575 
-172 271 0 -357 -475 0 -448 40 -175 
517 300 -213 -120 0 -761 446 0 -439 
162 0 -439 278 503 -487 582 -466 -627 
23 -285 -368 -577 -483 54 60 -9 -620 
54 313 0 372 -33 -360 611 -375 0 
-2 -522 0 347 561 307 -100 -1275 0 
20 94 -33 -121 -43 130 -1016 -1155 -444 
-388 1503 -485 -830 -125 -366 -711 1200 -642 
-234 -205 -366 -706 793 -356 -100 -570 -582 
25 160 -600 -162 455 -78 -2257 -465 -683 
-800 -675 -489 905 -845 -1083 -25 1833 -1975 
-709 62 -1542 -173 717 -261 766 250 -1668 
-241 -276 -333 -1015 162 -266 -2100 -248 -1980 
343 0 29 300 0 235 -10 -1166 -135 
-104 200 -334 -76 -198 -187 -240 450 -707 
0 -297 -73 -115 130 0 -85 -345 -607 
311 733 38 200 0 33 100 777 -352 
-184 600 44 442 527 849 1226 1114 18 
-490 546 249 -500 -422 -892 -648 336 -463 
651 -572 -312 -617 -1257 -1122 714 -666 -1081 
-343 -568 -147 34 91 -753 500 -1133 -1093 
-164 147 26 -354 -290 -792 -66 -717 -1736 
1100 0 0 0 0 0 0 0 0 
747 0 0 738 1144 1300 2514 0 0 
581 0 0 2450 0 0 603 -140 170 
-640 0 0 0 0 0 0 0 0 
-1000 0 0 0 0 0 0 0 0 
180 0 0 0 0 0 -200 0 -33 
1110 0 0 0 0 0 0 0 0 
967 0 0 1168 575 0 1260 0 0 
770 0 0 200 0 0 675 0 0 
-200 1326 0 0 -66 0 0 0 0 
-869 1068 0 320 1600 0 0 0 0 
-458 622 0 133 -800 0 0 0 -366 
0 1000 0 0 0 0 0 0 0 
-1000 33 0 0 0 0 0 0 0 
566 0 0 0 0 0 0 800 0 
-933 1446 0 -1066 0 -1200 0 0 0 
800 320 0 0 0 140 0 0 0 
-600 1075 0 0 0 -1520 0 0 -300 
740 -2266 -503 1066 0 0 0 5000 0 
661 -125 200 1250 2762 660 -1033 1800 -266 
677 -1000 128 0 0 -466 -185 2200 483 
298 0 -740 0 0 -866 -866 5266 0 
331 0 -100 1300 5266 0 100 33 0 
-493 -1000 -533 0 0 0 257 0 -933 
1291 0 -1266 1066 0 333 0 33 0 
166 -666 -500 1100 433 175 0 -266 0 
320 0 177 0 0 0 1066 166 260 
-181 0 0 244 0 0 866 0 0 
66 0 0 481 1002 322 695 0 2200 
234 0 0 151 742 0 450 -40 -316 
-428 0 0 -804 0 0 0 0 0 
-30 0 0 128 -1175 -733 0 0 0 
300 0 0 -966 0 0 -300 0 -1176 
-56 0 0 148 0 0 -22 0 0 
-26 0 0 155 220 -184 363 0 0 
-36 0 0 -207 -500 0 225 -133 -1017 
-571 1002 0 -1557 996 0 -1450 0 0 
-156 366 0 251 1618 9 -885 0 0 
89 55 0 -159 559 -1573 -480 633 533 
-2016 -266 -2646 -1620 755 -1980 -866 33 0 
-84 1381 0 977 2070 410 800 1615 -538 
68 -100 66 -28 200 100 -587 -503 -1519 
-966 338 0 -666 200 -2000 0 0 0 
-739 423 0 183 2639 19 0 -133 0 
-117 -233 0 -125 400 -34 -377 475 -781 
-20 -600 -989 328 0 -571 -250 833 -1040 
38 -434 -110 1236 1537 638 1471 986 523 
246 -75 49 530 -166 259 560 71 -551 
-754 -233 -1440 400 0 -1066 866 0 -900 
124 75 -93 1096 880 566 -700 433 600 
19 0 -487 211 0 880 -716 -727 -905 
282 -1066 -1173 1150 -33 -323 1457 0 266 
-264 -1054 -478 1434 1419 506 1361 -175 806 
104 0 -89 75 900 -242 854 -933 -912 
640 0 0 328 0 0 770 0 0 
589 0 0 312 1648 385 1539 0 2590 
567 0 0 -140 -171 0 451 1048 202 
221 0 0 452 0 0 2028 0 0 
188 0 0 -322 1203 -66 783 0 0 
-58 0 0 -297 44 0 0 -177 -825 
677 0 0 554 0 0 610 0 0 
730 0 0 603 1219 420 596 0 875 
475 0 0 -174 -144 0 547 646 -108 
-110 521 33 -636 1457 -466 -1600 800 0 
10 892 0 -277 1371 -1070 533 -233 0 
3 301 0 -861 -205 -815 -384 41 -248 
59 504 -200 -1100 0 -733 0 0 0 
-800 -381 0 -1232 1708 133 0 0 -1300 
-495 -884 -520 106 -312 -245 -2850 -105 -1603 
366 -566 0 0 0 166 0 1366 0 
0 33 0 300 2490 533 0 0 0 
709 212 0 75 418 66 -350 -1257 -1833 
736 -1581 98 1016 133 172 740 668 -866 
315 -76 236 794 961 402 736 52 141 
384 -156 176 -330 -657 -717 293 -321 -912 
302 100 388 553 0 0 180 200 -1271 
82 20 -115 474 840 387 815 576 747 
408 -147 4 -877 -1755 -200 171 41 -1311 
514 102 -575 -278 -482 261 787 2034 -575 
163 389 62 439 1401 149 566 400 293 
247 315 343 -742 118 -198 500 -501 -1185 
1311 0 0 0 0 0 0 0 0 
864 0 0 876 381 33 914 0 0 
846 0 0 620 0 0 393 -33 -260 
378 2434 300 0 0 0 0 0 0 
428 1324 -166 186 1693 -633 833 -100 0 
25 1710 325 380 633 0 -46 942 -600 
2813 0 2893 0 0 0 0 0 0 
1461 0 1160 1753 100 966 233 0 0 
1908 0 466 66 0 0 1650 0 -300 
-372 1300 0 -600 -66 0 0 0 0 
-275 1545 -1460 200 325 66 466 1466 0 
-992 -1200 0 0 0 0 0 0 0 
-329 1440 0 0 2000 0 0 300 0 
562 818 962 200 2915 1166 -200 0 600 
60 1333 0 -566 666 0 0 1966 0 
-733 600 0 966 366 1371 0 0 0 
1146 -133 153 -33 566 340 466 0 0 
666 -220 0 0 -366 633 0 0 0 
372 500 1155 -733 0 0 314 600 666 
234 0 -946 786 100 33 385 2233 -400 
267 0 -162 650 0 166 -204 -80 -933 
1416 1280 1929 -150 2000 533 2318 2378 1300 
551 218 400 738 1502 1155 2628 900 -900 
570 876 -220 0 1350 0 951 1574 168 
1319 0 1165 -300 0 1400 800 166 0 
457 600 -492 1350 0 433 866 0 -200 
183 0 900 0 0 0 -360 200 -866 
-314 0 0 -42 0 0 -1066 0 0 
-138 0 0 104 320 -174 1030 0 -200 
36 0 0 -138 0 0 565 100 -413 
-429 203 -725 -88 1205 -400 -575 866 0 
-123 176 -942 179 537 -509 788 33 166 
-250 480 66 -376 822 -16 9 316 -448 
0 0 -33 1138 0 2075 342 0 0 
22 0 70 476 337 615 650 0 300 
650 0 -75 189 66 1075 445 333 -378 
-621 1386 0 -465 -1281 0 0 800 0 
-325 359 -365 -103 417 372 -23 366 -100 
-283 -360 0 -388 150 0 147 911 -186 
-113 779 166 -324 915 -453 -1612 2252 1400 
-213 -250 -403 -141 1547 800 -9 371 128 
452 404 292 -492 888 100 89 746 -268 
-433 -1276 0 -225 200 -2314 0 200 0 
111 -419 -1160 -333 247 -303 500 0 -866 
357 -150 0 420 -728 -513 183 -975 -1900 
-498 -684 -375 -239 850 -313 170 -400 866 
-325 -354 -524 354 735 298 255 -200 60 
-122 -360 -381 -70 150 -257 -204 -509 -215 
-297 -448 -263 280 385 1022 291 1319 -444 
-53 -197 -227 1066 1200 359 649 -33 -191 
15 -14 -93 -129 882 780 348 -20 -810 
323 500 -207 -285 311 628 263 133 -1222 
-100 333 -425 1296 286 240 1253 133 76 
-27 -440 -523 733 900 194 433 -1166 -1003 
633 0 0 88 0 0 343 0 0 
296 0 0 197 766 -1600 378 0 -425 
391 0 0 -159 -53 0 321 38 114 
347 1876 100 -87 1163 66 363 1083 933 
322 816 -57 305 1523 -380 554 397 -466 
241 1184 151 -214 617 200 105 975 11 
1699 0 1952 1254 0 333 894 0 233 
598 0 1657 489 476 587 451 0 1133 
848 0 1581 832 -627 333 430 -450 293 
-110 488 0 -162 371 0 333 650 0 
-396 498 -892 -259 443 60 11 600 -66 
-89 83 466 -743 -640 -75 -1148 -610 -536 
-775 1196 -959 -280 2142 96 1566 2504 33 
-366 378 277 -27 1550 331 200 494 -102 
-554 731 160 -1166 614 -176 -1612 299 -747 
633 -433 0 0 0 133 0 0 0 
400 0 900 350 641 14 0 100 0 
-1100 -625 0 366 -327 -66 0 -233 -60 
302 -31 540 167 -175 429 71 652 -104 
94 191 143 142 484 42 95 584 -24 
407 262 502 -244 -50 -280 9 -29 -426 
827 976 626 178 1109 -138 511 1374 223 
164 526 -1 789 799 917 691 12 -259 
362 1117 427 -138 443 521 408 118 -381 
812 439 338 1068 100 1464 872 677 205 
72 -79 15 704 15 -277 558 -106 -302 
463 603 373 -20 -333 -497 112 -573 -1184 
840 0 0 0 0 0 0 0 0 
637 0 0 706 1019 1822 806 0 0 
629 0 0 673 0 0 582 145 956 
-733 -140 0 0 0 0 0 0 0 
-245 443 0 -328 228 0 1066 0 0 
-584 -272 0 0 0 0 -557 -257 66 
874 2035 -43 0 0 0 0 0 0 
545 1000 -155 438 482 -12 906 0 -200 
504 1320 -146 1600 1166 0 322 225 -632 
-549 351 0 -366 -333 0 0 666 0 
-257 587 0 675 733 0 0 0 0 
-64 -2020 0 0 0 0 733 0 0 
-1020 640 0 -33 100 0 0 -733 0 
-590 660 0 66 1019 0 0 0 0 
266 100 0 0 0 0 -800 -800 0 
-1705 -2145 -3620 -2514 -800 -4633 0 -3955 0 
-1113 -1146 -1650 -2771 -1609 -872 366 0 0 
208 -40 -1266 -400 333 33 -780 0 133 
120 -33 -620 -200 0 -200 263 -400 -466 
378 -240 335 726 1933 180 436 0 -433 
232 485 276 -300 0 33 -222 -75 826 
-1661 -3742 -500 666 0 0 -2575 -875 0 
-457 0 0 120 -422 0 -2300 0 0 
-380 1644 -233 33 -366 0 -919 66 566 
-51 -262 -1510 400 -866 -4377 -2380 -2475 -1979 
203 -500 -776 276 630 -631 -575 -33 -2136 
315 -2245 -930 133 -1500 -860 1245 -1236 -2403 
-235 0 0 71 0 0 0 0 0 
-77 0 0 220 389 136 892 0 1066 
-120 0 0 -171 -328 0 222 23 -362 
-795 -760 0 -498 -821 0 -1300 -1133 0 
-343 -384 0 -177 -80 -525 1066 -200 766 
-323 -40 0 -539 335 0 -377 29 -444 
-406 -135 -940 -63 9 -342 158 0 500 
-169 -291 -468 -23 -31 -104 364 -66 790 
-69 -466 -617 -504 157 94 -33 -331 -725 
-510 209 766 -286 -247 -1748 -856 -1150 0 
-356 -214 33 -173 1114 -117 758 150 -100 
-91 120 0 -252 117 100 -259 -84 -316 
-1373 -655 -1665 -1665 -238 -1224 -400 -109 -550 
-299 -257 -341 -121 1000 406 1747 40 506 
-161 -1019 -1557 -1071 -125 1261 -1408 -171 -345 
-2075 -1060 -1280 -2321 -1161 -2056 -3784 -2266 -2630 
-1148 -846 -938 -1084 -61 -335 533 25 -633 
-983 -1019 -66 -1721 -62 -739 -2119 -912 -1894 
-447 -550 -193 -55 225 -59 -496 2266 -242 
-120 -397 -158 759 1026 453 425 961 176 
-15 182 -205 -174 539 465 -57 -438 107 
-1427 -2420 0 -1900 -1766 -1800 -1600 -733 -505 
-749 -1441 0 29 -69 433 44 -1350 -452 
-111 -47 0 -995 -586 257 -268 -200 -660 
-521 -892 -1738 -141 -855 -1977 -63 -1150 -3464 
-335 -577 -989 589 303 -440 -11 -682 -1342 
-76 -707 -799 -626 100 -531 79 33 -1756 
549 0 0 40 0 0 473 0 0 
414 0 0 236 1016 -298 782 0 640 
363 0 0 -56 123 0 379 760 146 
-117 -233 0 -465 -800 0 -307 -292 0 
-82 -121 0 -138 522 0 513 -122 0 
52 229 0 -829 -355 0 -260 -74 -1925 
474 706 300 -3 1577 -663 348 311 357 
380 542 74 200 848 86 538 -54 187 
325 544 312 -344 -257 28 334 438 41 
-19 367 66 -309 38 -742 130 1520 0 
-14 -133 0 -405 922 -158 225 73 0 
131 174 0 -267 -1050 -237 -823 -416 -994 
-738 -155 -539 -533 -353 -36 -1025 1320 100 
-947 -294 -121 -556 681 -579 -200 742 -166 
-153 154 -971 -1533 293 541 -737 -363 -723 
-1210 -284 -1502 -2383 436 -1692 33 -3800 -2309 
-1114 -64 -1142 -290 289 -721 100 233 -1890 
-700 -114 -560 -466 -540 -719 -2576 -43 -1686 
545 606 149 318 528 -131 245 184 365 
410 300 260 371 957 417 473 181 235 
471 250 436 204 137 133 242 163 -11 
-322 -1064 -739 634 -1233 200 -881 11 -71 
-152 -270 -750 10 287 673 -721 -285 -531 
-25 108 113 -354 -153 0 -6 -273 -594 
342 -276 -947 489 -166 -1113 242 -725 -1556 
45 -92 -327 425 107 -411 181 -629 -1359 
194 108 -62 -143 -406 -645 260 -261 -2271 
