0 -10890 13678
0 0 0
0 0 0
0 0 0
0 0 0
0 0 0
0 0 0
0 0 0
0 0 0
0 0 0
0 0 0
0 0 0
0 0 0
0 0 0
0 0 0
0 0 0
0 0 0
0 0 0
0 0 0
0 0 0
0 0 0
0 0 0
0 0 0
0 0 0
0 0 0
0 0 0
0 0 0
5 21086 3923
0 0 0
0 0 0
0 0 0
0 0 0
0 0 0
0 0 0
0 0 0
0 0 0
-1 -1894 1116
0 0 0
0 0 0
4 462 99
32 226 7
0 0 0
0 0 0
0 0 0
0 0 0
0 0 0
0 0 0
0 0 0
0 0 0
0 0 0
0 0 0
0 0 0
0 0 0
0 0 0
-6 -24446 3582
0 0 0
0 0 0
0 0 0
0 0 0
0 0 0
0 0 0
0 0 0
0 0 0
0 0 0
0 0 0
0 0 0
0 0 0
0 0 0
0 0 0
0 0 0
0 0 0
0 0 0
0 1186 1200
0 0 0
0 0 0
0 0 0
0 0 0
0 0 0
-10 -1038 97
0 0 0
-17 -176 5
-1 -3876 3760
18 15524 845
0 0 0
0 0 0
0 0 0
0 0 0
0 0 0
0 0 0
0 0 0
0 0 0
0 0 0
0 0 0
0 0 0
0 0 0
0 0 0
0 0 0
0 0 0
0 0 0
0 0 0
0 0 0
0 0 0
0 0 0
0 0 0
0 0 0
0 0 0
0 0 0
0 0 0
1 1276 713
18 2704 150
0 0 0
0 0 0
0 0 0
0 0 0
0 0 0
0 0 0
0 0 0
-2 -458 204
9 336 35
0 0 0
2 36 17
13 166 12
0 0 0
0 0 0
0 0 0
0 0 0
0 0 0
0 0 0
0 0 0
0 0 0
0 0 0
0 0 0
0 0 0
0 0 0
0 0 0
-6 -4940 736
4 606 131
0 0 0
0 0 0
0 0 0
0 0 0
0 0 0
0 0 0
0 0 0
0 0 0
0 0 0
0 0 0
0 0 0
0 0 0
0 0 0
0 0 0
0 0 0
0 0 0
-2 -702 242
12 542 43
0 0 0
0 0 0
0 0 0
0 0 0
-3 -58 16
0 0 0
0 2 1
0 688 3660
0 0 0
-16 -14154 844
0 0 0
0 0 0
0 0 0
0 0 0
0 0 0
0 0 0
0 0 0
0 0 0
0 0 0
0 0 0
0 0 0
0 0 0
0 0 0
0 0 0
0 0 0
0 0 0
0 0 0
0 0 0
0 0 0
0 0 0
0 0 0
0 0 0
0 0 0
0 0 0
4 4096 824
0 0 0
-6 -978 159
0 0 0
0 0 0
0 0 0
0 0 0
0 0 0
0 0 0
2 562 252
0 0 0
-13 -544 41
7 154 21
5 30 2
2 20 4
0 0 0
0 0 0
0 0 0
0 0 0
0 0 0
0 0 0
0 0 0
0 0 0
0 0 0
0 0 0
0 0 0
0 0 0
-3 -2574 730
0 0 0
-17 -2092 117
0 0 0
0 0 0
0 0 0
0 0 0
0 0 0
0 0 0
0 0 0
0 0 0
0 0 0
0 0 0
0 0 0
0 0 0
0 0 0
0 0 0
0 0 0
1 370 208
0 0 0
-3 -136 37
0 0 0
0 0 0
0 0 0
-13 -134 5
0 0 0
-12 -100 4
1 920 847
6 1304 192
0 0 0
-10 -604 56
0 0 0
-1 -8 6
0 0 0
10 80 8
0 0 0
4 266 65
0 0 0
4 74 16
0 0 0
3 24 8
0 2 4
19 158 4
0 0 0
0 0 0
0 0 0
2 42 15
0 0 0
0 2 15
0 -2 2
0 0 0
0 0 0
0 0 0
-10 -100 5
2 414 151
13 460 34
0 0 0
-18 -128 7
0 0 0
-1 -6 2
0 0 0
0 0 0
0 0 0
-4 -234 50
1 14 13
-1 -10 3
0 -6 11
18 132 7
-4 -28 2
10 60 3
0 0 0
0 0 0
0 0 0
-12 -74 2
0 0 0
0 0 0
0 0 0
0 0 0
0 0 0
0 0 0
0 0 0
-6 -844 132
-5 -210 39
0 0 0
-22 -158 7
0 0 0
0 0 0
0 0 0
14 88 3
0 0 0
-8 -184 22
0 0 0
-6 -40 3
0 0 0
10 64 1
0 0 0
0 0 0
0 0 0
0 0 0
3 184 61
-2 -28 10
0 0 0
1 6 2
0 0 0
3 34 5
23 186 8
-4 -24 2
-1 -8 4
3 1254 386
21 23026 1052
0 0 0
27 3976 147
34 960 28
14 466 33
0 0 0
34 1530 44
0 0 0
21 3420 162
21 254 12
20 308 15
0 0 0
32 3708 115
22 3266 144
-7 -46 2
0 0 0
0 0 0
0 0 0
9 90 10
0 0 0
-1 -6 3
0 0 0
0 0 0
0 0 0
0 0 0
14 384 26
2 130 62
17 1522 89
0 0 0
21 128 6
8 52 3
-7 -42 3
0 0 0
10 64 3
0 0 0
17 862 48
1 46 28
22 136 6
19 156 8
24 556 23
32 228 7
0 0 0
5 34 2
0 0 0
0 0 0
-8 -48 2
0 0 0
0 0 0
0 0 0
0 0 0
0 0 0
0 0 0
-7 -42 3
-7 -448 59
11 1246 108
0 0 0
24 386 16
12 96 4
5 42 4
0 0 0
10 60 1
0 0 0
13 82 6
0 0 0
-10 -64 3
0 0 0
23 230 5
32 262 8
0 0 0
0 0 0
0 0 0
-2 -88 30
12 510 41
0 0 0
6 38 2
2 12 1
0 0 0
-6 -40 1
20 120 3
23 2936 126
-20 -22122 1086
-8 -1094 134
-10 -612 56
-17 -582 34
0 0 0
-36 -4660 126
0 0 0
-30 -3392 112
0 0 0
-10 -62 6
0 0 0
10 124 12
0 0 0
-33 -1036 31
-2 -14 2
0 0 0
0 0 0
0 0 0
0 0 0
-25 -3030 119
0 0 0
-33 -498 15
-1 -14 8
0 8 5
0 0 0
0 0 0
-23 -234 5
-15 -1834 121
0 -4 21
-4 -36 9
-5 -32 1
0 0 0
-16 -184 11
0 0 0
-37 -336 9
0 0 0
-16 -792 47
-4 -28 3
3 36 5
-16 -162 10
-21 -130 6
-7 -62 8
0 0 0
0 0 0
0 0 0
0 0 0
-21 -126 6
0 0 0
0 0 0
0 0 0
0 0 0
0 0 0
0 0 0
0 -4 1
-18 -2986 162
0 -2 18
-10 -100 10
0 0 0
0 0 0
-20 -204 5
0 0 0
-18 -150 8
0 0 0
3 22 3
0 0 0
-8 -52 1
0 0 0
0 0 0
0 0 0
0 0 0
0 0 0
0 0 0
-1 -42 39
-19 -548 28
0 4 1
-38 -232 6
-2 -16 1
-6 -60 9
2 12 2
-11 -66 3
-9 -54 3
-2 -1692 831
-10 -64 1
-5 -1012 179
0 0 0
0 0 0
-17 -208 12
10 440 42
17 136 4
0 0 0
0 0 0
0 0 0
10 234 23
0 0 0
33 200 6
0 0 0
11 182 16
0 0 0
-4 -26 1
3 212 59
3 38 11
0 0 0
-4 -28 1
0 0 0
0 0 0
0 0 0
4 28 1
0 -2 8
3 562 180
0 0 0
0 14 34
0 0 0
0 0 0
-4 -28 2
15 150 5
-6 -36 1
0 0 0
-7 -432 57
0 0 0
5 98 17
-5 -30 6
29 174 6
7 44 2
-4 -24 2
-1 -10 2
0 0 0
3 30 9
12 76 3
0 0 0
-8 -48 1
0 0 0
0 0 0
0 0 0
-2 -14 1
-8 -48 1
-4 -780 178
0 0 0
-7 -200 27
0 0 0
0 0 0
-6 -38 1
1 16 5
10 64 1
0 0 0
0 0 0
0 0 0
3 22 1
0 0 0
0 0 0
0 0 0
0 0 0
0 0 0
0 0 0
0 -50 56
-10 -60 6
5 64 12
-3 -20 1
0 0 0
-4 -24 1
-2 -34 17
-2 -12 1
4 42 5
17 17800 1029
19 1060 55
9 1044 110
0 0 0
0 0 0
29 3430 116
11 374 34
32 4716 146
0 0 0
0 0 0
0 0 0
19 2378 122
0 0 0
35 526 15
0 0 0
35 736 21
29 208 7
0 0 0
1 20 13
3 30 9
0 0 0
0 0 0
2 16 1
0 0 0
0 0 0
12 124 5
30 986 32
17 2910 165
16 128 8
6 144 24
0 0 0
0 0 0
7 44 2
33 232 7
31 374 12
0 0 0
2 90 39
0 4 2
16 486 29
3 20 2
23 212 9
11 92 4
13 78 2
-4 -40 9
0 0 0
-3 -20 1
9 72 4
0 0 0
0 0 0
0 0 0
0 0 0
0 0 0
-3 -22 2
0 0 0
14 1568 105
6 52 8
-7 -192 25
0 0 0
0 0 0
36 256 7
-1 -8 2
38 342 9
0 0 0
0 0 0
0 0 0
2 12 3
0 0 0
1 8 1
0 0 0
0 0 0
0 0 0
0 0 0
8 416 48
6 50 8
-5 -32 2
0 0 0
0 0 0
0 0 0
21 212 10
11 110 10
1 12 4
-2 -852 374
0 0 0
-25 -23982 950
0 0 0
0 0 0
-34 -1292 38
-28 -3330 116
-11 -356 32
-32 -724 22
0 0 0
0 0 0
8 74 9
0 0 0
-11 -360 31
0 0 0
0 4 1
0 0 0
-14 -84 6
-22 -3334 148
-13 -364 28
5 84 15
2 16 1
0 0 0
0 0 0
0 0 0
-28 -3210 111
-34 -2766 80
5 346 67
0 0 0
-11 -1298 112
0 0 0
0 0 0
0 0 0
-26 -322 12
0 -6 4
-3 -20 1
0 4 27
0 0 0
-10 -310 31
5 30 2
-28 -3318 117
-9 -78 4
-4 -24 2
-3 -18 2
-3 -22 3
-4 -54 11
-1 -8 1
-4 -26 6
0 0 0
0 0 0
0 0 0
0 0 0
-10 -80 4
-24 -198 4
2 116 56
0 0 0
-20 -1662 82
0 0 0
0 0 0
0 0 0
-21 -170 8
-5 -30 1
-11 -90 4
0 0 0
0 0 0
0 0 0
0 0 0
-3 -22 2
0 0 0
0 0 0
0 0 0
0 0 0
-6 -328 48
-10 -60 6
-6 -178 28
0 0 0
0 0 0
0 0 0
-1 -10 5
-15 -150 10
-18 -186 5
-4 -24430 5390
0 0 0
0 0 0
-8 -1882 235
0 0 0
0 0 0
0 0 0
0 0 0
0 0 0
-1 -3820 2590
0 0 0
0 0 0
0 0 0
-3 -92 24
0 0 0
2 328 126
0 0 0
0 0 0
0 0 0
0 0 0
0 0 0
-10 -1428 134
0 0 0
0 0 0
0 0 0
0 0 0
-12 -1132 90
-1 -4212 2220
0 0 0
0 0 0
-4 -226 46
0 0 0
0 0 0
11 776 65
0 0 0
0 0 0
-4 -5428 1334
0 0 0
0 0 0
-3 -1502 469
4 158 37
0 0 0
6 782 130
0 0 0
0 0 0
-3 -2096 539
0 0 0
0 0 0
0 0 0
0 0 0
0 0 0
0 0 0
0 0 0
1 6 2
-7 -8368 1118
0 0 0
0 0 0
-9 -2176 241
0 0 0
0 0 0
0 0 0
0 0 0
0 0 0
-3 -2392 639
0 0 0
0 0 0
-10 -198 19
5 30 2
0 0 0
2 28 10
0 0 0
0 0 0
-6 -2508 412
0 0 0
0 0 0
-3 -78 24
0 0 0
0 0 0
0 174 192
0 0 0
-8 -418 47
-6 -12122 1917
3 846 270
0 0 0
-7 -328 43
12 1264 105
0 0 0
0 0 0
0 0 0
0 0 0
0 60 826
15 2770 178
0 0 0
0 0 0
5 72 13
0 0 0
5 130 22
0 0 0
0 0 0
0 0 0
0 0 0
0 0 0
-5 -124 22
19 748 38
0 0 0
0 0 0
0 0 0
-10 -686 66
-2 -1618 721
8 610 76
0 0 0
1 10 7
8 68 8
0 0 0
11 342 30
32 292 9
0 0 0
-4 -1478 316
-2 -112 54
0 0 0
-1 -210 134
13 868 66
0 0 0
8 358 41
5 54 5
0 0 0
-1 -568 308
27 246 9
0 0 0
0 0 0
0 0 0
0 0 0
0 0 0
0 0 0
-8 -52 3
-7 -3056 390
-6 -234 39
0 0 0
-11 -392 35
6 116 17
0 0 0
0 0 0
0 0 0
0 0 0
-4 -790 167
14 340 24
0 0 0
-11 -68 2
11 104 9
0 0 0
10 64 3
0 0 0
0 0 0
-4 -778 193
15 182 12
0 0 0
-7 -56 4
8 78 9
0 0 0
-1 -126 73
15 142 9
-7 -226 29
-5 -6802 1323
0 0 0
-26 -8930 339
-3 -404 123
0 0 0
-18 -412 22
0 0 0
0 0 0
0 0 0
-2 -2774 925
0 0 0
-16 -2032 122
0 0 0
-6 -58 9
0 0 0
3 52 17
0 0 0
-25 -784 31
0 0 0
0 0 0
0 0 0
-24 -574 23
0 0 0
-18 -338 18
0 0 0
0 0 0
-24 -674 27
-1 -656 435
0 0 0
-18 -1644 88
-7 -78 10
0 0 0
4 36 4
5 46 8
0 0 0
-25 -736 29
-1 -446 351
0 0 0
-10 -322 31
-5 -840 148
5 112 22
-23 -806 34
6 172 26
0 0 0
-13 -146 11
-3 -406 103
0 0 0
-28 -1962 70
0 0 0
0 0 0
0 0 0
0 0 0
0 0 0
-4 -24 2
-4 -640 143
0 0 0
-13 -310 23
-7 -458 64
0 0 0
-33 -202 6
0 0 0
0 0 0
0 0 0
-2 -512 196
0 0 0
-18 -332 18
-33 -264 8
0 0 0
-6 -40 3
-2 -16 4
0 0 0
-9 -56 2
-6 -486 81
0 0 0
-22 -630 28
-2 -14 2
0 0 0
-7 -104 14
5 240 47
0 0 0
-20 -922 45
-13 -4334 329
-4 -1270 288
0 0 0
-7 -1346 173
10 272 26
-21 -262 12
0 0 0
-9 -54 1
0 0 0
0 150 443
1 348 198
-8 -138 17
0 -20 59
6 110 18
-3 -94 25
12 266 22
0 2 1
0 0 0
0 0 0
0 -4 1
0 0 0
-10 -796 78
-4 -72 18
-9 -248 25
0 0 0
0 0 0
-15 -472 30
-5 -828 150
0 -58 94
0 0 0
-6 -240 39
-1 -6 6
-13 -80 3
19 196 10
11 88 8
0 0 0
-4 -480 109
0 44 107
-2 -28 5
-6 -880 135
2 200 68
-9 -138 15
13 338 25
-7 -62 8
4 28 1
-4 -434 88
-5 -64 12
0 0 0
0 0 0
0 0 0
0 0 0
0 0 0
0 0 0
-17 -140 4
-11 -472 41
-3 -170 55
0 0 0
-13 -640 49
0 14 22
0 2 1
0 0 0
0 0 0
0 0 0
-1 -122 63
5 148 26
-9 -58 6
-2 -42 15
8 124 14
-4 -42 9
7 46 6
0 0 0
0 0 0
-7 -634 81
0 10 14
0 0 0
-9 -296 32
0 4 8
-9 -126 14
17 480 28
14 188 13
8 154 19
-19 -3504 182
4 1524 358
-8 -392 44
1 52 34
17 2484 142
3 224 67
-17 -104 2
31 932 30
0 0 0
4 1576 390
14 5788 397
3 242 72
4 44 5
28 5982 208
11 1106 94
1 8 2
17 262 15
-11 -78 7
-5 -30 2
2 28 12
0 0 0
-16 -226 14
19 1236 64
7 220 28
0 0 0
1 6 1
10 1184 108
-9 -740 82
12 2664 221
-8 -208 25
-4 -34 7
13 106 8
-10 -138 13
-2 -14 3
34 648 19
-2 -14 3
-1 -86 85
2 166 65
0 -8 9
-7 -504 64
24 8018 328
-3 -258 77
16 252 15
38 2556 66
4 130 29
-10 -838 79
2 64 29
-13 -80 6
0 0 0
0 0 0
0 0 0
0 0 0
-1 -8 1
0 -6 19
-18 -348 19
0 14 73
-5 -64 12
-19 -292 15
3 296 78
-2 -44 16
0 0 0
20 124 2
0 0 0
-3 -220 60
10 482 47
-3 -20 6
0 -2 10
18 936 52
2 24 9
0 0 0
0 0 0
2 14 2
-8 -534 62
4 120 28
0 0 10
-8 -106 13
12 420 33
0 2 32
7 84 11
33 1794 54
12 3598 279
-20 -8600 419
-4 -880 181
-25 -1154 45
-14 -924 62
-5 -46 9
-26 -6176 234
0 0 0
-8 -80 5
-6 -40 1
-6 -1250 183
-7 -778 104
-1 -50 43
-27 -558 20
4 92 21
-11 -1342 117
-12 -124 5
0 0 0
-5 -44 4
0 0 0
1 14 4
0 0 0
-25 -592 23
-4 -228 48
-17 -1858 106
0 0 0
0 0 0
-21 -878 40
-14 -1068 75
-2 -126 54
-14 -238 17
-14 -146 5
0 -4 1
-18 -686 38
-6 -100 15
0 -2 1
-5 -34 2
-11 -798 69
-3 -184 57
-8 -98 12
-20 -1682 84
-3 -228 74
-20 -2668 130
-3 -30 5
-2 -16 2
-9 -64 7
-7 -260 33
-5 -54 10
-25 -232 9
0 0 0
0 0 0
0 0 0
0 0 0
0 0 0
-31 -218 7
-10 -272 25
4 92 20
-22 -226 10
-27 -218 8
-5 -114 22
-22 -912 41
0 0 0
0 0 0
0 0 0
-12 -612 50
-1 -72 39
-14 -112 8
-22 -316 14
5 58 11
-18 -1364 72
0 0 0
0 0 0
1 6 1
-12 -336 27
-1 -12 11
-20 -304 15
-21 -170 8
-7 -78 10
-17 -536 31
-11 -152 13
2 16 6
-20 -1088 52
-4 -3688 903
0 0 0
-15 -1946 122
-8 -126 15
0 0 0
-3 -182 49
4 40 5
-7 -44 2
0 0 0
2 1702 570
0 0 0
-1 -188 141
0 0 0
14 284 20
11 360 31
5 254 43
-1 -8 3
-8 -100 12
5 90 17
-1 -22 17
0 0 0
-32 -852 26
5 32 2
-11 -140 12
0 0 0
0 0 0
-12 -470 39
0 124 286
0 0 0
-8 -734 85
-1 -6 2
0 0 0
-5 -90 18
9 464 48
7 42 1
-15 -110 7
1 492 353
0 0 0
-4 -176 43
-6 -316 50
23 398 17
-1 -76 50
5 148 29
15 122 4
15 152 10
-4 -320 78
0 0 0
-10 -432 41
0 0 0
0 0 0
0 0 0
-2 -20 8
-1 -6 1
-6 -64 5
0 -44 166
0 0 0
-8 -172 21
-7 -206 28
0 0 0
-2 -36 14
0 0 0
0 0 0
0 0 0
2 188 63
0 0 0
-2 -52 19
-4 -46 5
7 60 4
-1 -6 3
5 44 4
0 0 0
0 0 0
0 -32 58
0 0 1
-6 -120 19
-15 -124 4
0 0 0
-1 -10 2
7 224 31
0 0 0
-3 -114 38
4 332 81
6 272 41
-11 -216 19
20 788 38
10 80 4
8 70 4
0 0 0
12 86 7
0 0 0
12 1886 157
20 578 28
2 258 118
0 0 0
9 112 12
9 58 3
-9 -96 5
-9 -322 34
1 14 5
0 0 0
0 0 0
0 0 0
-11 -66 3
1 14 4
0 0 0
0 0 0
0 0 0
-12 -598 47
10 1102 102
18 594 32
2 172 63
3 20 1
0 4 1
-6 -54 4
20 572 28
26 1664 63
-2 -26 5
1 44 42
0 2 6
0 24 32
13 288 22
17 1782 103
-1 -16 16
34 442 13
13 694 53
1 24 21
6 388 61
6 44 7
-8 -228 28
0 0 0
0 0 0
0 0 0
12 126 10
-9 -58 2
-15 -90 6
-2 -32 16
4 28 1
0 2 1
-3 -30 4
7 60 8
-3 -22 2
0 0 0
5 30 1
0 0 0
5 44 8
12 72 2
-8 -84 10
0 0 0
2 20 4
0 0 0
0 0 0
0 0 0
1 6 2
5 128 24
3 20 2
-12 -184 15
3 18 1
1 12 7
0 0 0
15 156 10
14 312 21
-4 -122 29
-6 -2488 382
0 0 0
-28 -18886 674
-4 -36 9
3 20 3
-33 -2648 80
-8 -76 9
-5 -42 8
-38 -424 11
-2 -570 263
-14 -84 3
-16 -3486 212
-10 -64 1
-8 -396 45
-34 -278 8
4 30 7
-21 -172 8
-28 -1488 52
9 96 10
-3 -30 4
-26 -184 7
-49 -1284 26
-12 -180 15
-44 -4984 111
0 0 0
1 10 1
-36 -2978 82
3 244 70
-6 -36 3
-13 -2654 191
7 42 2
2 14 1
-32 -196 6
17 138 4
-7 -62 4
-22 -878 39
2 294 140
4 26 6
-12 -1282 99
-2 -96 33
0 26 73
-33 -3882 117
0 4 2
0 0 0
-13 -486 36
1 66 34
-5 -58 5
-23 -1910 81
0 0 0
0 0 0
0 0 0
0 0 0
0 0 0
-31 -3166 101
0 6 46
0 0 0
-13 -894 68
-11 -106 9
-1 -10 4
-31 -378 12
0 0 0
1 10 1
0 0 0
-1 -50 46
11 78 7
-23 -1998 86
0 0 0
6 60 9
-11 -112 5
-2 -14 1
0 0 0
-15 -90 6
2 46 19
0 0 1
-20 -622 31
0 0 0
-5 -46 4
-11 -70 3
10 98 9
-3 -26 8
-32 -4024 124
3 15152 4482
0 0 0
0 0 0
0 0 0
0 0 0
0 0 0
4 1116 246
0 0 0
0 0 0
0 0 0
0 0 0
0 0 0
0 0 0
11 1086 94
0 0 0
10 1294 126
0 0 0
0 0 0
0 -870 2652
0 0 0
0 0 0
-2 -222 83
0 0 0
0 0 0
0 0 0
0 0 0
2 16 7
5 6016 1124
0 0 0
0 0 0
0 0 0
0 0 0
0 0 0
6 1636 239
0 0 0
0 0 0
3 1492 413
0 0 0
0 0 0
-2 -550 202
13 850 63
0 0 0
7 208 27
0 0 0
0 0 0
1 788 704
0 0 0
0 0 0
9 92 10
0 0 0
0 0 0
16 488 30
0 0 0
0 0 1
0 1452 2042
0 0 0
0 0 0
-6 -248 39
0 0 0
0 0 0
-1 -70 43
0 0 0
0 0 0
1 756 444
0 0 0
0 0 0
0 0 0
-2 -14 2
0 0 0
0 0 0
0 0 0
0 0 0
0 1070 1311
0 0 0
0 0 0
-8 -1004 117
0 0 0
0 0 0
2 1252 437
0 0 0
-5 -266 45
2 3146 1140
22 7522 340
0 0 0
0 0 0
0 0 0
0 0 0
6 578 90
20 504 25
0 0 0
0 0 0
0 0 0
0 0 0
0 0 0
24 1008 42
0 0 0
28 842 30
16 296 18
0 0 0
0 260 932
18 2348 124
0 0 0
-2 -58 22
16 502 31
0 0 0
0 0 0
0 0 0
5 30 6
1 206 134
11 350 30
0 0 0
0 0 0
0 0 0
0 0 0
6 520 77
21 340 16
0 0 0
0 40 58
22 634 28
0 0 0
-2 -110 44
22 1364 61
0 0 0
4 24 2
-8 -58 7
0 0 0
0 -10 199
21 426 20
0 0 0
0 4 4
7 60 4
0 0 0
25 178 7
11 92 4
0 0 1
0 -380 421
12 1178 96
0 0 0
-7 -44 3
13 176 13
0 0 0
0 -2 15
-1 -8 1
0 0 0
3 360 94
25 1936 76
0 0 0
0 0 0
4 48 5
0 0 0
0 0 0
0 0 0
0 0 0
0 -52 364
14 824 56
0 0 0
-10 -148 14
16 388 23
0 0 0
4 684 146
25 986 39
-7 -188 26
4 8222 1653
0 0 0
-5 -1244 239
0 0 0
0 0 0
0 0 0
0 0 41
0 0 0
-20 -1670 82
0 0 0
0 0 0
0 0 0
0 0 0
7 386 55
0 0 0
10 218 21
0 0 0
-16 -520 31
0 170 770
0 0 0
-19 -3372 169
-9 -316 35
0 0 0
0 0 0
0 0 0
0 0 0
0 4 13
4 1856 406
0 0 0
2 130 44
0 0 0
0 0 0
0 0 0
12 622 49
0 0 0
-10 -130 12
0 -12 177
0 0 0
-9 -104 11
-7 -462 64
8 298 37
-18 -198 11
3 36 5
0 0 0
-13 -78 3
1 296 184
0 0 0
-6 -98 16
0 -4 4
0 0 0
0 0 0
6 36 1
0 0 0
-15 -174 11
0 582 675
0 0 0
-8 -426 53
-13 -412 30
0 0 0
-8 -48 2
0 2 7
0 0 0
-5 -56 5
-1 -316 243
0 0 0
-9 -118 12
0 0 0
10 60 3
0 0 0
0 0 0
0 0 0
0 0 0
2 874 375
0 0 0
-7 -304 42
-5 -136 26
0 0 0
-6 -52 4
2 294 128
0 0 0
-13 -640 47
1 1596 814
15 2364 148
0 0 0
-8 -62 7
0 0 0
-1 -8 2
2 48 24
0 24 34
0 0 0
-20 -188 9
0 0 0
0 6 14
0 0 0
7 388 55
0 0 0
18 564 31
-2 -36 14
0 0 0
-3 -2510 715
2 362 136
0 0 0
4 122 29
21 214 10
8 48 2
0 0 0
-7 -198 28
-15 -110 7
2 492 172
12 340 27
0 0 0
0 -4 1
0 0 0
-1 -8 1
5 146 26
3 50 16
0 0 0
7 446 56
11 314 27
13 78 2
-6 -182 29
4 206 49
-1 -8 1
1 14 4
3 34 5
2 12 1
-2 -220 84
11 272 23
0 0 0
-5 -30 2
0 0 0
0 0 0
7 58 4
-7 -42 2
0 0 0
-2 -566 229
2 252 111
0 0 0
-9 -334 37
18 108 6
0 0 0
4 34 4
7 96 13
0 0 0
2 152 62
6 246 36
1 10 3
-6 -38 6
4 26 3
0 0 0
7 44 2
0 0 0
0 0 0
-2 -976 378
3 158 44
0 0 0
-10 -348 32
-4 -80 17
-10 -80 4
0 -8 48
5 264 49
-18 -198 11
3 1246 348
23 16700 706
0 0 0
21 324 15
40 402 10
8 112 13
0 0 5
32 2666 81
-2 -16 2
-6 -36 6
31 376 12
-10 -82 4
0 0 0
37 3096 83
-5 -30 2
43 1076 25
42 4702 111
17 242 14
-3 -1290 334
14 3488 238
-8 -50 3
-7 -138 19
24 1862 75
12 232 19
0 0 0
32 558 17
6 256 39
-1 -50 42
16 820 51
0 0 0
0 0 0
0 0 0
0 0 0
1 14 8
23 572 24
0 4 2
0 -12 14
21 964 45
0 0 0
2 32 11
28 3720 130
0 0 0
0 0 0
3 28 9
-4 -28 3
-4 -210 48
16 1256 74
13 80 6
0 -2 2
18 162 9
0 0 0
0 0 0
41 372 9
-11 -88 8
-6 -406 67
8 1774 211
-3 -30 4
-10 -84 8
21 680 31
2 14 7
0 0 0
22 180 8
-2 -14 1
3 122 34
17 1668 98
-2 -14 2
0 0 1
25 1940 75
5 30 1
0 0 0
0 0 0
0 0 0
-4 -632 147
10 1354 125
-1 -10 2
-1 -8 3
8 370 43
0 -2 4
8 162 20
33 3530 106
-2 -96 42
-7 -664 87
9 192 21
-8 -300 36
8 52 2
16 96 3
-14 -112 4
-15 -422 28
-8 -70 4
-3 -30 5
14 112 4
0 0 0
-3 -18 1
6 38 1
7 380 48
0 0 0
9 56 1
0 0 0
0 4 14
-15 -2092 132
-3 -452 115
-26 -1130 42
0 2 3
0 0 0
2 42 17
0 0 0
0 2 2
-6 -84 14
-7 -150 19
7 42 6
2 12 2
0 0 0
0 0 0
-5 -30 2
4 28 3
7 46 1
-1 -10 1
0 8 15
-1 -22 13
-6 -36 3
-33 -200 6
5 248 46
-22 -466 21
0 0 0
0 0 0
0 8 5
-7 -108 15
7 116 15
0 0 0
0 -2 1
0 0 0
0 0 0
0 0 0
0 0 0
-3 -28 4
-14 -1094 75
-4 -276 67
-13 -264 19
-29 -504 17
0 0 2
-28 -1736 62
0 0 0
4 26 1
0 0 0
-9 -464 51
5 130 23
-7 -84 11
-29 -174 6
23 190 8
-2 -12 1
0 0 0
0 0 0
0 0 0
-2 -156 57
0 -12 23
0 0 1
-31 -186 6
-1 -22 20
-17 -972 57
-23 -330 14
-11 -78 7
-19 -2166 111
8 2466 279
0 0 0
0 198 246
0 0 0
0 0 0
0 0 0
9 1462 159
13 198 15
-16 -272 17
0 0 0
0 0 0
-6 -40 3
0 0 0
14 340 24
0 0 0
4 376 90
0 -12 19
0 -4 18
-1 -446 405
2 46 20
-1 -516 269
2 28 10
7 44 1
0 0 0
-1 -52 49
-3 -52 17
-6 -88 13
7 336 45
0 0 0
5 206 36
0 0 0
0 0 0
0 0 0
6 318 47
0 0 0
-6 -78 13
8 720 86
0 0 0
1 16 14
-8 -250 31
14 542 37
-8 -108 13
15 758 48
3 68 18
12 98 4
0 54 89
-3 -30 5
0 6 25
-6 -36 1
0 0 0
0 0 0
3 70 19
0 4 3
-11 -138 12
4 778 179
0 0 0
0 -72 77
-1 -10 3
0 0 0
-22 -154 7
5 206 37
10 60 2
-6 -36 1
1 86 68
0 0 0
0 8 12
0 0 0
8 52 3
0 0 0
2 12 1
0 0 0
0 0 0
0 24 120
-2 -22 10
-2 -328 120
-20 -628 30
12 100 4
-9 -58 3
5 802 152
0 6 15
-13 -512 37
18 6076 335
23 1216 52
2 478 167
0 0 0
0 0 0
28 364 13
18 1072 57
23 4750 203
3 44 12
0 0 0
0 0 0
-1 -8 6
0 0 0
18 734 39
0 0 0
22 596 26
12 1096 85
2 94 46
5 1036 197
15 616 40
1 206 135
17 262 15
3 22 2
0 0 0
16 282 17
12 1236 97
6 88 14
6 176 27
16 100 6
-6 -44 7
0 0 0
0 0 0
0 0 0
8 136 17
24 1352 55
2 54 21
12 612 50
30 458 15
3 20 3
14 188 13
19 1388 70
-7 -44 6
11 92 8
11 552 50
-7 -46 6
12 702 57
9 76 4
-2 -68 27
3 20 1
0 0 0
0 0 0
26 346 13
15 1166 76
0 -2 13
6 622 99
14 396 27
0 10 46
13 178 13
0 0 0
-5 -34 2
18 110 6
16 466 28
1 12 4
13 534 40
22 134 6
2 24 9
0 0 0
11 110 5
0 0 0
0 0 0
0 0 0
0 0 0
5 526 90
14 298 20
0 16 57
-18 -182 5
9 58 6
1 8 2
13 998 73
14 1948 130
-2 -154 72
17 3072 180
8 434 52
-7 -2362 297
13 80 2
0 0 0
-40 -612 15
7 154 20
-5 -430 74
-19 -1942 100
-18 -112 2
0 0 0
15 120 8
0 0 0
-8 -946 111
0 0 0
14 132 9
-10 -250 24
-20 -922 44
-2 -920 347
-3 -198 65
-19 -7060 356
-4 -38 8
4 52 13
7 50 7
16 112 7
-8 -620 77
-30 -6474 214
16 358 22
10 128 12
-6 -340 56
0 0 0
0 0 0
0 0 0
25 150 6
2 58 24
-8 -562 65
3 218 61
16 176 11
-5 -126 24
-1 -18 12
-15 -3534 235
-38 -2066 54
21 194 9
-3 -112 36
-11 -256 23
1 60 52
2 26 5
-2 -76 26
0 0 1
0 -4 1
0 0 0
13 80 3
3 28 8
-17 -734 43
0 -14 78
2 118 51
-19 -3428 179
16 96 3
0 0 0
-39 -554 14
5 30 3
4 70 16
-9 -136 15
3 216 56
6 36 3
-10 -200 20
0 0 0
-3 -42 14
0 0 0
7 44 2
0 0 0
0 0 0
2 252 92
1 40 22
-4 -240 56
-19 -116 3
-13 -372 28
-42 -1974 47
7 224 31
2 120 57
-26 -6640 246
-8 -97752 12191
0 0 0
0 0 0
0 0 0
0 0 0
0 0 0
0 0 0
0 0 0
0 0 0
4 31962 7985
0 0 0
0 0 0
0 0 0
0 0 0
0 0 0
0 0 0
0 0 0
0 0 0
-7 -10390 1342
0 0 0
0 0 0
0 0 0
0 0 0
0 0 0
0 0 0
0 0 0
0 0 0
-4 -51386 10385
0 0 0
0 0 0
0 0 0
0 0 0
0 0 0
0 0 0
0 0 0
0 0 0
2 28140 10866
0 0 0
0 0 0
-7 -15656 2060
2 816 310
0 0 0
0 0 0
0 0 0
0 0 0
-4 -22430 5438
0 0 0
0 0 0
0 0 0
0 0 0
0 0 0
0 0 0
0 0 0
0 0 0
-10 -26592 2602
0 0 0
0 0 0
0 0 0
0 0 0
0 0 0
0 0 0
0 0 0
0 0 0
0 3206 3416
0 0 0
0 0 0
0 0 0
0 0 0
0 0 0
0 0 0
0 0 0
0 0 0
-4 -19786 4523
0 0 0
0 0 0
0 0 0
0 0 0
0 0 0
-1 -6590 3905
0 0 0
-20 -5950 293
-9 -25518 2656
3 1726 446
0 0 0
0 0 0
0 0 0
0 0 0
0 0 0
0 0 0
0 0 0
-1 -2092 1492
9 1930 198
0 0 0
0 0 0
0 0 0
0 0 0
0 0 0
0 0 0
0 0 0
-5 -1842 311
1 84 46
0 0 0
0 0 0
0 0 0
0 0 0
0 0 0
0 0 0
0 0 0
-6 -11572 1883
8 2794 316
0 0 0
0 0 0
0 0 0
0 0 0
0 0 0
0 0 0
0 0 0
-1 -2880 1574
6 2960 428
0 0 0
-7 -2222 281
9 1650 166
0 0 0
0 0 0
0 0 0
0 0 0
-5 -4772 948
3 470 123
0 0 0
0 0 0
0 0 0
0 0 0
0 0 0
0 0 0
0 0 0
-10 -5190 496
2 158 75
0 0 0
0 0 0
0 0 0
0 0 0
0 0 0
0 0 0
0 0 0
-2 -1526 522
7 970 125
0 0 0
0 0 0
0 0 0
0 0 0
0 0 0
0 0 0
0 0 0
-5 -4414 834
3 454 139
0 0 0
0 0 0
0 0 0
0 0 0
-4 -2468 533
8 1230 139
-6 -346 55
-6 -18826 3052
0 0 0
-17 -9496 547
0 0 0
0 0 0
0 0 0
0 0 0
0 0 0
0 0 0
1 2700 1645
0 0 0
-8 -1490 180
0 0 0
0 0 0
0 0 0
0 0 0
0 0 0
0 0 0
-7 -2072 293
0 0 0
-11 -436 37
0 0 0
0 0 0
0 0 0
0 0 0
0 0 0
0 0 0
-1 -4284 2152
0 0 0
-13 -4722 345
0 0 0
0 0 0
0 0 0
0 0 0
0 0 0
0 0 0
1 2312 2021
0 0 0
-11 -3046 269
-3 -1534 385
0 38 59
-7 -682 91
0 0 0
0 0 0
0 0 0
-1 -2076 1129
0 0 0
-8 -1192 143
0 0 0
0 0 0
0 0 0
0 0 0
0 0 0
0 0 0
-6 -3226 479
0 0 0
-20 -2084 101
0 0 0
0 0 0
0 0 0
0 0 0
0 0 0
0 0 0
1 1080 670
0 0 0
-20 -1090 54
0 0 0
0 0 0
0 0 0
0 0 0
0 0 0
0 0 0
-4 -3710 849
0 0 0
-8 -1090 125
0 0 0
0 0 0
0 0 0
0 652 662
0 0 0
-15 -2074 136
-11 -6954 629
-2 -834 282
0 0 0
-15 -398 26
0 0 0
-28 -712 25
0 0 0
-9 -74 4
0 0 0
-4 -2030 462
-3 -348 93
-15 -92 6
-10 -90 9
-3 -24 8
-13 -264 19
7 42 2
-1 -6 1
0 0 0
-8 -370 43
-2 -146 72
0 0 0
-4 -26 2
6 40 3
-18 -132 7
0 0 0
-6 -36 1
-7 -42 2
-4 -3250 660
0 248 262
0 0 0
-12 -362 29
0 0 0
-13 -130 10
0 0 0
5 34 6
0 0 0
-3 -2710 845
0 270 413
-11 -336 29
-3 -506 141
4 588 136
-13 -536 40
-1 -8 1
-9 -54 2
0 0 0
-4 -682 147
2 376 151
0 0 0
0 0 0
0 0 0
0 0 0
0 0 0
0 0 0
-22 -226 5
-7 -864 121
-2 -122 60
0 0 0
-11 -112 10
0 0 0
-10 -104 5
0 0 0
0 0 0
0 0 0
-2 -736 269
5 336 63
-13 -242 18
-2 -16 4
0 4 1
-5 -80 16
3 26 4
0 0 0
0 0 0
-6 -2144 357
1 256 168
0 0 0
-14 -100 7
0 0 0
0 16 19
-7 -798 114
1 158 95
-18 -254 14
-12 -2300 191
5 2920 526
0 0 0
-16 -240 15
9 158 16
-10 -198 19
0 0 0
25 176 7
0 0 0
-6 -1896 297
3 756 248
14 142 10
7 110 15
22 3044 138
-4 -306 71
0 0 0
0 -2 6
0 0 0
-11 -274 24
1 144 88
0 0 0
-7 -42 6
-5 -32 1
-10 -64 3
0 0 0
0 0 0
9 56 3
-7 -1564 202
4 2372 504
0 0 0
4 36 9
13 236 17
-11 -232 21
0 0 0
9 56 1
0 0 0
-2 -844 283
3 1838 553
-3 -60 17
-5 -252 43
9 2210 228
-1 -76 58
0 0 0
3 40 13
0 0 0
-3 -222 63
5 1180 212
0 0 0
0 0 0
0 0 0
0 0 0
0 0 0
3 22 1
-9 -98 5
-10 -382 35
3 316 100
0 0 0
-6 -40 6
10 80 4
-6 -54 4
0 0 0
0 0 0
0 0 0
-6 -598 91
6 726 108
0 12 15
-5 -30 1
16 684 41
9 244 25
10 62 3
0 0 0
0 0 0
-9 -1140 122
2 604 211
0 0 0
-1 -10 6
4 54 13
-10 -72 7
-8 -206 25
2 252 105
-14 -142 10
-23 -20550 883
-6 -974 141
-22 -876 39
-28 -566 20
0 0 0
-29 -9056 311
0 0 0
-28 -2860 101
0 0 0
-11 -3616 302
-5 -248 48
-8 -248 30
-8 -88 5
-26 -888 33
-17 -1614 92
0 0 0
-1 -6 1
0 0 0
-14 -1280 91
-11 -930 81
1 6 2
-16 -100 3
-3 -18 3
-10 -256 25
0 0 0
-6 -54 4
-9 -58 3
-17 -9990 578
-3 -476 150
-14 -510 36
-19 -156 8
0 0 0
-24 -3474 142
0 0 0
-29 -1736 58
0 0 0
-9 -4662 482
-3 -530 153
-12 -736 60
-8 -1018 120
1 156 131
-9 -1258 131
1 8 1
0 0 0
0 0 0
-9 -1192 125
-2 -134 59
-6 -38 6
0 0 0
0 0 0
0 0 0
0 0 0
0 0 0
-3 -18 1
-19 -2560 134
-5 -164 28
-14 -126 9
0 0 0
0 0 0
-24 -824 33
0 0 0
-24 -340 14
0 0 0
-10 -1186 116
0 30 37
-5 -144 25
-6 -38 1
-28 -452 16
-7 -260 36
0 0 0
0 0 0
0 0 0
-13 -3638 271
-7 -538 71
-8 -118 14
-27 -190 7
0 0 0
-8 -784 95
-10 -850 83
-8 -428 49
-27 -752 27
-2 -2786 1064
0 0 0
-13 -3300 236
0 0 0
0 0 0
-13 -240 18
1 10 9
3 40 12
0 0 0
0 -234 336
0 0 0
-6 -930 150
0 0 0
0 -2 7
-5 -32 3
7 72 10
-7 -134 18
0 0 0
0 -180 216
10 138 13
-9 -118 13
-10 -62 1
0 0 0
0 0 0
-6 -38 2
5 34 2
-22 -132 3
-1 -1998 1008
0 0 0
-3 -986 260
0 0 0
0 0 0
-12 -120 5
4 80 18
5 58 10
0 0 0
1 1798 1384
0 0 0
-1 -676 349
0 124 160
8 434 54
-4 -210 50
4 104 21
0 46 97
0 4 3
1 976 647
6 36 6
-8 -504 58
-20 -164 4
0 0 0
0 0 0
1 8 4
0 50 61
-38 -232 6
-2 -672 247
0 0 0
-8 -432 50
0 0 0
0 0 0
-11 -112 5
-14 -88 3
-9 -58 3
0 0 0
2 382 133
0 0 0
-1 -148 115
0 0 0
0 4 1
0 0 0
0 0 0
0 0 0
0 0 0
1 1000 528
2 26 5
-3 -324 95
0 0 0
0 0 0
-4 -28 2
1 386 324
4 274 62
-8 -1262 149
2 1738 614
2 176 72
-4 -418 94
0 0 0
0 0 0
-5 -106 20
8 84 10
28 1290 45
0 0 0
2 488 180
2 32 15
-8 -1016 124
0 0 0
4 28 3
7 78 5
5 32 2
0 -28 50
5 30 3
2 252 86
-2 -40 17
-14 -126 9
0 0 0
0 0 0
0 0 0
0 0 0
7 148 19
-2 -14 2
2 876 423
5 290 57
-4 -628 143
0 0 0
0 0 0
18 234 13
-1 -8 4
10 842 80
0 0 0
4 2116 494
9 672 72
0 126 189
0 -26 38
5 386 77
5 90 16
2 12 2
1 292 160
0 0 1
3 788 227
6 246 37
-3 -68 21
0 0 0
0 0 0
0 0 0
2 12 1
5 612 104
0 4 4
1 190 108
6 72 11
-11 -262 22
0 0 0
0 0 0
0 0 0
-8 -48 3
16 236 14
0 0 0
3 134 34
3 30 8
-2 -76 28
0 0 0
3 18 1
0 0 0
0 0 0
0 0 0
0 0 0
3 746 193
5 238 44
-4 -188 42
0 0 0
0 0 0
0 -4 1
2 328 134
2 232 88
0 30 64
1 632 448
0 0 0
-21 -25666 1202
0 0 0
0 0 0
-32 -886 27
-26 -2794 107
-8 -212 25
-28 -588 21
3 542 171
0 0 0
-12 -5044 400
0 0 0
-3 -100 30
-9 -78 8
-10 -208 19
-4 -70 15
-21 -168 8
-4 -388 87
0 -6 8
-13 -970 73
0 0 0
0 0 0
0 0 0
-9 -58 6
-21 -672 31
-32 -2526 77
3 1000 309
0 0 0
-15 -9368 618
0 0 0
0 0 0
-32 -294 9
-24 -1562 64
2 82 37
-21 -392 18
2 918 445
0 0 0
-8 -4778 540
15 936 62
-7 -742 102
-6 -556 86
-13 -342 25
-1 -56 42
-16 -224 14
5 1604 294
6 58 9
-7 -1454 201
0 0 0
0 0 0
0 0 0
-2 -12 6
-15 -878 55
-30 -1450 47
0 8 52
0 0 0
-17 -2990 169
0 0 0
0 0 0
0 0 0
-23 -232 10
7 74 5
-19 -118 6
0 -2 81
0 0 0
-10 -1274 127
0 0 0
2 12 2
0 0 1
-7 -46 1
0 0 0
-12 -102 8
4 896 194
3 38 5
-8 -1906 235
0 0 0
0 0 0
-1 -6 3
-3 -336 86
-7 -344 49
-12 -2670 212
-5 -102280 18102
0 0 0
0 0 0
-5 -16112 2782
0 0 0
0 0 0
0 0 0
0 0 0
0 0 0
-3 -91198 24978
0 0 0
0 0 0
-3 -7324 1965
0 -278 471
0 0 0
1 2552 2423
0 0 0
0 0 0
-10 -31512 2895
0 0 0
0 0 0
-10 -4558 425
0 0 0
0 0 0
0 0 0
0 0 0
-11 -3696 329
-4 -165402 33517
0 0 0
0 0 0
-4 -6476 1385
0 0 0
0 0 0
0 -866 1771
0 0 0
0 0 0
-2 -183896 74702
0 0 0
0 0 0
0 -44874 46712
2 12494 4208
0 0 0
0 -1686 7679
0 0 0
0 0 0
-3 -47580 15686
0 0 0
0 0 0
-20 -140 7
0 0 0
0 0 0
-2 -2352 1028
0 0 0
-8 -3164 369
-5 -30506 5543
0 0 0
0 0 0
-4 -11106 2356
0 0 0
0 0 0
0 0 0
0 0 0
0 0 0
-2 -51626 17229
0 0 0
0 0 0
-7 -13598 1844
-1 -370 251
0 0 0
0 648 779
0 0 0
0 0 0
-7 -109162 14105
0 0 0
0 0 0
-4 -9714 2091
0 0 0
0 0 0
-1 -20580 14637
0 0 0
-7 -95066 12151
-7 -41912 5548
-1 -1242 778
0 0 0
-9 -4742 487
0 154 165
0 0 0
0 0 0
0 0 0
0 0 0
-5 -40382 6912
0 1032 1333
0 0 0
-6 -3110 507
1 844 445
0 0 0
0 264 571
0 0 0
0 0 0
-8 -6976 795
-1 -138 123
0 0 0
-11 -860 72
2 140 54
0 0 0
0 0 0
0 0 0
-10 -1970 180
-5 -53964 10462
0 226 2179
0 0 0
-6 -2538 374
1 200 117
0 0 0
0 176 594
7 1082 150
0 0 0
-3 -92154 25406
0 -556 7566
0 0 0
-1 -26576 14966
5 45324 8384
0 0 0
1 4128 2306
-1 -98 75
0 0 0
-1 -10390 6856
6 4628 715
0 0 0
-2 -16 1
0 0 0
0 0 0
1 686 628
6 38 2
-8 -936 107
-5 -7674 1432
0 174 202
0 0 0
-7 -5948 795
5 772 137
0 0 0
0 0 0
0 0 0
0 0 0
-3 -18622 5275
3 2634 747
0 0 0
-5 -3506 651
2 942 415
0 0 0
3 788 231
0 0 0
0 0 0
-6 -25982 4111
1 742 442
0 0 0
-6 -5646 829
5 1612 283
0 0 0
-1 -7776 4444
2 4078 1374
-7 -38888 5500
-4 -23648 5345
0 0 0
-15 -14352 902
-5 -4148 816
0 0 0
-16 -1886 114
0 0 0
0 0 0
0 0 0
-4 -34360 8413
0 0 0
-14 -19120 1294
-5 -3540 640
-3 -600 197
-10 -1380 137
0 318 719
0 0 0
-12 -1182 92
-6 -4944 767
0 0 0
-13 -1412 102
-22 -3464 151
0 0 0
-5 -976 185
0 0 0
0 0 0
-20 -3080 152
-4 -42458 10046
0 0 0
-13 -19878 1466
-3 -1410 379
0 0 0
-8 -1170 137
1 910 501
0 0 0
-6 -814 125
-1 -59604 31084
0 0 0
-10 -55274 5111
0 2304 18104
3 6528 2045
-7 -30482 3831
0 986 2690
0 0 0
-11 -4394 385
0 -2946 4467
0 0 0
-8 -8642 1031
0 0 0
0 0 0
0 0 0
3 680 217
0 0 0
-9 -2162 220
-4 -4966 1059
0 0 0
-16 -3594 217
-4 -4102 958
0 0 0
-11 -1898 162
0 0 0
0 0 0
0 0 0
-2 -10174 4278
0 0 0
-9 -6238 686
-10 -4774 449
1 118 99
-3 -1828 474
3 958 243
0 0 0
-9 -488 54
-4 -12850 2679
0 0 0
-14 -10014 699
-10 -6908 681
0 0 0
-4 -4830 1118
-1 -7270 5203
0 0 0
-10 -71398 7043
-6 -23502 3563
-4 -5280 1306
0 0 0
-6 -7328 1105
-2 -478 184
-13 -3384 251
-6 -2286 368
-3 -34 10
0 0 0
-7 -29872 4232
-3 -8390 2319
-5 -1670 281
-7 -7464 1048
0 76 680
-10 -7012 642
-4 -1318 314
-2 -26 12
-14 -174 12
-8 -15518 1733
-2 -478 188
0 0 0
-5 -1508 257
-1 -132 107
-7 -2868 381
-15 -7678 493
-8 -242 27
-14 -1870 127
-5 -44630 7777
-2 -5524 1982
0 0 0
-7 -6164 830
-4 -354 83
-9 -4446 475
-7 -9438 1264
0 118 260
0 0 0
-3 -73202 19320
-1 -12000 8376
-4 -3764 922
-3 -83402 25440
5 75944 13148
-5 -31074 5638
-1 -1944 1849
-5 -1142 221
-7 -744 97
-2 -14438 7076
1 1280 914
0 0 0
-4 -1668 388
-5 -42 8
0 0 0
-1 -560 308
-3 -66 22
-6 -2022 312
-2 -6092 2606
-1 -706 382
0 0 0
-5 -5104 911
-3 -344 113
-10 -1224 121
-10 -672 62
-3 -30 5
0 0 0
-3 -18106 5287
0 -662 1045
-3 -974 317
-2 -4668 1887
0 74 608
-5 -6394 1079
0 66 215
0 0 0
-11 -112 10
-4 -114078 23469
-1 -2114 1211
0 0 0
-6 -17004 2605
-1 -862 570
-4 -18262 4282
-6 -207974 32968
-1 -3344 2416
-7 -40284 5077
-10 -17700 1660
0 -1010 1590
-4 -5018 1060
-13 -2690 200
5 1676 293
-7 -5962 771
-13 -1238 90
10 1794 174
-3 -818 205
-9 -23042 2453
-4 -11686 2583
-6 -6136 952
-12 -2748 219
7 18742 2484
-8 -8732 1068
-1 -122 88
1 1022 733
-5 -3014 534
-8 -8200 1006
2 982 360
-7 -2066 288
-8 -322 40
7 1870 261
-3 -858 283
-11 -1674 151
5 2386 406
-6 -4334 641
-9 -29240 3053
4 9612 2281
-3 -9794 3112
-12 -1104 88
3 1312 428
-9 -7082 755
-8 -6772 785
4 1696 366
-8 -4038 467
-3 -50418 12793
-3 -40574 12089
-6 -31074 4710
-3 -45490 12215
16 346900 20669
-2 -35330 17249
3 2216 633
2 21712 8536
-2 -10196 3525
-2 -9782 4284
0 -294 1417
-6 -6738 1077
-5 -636 121
4 378 87
0 0 0
0 -130 177
5 14938 2577
-2 -4184 1593
-4 -3874 835
3 1818 519
-2 -1966 974
-10 -2840 265
1 324 289
-8 -3236 374
-10 -460 44
5 1018 186
-10 -200 19
-3 -13842 4000
0 1120 1659
-6 -5420 868
-8 -3456 391
13 29592 2148
-2 -3922 1742
-2 -60 27
0 0 0
2 654 235
-3 -62374 15850
0 -316 3097
-9 -28180 3039
-9 -9102 972
9 13820 1482
0 -2242 3727
-9 -116366 12288
3 58364 17464
-4 -207066 42829
-13 -23388 1705
-5 -5662 960
-16 -5862 355
-20 -4388 209
-3 -940 274
-14 -25768 1802
-19 -826 43
-29 -294 10
-9 -1638 172
-15 -32020 2009
-7 -8682 1105
-16 -5870 349
-22 -4380 191
-2 -1666 822
-15 -36134 2326
-16 -852 51
2 16 4
-12 -3350 278
-14 -10874 765
-6 -968 148
-18 -1854 101
-29 -624 21
-2 -894 321
-8 -7670 871
-16 -1484 91
-5 -42 4
-18 -5750 311
-13 -37670 2759
-3 -3524 1006
-10 -9578 884
-19 -2258 117
-6 -1494 237
-18 -28776 1535
-13 -3824 278
-10 -984 98
-15 -3574 231
-6 -76912 11536
-5 -28320 5360
-13 -21970 1685
-9 -76736 7928
4 64264 13101
-4 -115060 28478
-3 -822 225
-3 -144 41
-8 -13234 1535
-3 -8440 2684
1 458 453
-7 -3408 480
-8 -656 76
-1 -12 9
0 0 0
-6 -426 66
0 0 14
-8 -7846 932
-9 -6234 665
-2 -392 188
-7 -3278 425
-17 -3896 229
-3 -1218 306
-21 -8494 396
2 26 11
-10 -108 10
-19 -436 22
-5 -14610 2828
-1 -842 554
-12 -3828 302
-14 -4054 287
1 1250 848
-4 -17626 4121
-8 -178 20
0 0 0
-7 -580 75
-3 -31662 8681
-3 -1522 401
-13 -16780 1228
-15 -6712 433
2 2360 913
-2 -22284 8609
-15 -95262 6174
0 -548 706
-10 -256410 23510
-5 -15414 2964
0 0 0
-6 -11760 1775
-2 -696 244
0 0 0
-4 -2570 520
0 -2 16
8 66 8
-7 -1148 163
-4 -18030 4200
0 0 0
-7 -16692 2337
1 204 171
5 876 165
-5 -2756 478
0 596 683
-3 -220 57
-3 -994 276
-6 -2824 422
2 20 10
-8 -5718 700
-11 -220 20
2 22 4
4 232 53
-2 -112 39
1 8 2
-13 -5528 414
-4 -19384 4054
0 0 0
-4 -19122 4387
-2 -334 122
0 0 0
-3 -2422 634
0 -542 899
9 248 25
-9 -5496 574
-2 -32648 16120
0 0 0
-4 -57274 11968
7 42802 5427
10 8342 785
0 -10770 12901
5 7644 1462
0 104 553
-1 -2760 1407
0 -430 2874
-3 -210 56
-3 -9246 2909
13 104 8
0 0 0
0 0 0
3 1970 650
3 226 64
-4 -2610 596
-2 -1700 694
0 0 0
-2 -2438 1084
-2 -436 155
0 0 0
-5 -2526 448
3 20 1
6 38 2
-17 -280 16
0 110 1462
0 0 0
-4 -11724 2588
0 74 201
11 728 63
4 2420 561
3 428 112
0 0 0
0 -82 133
-1 -3598 2173
0 -68 83
-5 -51030 9624
0 34 109
3 88 24
2 664 278
0 540 3421
1 474 316
-4 -117962 26987
-2 -1222 450
-4 -738 159
-9 -4060 415
2 94 34
5 206 40
-16 -874 54
-42 -252 6
3 128 37
-11 -762 64
-1 -1002 719
-3 -694 222
-8 -7440 843
8 216 26
2 514 174
-13 -1200 91
-9 -280 29
-5 -1470 265
-5 -1390 255
-4 -280 70
-4 -120 28
-6 -1376 227
-16 -100 6
-3 -96 27
9 54 3
-10 -178 17
3 42 14
-9 -2532 256
0 898 1056
0 -90 443
-7 -9026 1226
1 50 32
8 590 67
-8 -184 21
7 1368 173
10 4566 440
-6 -3760 608
0 2448 4989
-1 -1930 1381
-4 -24420 5289
17 24704 1404
11 68722 6232
-2 -10340 4106
23 2004 87
0 1930 2634
-1 -2210 1899
3 5674 1489
3 662 199
-1 -2992 1588
0 0 0
0 2 3
0 0 0
16 2308 137
1 1092 557
-2 -2120 936
-3 -360 110
0 -26 27
-5 -1670 287
-2 -128 49
0 8 13
-12 -122 10
0 -4 1
-1 -6 2
0 -6 29
0 6 297
0 34 46
-3 -5520 1538
-3 -24 4
8 420 50
-11 -330 29
21 152 7
0 0 0
1 242 164
0 362 957
2 132 47
-2 -11194 5158
-1 -22 20
11 474 43
-4 -154 32
7 4114 548
0 -2182 2526
-8 -107226 12186
-2 -4090 1396
0 0 0
-15 -33760 2196
-1 -90 75
-2 -34 17
-24 -6488 263
-17 -274 16
-5 -210 39
-22 -2500 112
-3 -8966 2394
0 30 57
-14 -41680 2966
0 48 66
-2 -1912 659
-23 -6516 281
2 396 188
-11 -758 66
-18 -10796 580
-3 -526 167
-14 -248 17
-11 -6162 537
-13 -82 3
-5 -190 38
-15 -1938 126
-8 -80 9
-4 -92 23
-27 -7080 260
-1 -2262 1347
2 500 198
-12 -43200 3375
0 8 26
1 80 47
-21 -3760 177
-2 -742 325
0 92 117
-21 -9540 442
-1 -17130 10819
-2 -1308 519
-7 -86204 11907
12 26078 2153
2 13174 4612
-6 -71066 10829
3 2298 682
-3 -2044 514
-8 -22118 2473
1 1990 1411
0 -54 101
-2 -8204 2853
0 -2 1
-4 -34 4
0 0 0
11 1068 91
-1 -124 119
-11 -22726 1951
0 -164 216
0 0 0
-11 -8808 743
-2 -154 64
2 34 15
-22 -4920 218
-1 -12 5
3 34 5
-20 -566 28
1 1370 837
0 128 354
-5 -13964 2462
-6 -158 26
7 3188 406
-2 -3280 1189
11 286 25
0 0 0
-7 -2102 266
0 -348 752
1 32 29
-2 -14296 6117
-17 -158 9
4 508 122
-5 -5406 1022
3 2652 861
-3 -926 268
-16 -279492 17016
-2 -16538 8132
0 0 0
0 0 0
0 0 0
0 0 0
0 0 0
0 -260 2443
0 0 0
0 0 0
0 1438 2405
0 0 0
0 0 0
0 0 0
4 2984 689
0 0 0
5 5388 1044
0 0 0
0 0 0
-2 -20824 8016
0 0 0
0 0 0
-5 -1108 205
0 0 0
0 0 0
-4 -9772 2059
0 0 0
-10 -588 54
1 11482 9532
0 0 0
0 0 0
0 0 0
0 0 0
0 0 0
0 -9052 10928
0 0 0
0 0 0
4 49340 10253
0 0 0
0 0 0
0 -5304 6433
6 83734 13485
0 0 0
6 45884 6972
0 0 0
0 0 0
2 33710 15316
0 0 0
0 0 0
-2 -382 148
0 0 0
0 0 0
3 6948 2287
0 0 0
0 -202 243
0 -2758 5190
0 0 0
0 0 0
-4 -1206 299
0 0 0
0 0 0
-3 -1984 522
0 0 0
0 0 0
0 -806 3047
0 0 0
0 0 0
-8 -500 61
9 528 55
0 0 0
10 530 52
0 0 0
0 0 0
0 12164 19711
0 0 0
0 0 0
-7 -1856 261
0 0 0
0 0 0
0 -38108 52385
0 0 0
-4 -8958 1863
-2 -5698 1989
7 1432 189
0 0 0
0 0 0
0 0 0
0 0 0
-2 -1690 622
3 524 150
0 0 0
-2 -1672 600
6 624 91
0 0 0
0 0 0
6 1492 242
0 0 0
8 1346 154
0 194 196
0 0 0
-1 -5146 3198
5 2230 428
0 0 0
-10 -412 39
5 76 14
0 0 0
-3 -2196 705
0 126 141
-7 -116 16
-2 -3192 1114
7 1402 198
0 0 0
0 0 0
0 0 0
0 0 0
-1 -6132 3374
2 2274 828
0 0 0
1 3194 2383
11 4924 419
0 0 0
-1 -3238 2390
7 73486 9256
0 0 0
7 18436 2431
1 3748 2431
0 0 0
0 -2246 3064
9 4066 434
0 0 0
-10 -560 52
0 8 10
0 0 0
8 5264 653
8 2570 287
-4 -296 61
-2 -3094 1466
5 748 128
0 0 0
-7 -576 82
9 138 14
0 0 0
-1 -158 145
9 310 34
0 0 0
-2 -2662 911
13 1450 106
0 0 0
-4 -78 18
5 88 17
0 0 0
10 64 6
0 0 0
0 0 0
0 -428 8913
7 8870 1113
0 0 0
-10 -908 90
0 0 5
0 0 0
-1 -25068 20925
4 18154 4253
-5 -4308 799
-1 -2318 2184
0 0 0
-9 -2452 256
0 0 0
0 0 0
0 0 0
0 -158 861
0 0 0
-8 -2004 246
0 -294 646
0 0 0
-9 -698 76
0 0 0
1 678 342
0 0 0
3 1780 564
0 0 0
-11 -3848 326
-3 -7502 2433
0 0 0
-8 -4302 482
-9 -530 58
0 0 0
-6 -36 1
-3 -2172 643
0 0 0
-12 -1910 153
2 7660 3199
0 0 0
-4 -1306 289
0 0 0
0 0 0
0 0 0
0 264 3263
0 0 0
-10 -5872 584
4 14032 3014
0 0 0
-6 -2188 347
0 356 2198
4 28882 6210
-7 -3568 493
5 18612 3112
0 0 0
-7 -6104 828
2 11994 5316
0 0 0
-3 -2308 618
-12 -460 37
0 0 0
0 0 0
4 3168 729
0 0 0
-2 -1130 377
0 -1058 1675
0 0 0
-5 -1084 207
-2 -214 87
0 0 0
-12 -172 14
4 522 114
0 0 0
-8 -412 46
1 1276 753
0 0 0
-8 -1084 133
-4 -92 23
9 72 4
0 -4 1
1 8 2
0 0 0
0 0 0
1 9228 5933
0 0 0
-3 -7242 2167
-10 -994 94
0 0 0
-10 -84 8
0 6424 15537
0 0 0
-6 -32622 4977
-1 -508 390
0 -148 560
0 0 0
0 -2 12
-3 -30 5
-8 -48 1
-8 -1076 126
-2 -1268 455
0 0 0
-4 -456 108
-2 -406 194
-7 -70 9
1 6 6
-2 -1370 671
-1 -10 1
-1 -50 46
-6 -896 146
-6 -92 14
0 -476 549
0 562 889
0 0 0
-10 -338 31
0 8 22
-6 -76 11
-10 -1154 110
-3 -1544 477
-18 -132 7
1 844 658
0 -356 512
0 0 0
1 14 5
15 226 15
0 0 0
-4 -1472 320
-2 -3366 1421
0 0 0
1 1802 978
4 13736 2977
-1 -150 97
-1 -1308 674
2 41844 14180
-4 -556 131
9 5052 510
-6 -5360 821
-1 -184 127
0 12 644
2 3204 1326
0 0 0
-8 -270 33
-1 -36 21
0 0 0
0 38 205
-3 -590 163
-16 -466 28
0 102 409
0 58 771
0 0 0
-3 -250 70
-1 -28 20
-4 -26 1
-1 -118 72
-3 -614 187
0 0 0
0 138 252
0 -330 343
-7 -146 19
-3 -190 57
3 158 47
-2 -76 37
4 26 6
0 0 0
-4 -24 2
-1 -2598 1638
3 12018 3016
0 0 0
-10 -834 81
-3 -240 61
-2 -458 155
-10 -50512 4617
0 -3720 13010
-9 -2722 290
-4 -820 200
9 3768 415
0 0 0
2 24 5
14 192 13
0 0 4
-3 -262 72
11 1256 107
-1 -106 58
-6 -434 72
6 702 116
5 54 5
0 0 1
11 2278 202
-24 -270 11
2 20 4
5 416 83
-8 -486 60
-2 -1216 559
9 6122 654
-7 -70 9
-8 -80 9
12 1282 106
12 320 25
-15 -696 45
7 1180 154
-6 -756 126
-2 -258 91
4 1800 398
0 0 0
4 26 2
6 104 15
-17 -106 6
-8 -354 41
1 1158 719
-4 -620 148
0 -396 474
2 3272 1521
2 48 21
-5 -846 157
14 148582 9949
0 -88 90
18 870 46
0 1484 1545
-7 -3610 491
-5 -1328 237
-1 -1206 1129
-8 -192 23
-20 -226 11
2 250 90
0 0 0
13 240 18
3 1612 495
-7 -2430 332
2 228 102
6 2772 404
-5 -502 92
0 6 11
17 524 30
-2 -16 7
-1 -12 11
3 168 43
0 -28 48
-4 -980 235
0 2 326
-12 -134 11
-12 -76 6
9 1144 116
-2 -184 73
1 6 1
0 0 0
5 80 15
-1 -2824 1490
4 13648 2993
-5 -338 67
-19 -558 29
3 314 89
0 64 76
-14 -29146 1963
4 33466 6959
-7 -24632 3316
-1 -26 26
1 164 98
-2 -26 12
-8 -52 3
-2 -58 24
-12 -386 31
-17 -1800 105
-1 -68 47
-8 -176 20
-7 -58 8
-7 -374 50
2 14 2
0 -2 1
-3 -846 254
-29 -408 14
-2 -22 4
-14 -102 7
-7 -116 15
-3 -314 93
-2 -822 339
1 46 36
3 18 2
1 102 79
1 136 80
-18 -876 47
-3 -674 191
-9 -218 22
-3 -96 32
5 740 130
3 30 8
0 0 0
-1 -30 27
3 18 3
-17 -1302 75
-1 -88 61
-7 -520 66
-4 -1338 283
2 2436 1007
-2 -70 32
-13 -1098 82
6 40176 5949
-2 -2168 755
7 484 61
-6 -566 85
-13 -2184 163
-4 -252 55
1 910 839
-1 -16 10
0 0 2
-4 -152 38
0 0 0
4 92 20
1 70 36
-10 -996 95
-9 -724 77
1 190 138
-5 -260 51
-25 -280 11
0 52 62
-15 -280 18
-6 -112 18
2 16 4
-9 -346 35
-4 -208 43
0 104 136
-8 -250 31
0 0 0
2 190 78
-7 -1386 186
0 0 0
0 0 0
-12 -116 9
-3 -1224 384
2 3748 1428
-6 -1136 184
-13 -138 5
0 -52 119
-3 -798 216
-18 -15176 837
3 8524 2703
-15 -42378 2698
0 376 1597
0 0 0
-2 -598 280
2 40 15
0 0 0
0 0 10
-1 -1514 1106
3 242 70
-2 -520 244
1 736 407
0 0 0
-3 -316 85
7 162 21
5 1654 285
-1 -6 3
-1 -1942 1065
0 -530 565
-5 -1642 328
1 3104 1972
0 -78 94
-2 -1508 754
1 70 40
0 2 2
0 0 0
-1 -1634 1117
14 1318 93
-5 -1226 237
0 558 1060
0 0 0
1 1132 648
2 90 36
0 0 0
1 10 3
-1 -7244 3863
7 748 103
-2 -1140 477
5 27034 4854
0 0 0
1 858 807
6 26160 4151
9 33552 3444
0 -442 458
2 13770 5566
2 8770 3700
0 -2144 2230
2 6486 2682
0 -46 170
0 480 643
-4 -124 27
0 0 0
0 0 0
1 3352 1680
4 3384 815
-1 -1234 625
1 2288 1554
0 0 0
-2 -528 251
0 26 68
0 0 0
-4 -60 13
-1 -486 421
7 438 61
-1 -62 55
0 -104 636
0 0 0
0 0 100
-9 -84 9
9 112 12
-11 -128 11
1 20 16
0 0 0
-5 -52 9
4 20046 4984
1 326 226
-2 -2806 1054
0 16 45
10 60 3
-6 -88 14
1 26964 22212
3 7746 2379
-6 -48050 7437
9 4262 455
6 528 88
-2 -344 131
6 54 4
8 220 27
-1 -8 4
1 206 118
6 3940 564
-2 -976 464
6 924 137
12 342 28
0 -16 42
11 88 4
7 2836 364
8 48 1
19 314 16
0 -962 1053
-6 -3106 455
8 6212 724
5 1072 184
1 532 367
1 10 2
7 226 30
0 0 1
8 954 115
7 4418 582
-5 -1438 282
1 226 169
8 1378 157
1 124 70
-7 -42 1
9 56 6
0 0 0
1 1526 984
9 4054 412
0 -882 1400
6 10518 1640
15 3412 225
1 264 182
18 11580 623
8 126582 14566
-1 -106 92
15 10048 650
-1 -15978 8227
-5 -11422 2077
0 396 1214
12 1684 136
-1 -158 86
-4 -32 7
0 -16 20
0 0 0
18 4138 224
0 -1828 3020
-3 -2888 867
6 2498 382
7 846 120
2 318 128
9 136 15
9 100 11
4 28 2
6 338 56
15 2146 138
2 598 246
1 400 266
7 214 30
-2 -138 47
-3 -20 2
2 96 35
0 4 2
7 44 2
0 0 0
0 2 7
4 13914 2864
16 4920 304
4 2184 511
-9 -74 8
-1 -38 23
0 0 0
8 44040 5309
1 21684 12155
-7 -45604 6025
3 1580 445
0 -152 415
-9 -5094 531
24 144 6
6 60 5
-29 -1746 60
1 308 160
-2 -1642 599
-16 -11860 738
-2 -324 152
0 -58 87
-11 -1844 157
9 74 4
-3 -2986 791
-22 -1132 51
0 -120 247
-6 -3034 440
-15 -10362 687
0 558 854
0 -20 541
-2 -2538 1056
-8 -58 7
-3 -160 49
-5 -790 158
-1 -612 398
-2 -1000 406
-21 -12252 574
5 2520 469
0 400 612
-5 -2950 582
4 50 12
4 224 48
-21 -672 32
1 830 703
0 342 932
-9 -11348 1205
4 12526 2833
5 4338 770
-2 -2146 948
11 9298 823
2 49906 21039
-4 -9640 2245
7 11482 1439
-4 -11944 2911
-12 -23072 1828
2 4874 2270
3 1980 630
-1 -1230 952
-16 -132 8
-11 -612 55
0 0 0
6 2728 404
0 -1058 1154
-14 -20478 1370
2 1020 360
0 -564 653
-7 -3662 489
7 224 30
4 110 23
-26 -404 15
-1 -56 38
2 322 127
-6 -1548 247
0 168 307
0 -64 106
-5 -574 100
-8 -70 4
-4 -364 74
-10 -1016 98
12 100 4
0 0 0
-19 -294 15
2 9030 3091
5 6288 1070
1 2344 1619
-11 -126 11
-8 -690 85
-6 -688 105
5 30730 5932
0 7716 10342
-19 -111976 5724
7 84276 11675
0 0 0
0 0 0
0 0 0
0 0 0
0 0 0
0 0 0
0 0 0
0 0 0
6 10922 1655
0 0 0
0 0 0
0 0 0
0 0 0
0 0 0
0 0 0
0 0 0
0 0 0
-4 -30950 6747
0 0 0
0 0 0
0 0 0
0 0 0
0 0 0
0 0 0
0 0 0
0 0 0
9 26554 2765
0 0 0
0 0 0
0 0 0
0 0 0
0 0 0
0 0 0
0 0 0
0 0 0
3 16470 4627
0 0 0
0 0 0
1 5974 3920
18 8604 460
0 0 0
0 0 0
0 0 0
0 0 0
-1 -5260 3075
0 0 0
0 0 0
0 0 0
0 0 0
0 0 0
0 0 0
0 0 0
0 0 0
3 36864 9803
0 0 0
0 0 0
0 0 0
0 0 0
0 0 0
0 0 0
0 0 0
0 0 0
3 15978 5312
0 0 0
0 0 0
0 0 0
0 0 0
0 0 0
0 0 0
0 0 0
0 0 0
-3 -34644 9498
0 0 0
0 0 0
0 0 0
0 0 0
0 0 0
7 17724 2218
0 0 0
-2 -722 303
5 15150 2822
18 12394 655
0 0 0
0 0 0
0 0 0
0 0 0
0 0 0
0 0 0
0 0 0
4 1690 390
12 600 48
0 0 0
0 0 0
0 0 0
0 0 0
0 0 0
0 0 0
0 0 0
-4 -5922 1464
9 2024 203
0 0 0
0 0 0
0 0 0
0 0 0
0 0 0
0 0 0
0 0 0
3 1554 474
13 1712 126
0 0 0
0 0 0
0 0 0
0 0 0
0 0 0
0 0 0
0 0 0
2 2286 899
10 1980 196
0 0 0
-1 -862 657
16 3056 186
0 0 0
0 0 0
0 0 0
0 0 0
-4 -2324 561
19 808 41
0 0 0
0 0 0
0 0 0
0 0 0
0 0 0
0 0 0
0 0 0
2 6098 2083
12 5784 461
0 0 0
0 0 0
0 0 0
0 0 0
0 0 0
0 0 0
0 0 0
0 498 1241
9 2000 205
0 0 0
0 0 0
0 0 0
0 0 0
0 0 0
0 0 0
0 0 0
-3 -6332 1936
9 2930 294
0 0 0
0 0 0
0 0 0
0 0 0
5 2246 404
7 904 116
-2 -158 71
9 23108 2562
0 0 0
-1 -730 420
0 0 0
0 0 0
0 0 0
0 0 0
0 0 0
0 0 0
4 1692 343
0 0 0
-2 -146 49
0 0 0
0 0 0
0 0 0
0 0 0
0 0 0
0 0 0
0 -694 1286
0 0 0
-5 -834 164
0 0 0
0 0 0
0 0 0
0 0 0
0 0 0
0 0 0
9 4692 484
0 0 0
-3 -392 99
0 0 0
0 0 0
0 0 0
0 0 0
0 0 0
0 0 0
4 4102 902
0 0 0
-4 -576 121
4 2960 594
10 784 78
-5 -482 87
0 0 0
0 0 0
0 0 0
3 1584 506
0 0 0
-10 -868 82
0 0 0
0 0 0
0 0 0
0 0 0
0 0 0
0 0 0
4 9264 1892
0 0 0
-8 -2556 298
0 0 0
0 0 0
0 0 0
0 0 0
0 0 0
0 0 0
2 2260 1097
0 0 0
-6 -624 91
0 0 0
0 0 0
0 0 0
0 0 0
0 0 0
0 0 0
0 380 1607
0 0 0
-7 -2008 262
0 0 0
0 0 0
0 0 0
8 2920 331
0 0 0
-4 -650 134
2 2384 1075
10 2396 238
0 0 0
15 254 16
0 0 0
-24 -392 16
0 0 0
6 52 8
0 0 0
2 602 286
15 222 14
-10 -120 12
2 12 2
29 268 9
0 6 4
9 76 4
0 0 0
0 0 0
-2 -758 343
1 298 169
0 0 0
9 108 11
0 0 0
-4 -92 23
0 0 0
2 22 4
-31 -250 8
3 780 212
8 532 64
0 0 0
-4 -26 6
0 0 0
-4 -26 1
0 0 0
5 32 1
0 0 0
-1 -750 520
0 -70 90
4 46 11
-1 -376 284
4 656 148
-5 -312 58
7 42 2
0 0 0
0 0 0
0 -54 113
-2 -234 107
0 0 0
0 2 1
3 18 2
0 0 0
0 0 0
0 0 0
3 22 2
0 1094 1116
4 1268 258
0 0 0
3 96 28
0 0 0
-11 -158 14
0 0 0
2 28 11
0 0 0
-2 -1628 620
-2 -174 62
-11 -100 9
-3 -18 3
14 114 4
-2 -122 61
16 98 3
0 0 0
0 0 0
-3 -4472 1275
0 162 369
0 0 0
-3 -84 27
0 0 0
-2 -230 113
0 82 144
0 -8 42
-13 -626 47
0 -236 396
19 24912 1306
0 0 0
27 2480 89
26 640 24
7 366 46
0 0 0
33 996 30
0 0 0
1 156 119
8 846 100
-4 -56 12
11 188 16
32 2638 81
11 354 31
0 0 0
0 2 1
0 0 0
-6 -1062 171
9 3656 400
0 0 0
8 140 16
22 246 11
0 4 12
0 0 0
26 188 7
5 210 37
1 60 59
11 2340 211
0 0 0
16 256 16
31 248 8
4 38 9
0 0 0
8 68 4
0 0 0
0 -72 163
4 1292 299
-7 -56 4
6 682 106
10 2684 258
2 118 41
0 0 0
0 0 0
0 0 0
-8 -434 50
7 846 112
0 0 0
0 0 2
10 60 3
0 0 0
0 0 0
0 0 0
3 18 6
-2 -630 277
10 7918 748
0 0 0
17 2036 117
16 470 28
0 -4 23
0 0 0
23 236 10
0 0 0
-3 -1184 303
5 1230 232
1 14 4
7 100 13
28 1260 45
12 568 47
0 0 0
0 0 0
0 0 0
-5 -2598 456
6 3524 574
0 0 0
14 432 29
10 246 23
0 -32 50
-6 -178 27
5 588 112
7 554 73
-3 -2050 615
2 224 110
0 -6 67
-7 -76 10
0 0 0
-27 -1266 46
0 0 0
-15 -234 15
0 0 0
-3 -272 75
8 52 6
-2 -62 23
1 10 1
-5 -36 7
-11 -242 21
0 0 0
0 0 0
0 0 0
-2 -458 171
4 592 141
-1 -20 19
-16 -100 3
0 0 1
-7 -382 53
0 0 0
2 14 6
-2 -14 1
-2 -282 114
10 274 25
-8 -132 15
-4 -26 2
0 0 0
-11 -126 11
0 0 0
6 40 1
0 0 0
-3 -670 206
0 8 32
-8 -322 38
-4 -388 95
0 62 69
-3 -332 107
0 0 0
0 0 0
0 0 0
-1 -34 29
4 106 22
-1 -12 8
0 0 0
2 14 1
0 0 0
0 0 0
0 0 0
-5 -32 2
-7 -2886 389
1 150 88
-6 -414 62
7 74 10
0 0 0
-11 -716 62
0 0 0
-22 -784 35
0 0 0
-3 -648 190
0 4 28
-9 -304 33
0 0 0
-7 -44 1
-2 -196 85
0 0 0
0 0 0
0 0 0
-6 -3022 468
0 110 173
-3 -234 60
-6 -66 5
0 2 1
-5 -1168 209
4 92 22
-2 -38 15
-2 -144 55
8 5720 673
0 0 0
-1 -376 231
0 0 0
0 0 0
6 44 7
12 266 22
27 328 12
0 0 0
9 632 70
0 0 0
-2 -148 69
0 0 0
-3 -18 2
2 12 2
17 192 11
8 50 6
9 58 3
3 1566 439
7 60 8
-4 -412 100
4 28 2
0 0 0
3 22 2
3 32 5
11 220 20
0 -4 8
4 664 164
0 0 0
0 -18 51
0 0 0
0 0 0
-7 -46 1
2 16 2
6 36 2
0 0 0
1 692 362
0 0 0
-3 -570 150
7 886 124
22 406 18
-4 -380 89
9 74 4
1 16 11
0 0 0
0 -116 266
14 162 11
-6 -424 67
-7 -62 4
0 0 0
0 0 0
-1 -6 1
0 6 12
-12 -126 5
5 3826 652
-21 -128 2
-3 -1038 263
0 0 0
0 0 0
-5 -60 11
12 380 31
14 178 12
0 0 0
0 60 151
0 0 0
-3 -484 131
0 0 0
5 34 3
0 0 0
0 0 0
0 0 0
0 0 0
1 1720 879
10 268 25
-2 -962 364
0 -4 1
0 0 0
0 0 0
5 658 113
2 94 32
-3 -408 107
18 15644 836
19 868 45
5 716 143
0 0 0
0 0 0
28 1720 60
17 312 18
28 7612 269
0 0 0
10 1226 113
-2 -16 2
4 270 64
0 0 0
13 78 2
7 76 5
11 70 2
7 212 28
1 14 5
9 2912 302
12 318 26
0 -20 43
0 0 0
0 0 0
0 0 0
10 104 5
17 1250 73
25 734 29
11 1974 167
6 64 5
3 88 28
0 0 0
0 0 0
9 98 5
6 36 2
25 806 32
0 0 0
8 2682 302
17 196 11
0 42 74
9 1078 113
19 620 32
10 406 38
2 24 5
2 192 86
-8 -50 1
8 982 119
3 46 15
1 64 38
0 0 0
0 0 0
0 0 0
0 0 0
0 -20 30
24 168 7
11 6930 624
9 404 44
0 -2 108
0 0 0
0 0 0
18 994 54
18 144 8
17 2226 124
0 0 0
4 668 149
9 74 8
0 -22 56
0 0 0
3 18 1
0 0 0
0 0 0
0 0 0
0 0 0
9 4206 438
6 424 70
-1 -272 138
0 0 0
0 0 0
0 0 0
8 984 123
8 1362 152
3 272 77
8 1614 180
0 0 0
-9 -3812 413
0 0 0
0 0 0
-6 -60 5
15 142 9
8 176 21
-10 -224 21
8 230 28
0 0 0
-6 -394 64
0 0 0
9 72 4
0 0 0
1 12 5
3 28 4
-8 -50 3
7 2118 289
-10 -182 18
-6 -1568 248
-5 -34 1
0 0 0
0 4 4
6 72 11
5 400 68
-25 -3284 127
6 250 40
0 0 0
-6 -604 99
0 0 0
0 0 0
0 2 1
2 20 4
4 28 2
-3 -22 3
7 770 100
0 0 0
-7 -1402 187
16 424 25
-5 -52 10
-5 -354 66
7 58 8
4 44 11
-8 -84 5
4 516 109
1 20 11
-7 -892 113
0 0 0
0 0 0
0 0 0
-2 -16 1
-8 -214 25
-24 -498 20
3 798 208
-10 -64 1
-9 -3896 392
0 0 0
0 0 0
-2 -14 3
12 126 10
3 46 12
-15 -248 16
5 320 57
0 0 0
-8 -1194 146
0 0 0
11 68 6
0 0 0
0 0 0
0 0 0
0 0 0
4 1174 288
2 46 23
-6 -3140 484
-1 -6 3
0 0 0
-7 -68 9
9 374 39
0 -36 50
-9 -1544 161
0 2700 8206
0 0 0
0 0 0
0 -1630 2983
0 0 0
0 0 0
0 0 0
0 0 0
0 0 0
0 5392 7462
0 0 0
0 0 0
4 10674 2200
6 404 60
0 0 0
4 1110 233
0 0 0
0 0 0
-1 -3932 2244
0 0 0
0 0 0
-7 -8234 1118
0 0 0
0 0 0
0 0 0
0 0 0
-6 -4574 693
-1 -6570 5552
0 0 0
0 0 0
0 260 554
0 0 0
0 0 0
1 628 347
0 0 0
0 0 0
-2 -50728 19414
0 0 0
0 0 0
0 -50352 56493
3 6612 2031
0 0 0
5 1396 276
0 0 0
0 0 0
-2 -7526 2983
0 0 0
0 0 0
-8 -498 58
0 0 0
0 0 0
0 38 51
0 0 0
-5 -272 47
-2 -22748 9027
0 0 0
0 0 0
0 1104 11199
0 0 0
0 0 0
0 0 0
0 0 0
0 0 0
-4 -58288 14417
0 0 0
0 0 0
-5 -12814 2335
0 24 250
0 0 0
4 622 154
0 0 0
0 0 0
-6 -60526 9938
0 0 0
0 0 0
-8 -62906 7192
0 0 0
0 0 0
0 -4210 6258
0 0 0
-8 -98428 11158
0 96 2415
5 1758 295
0 0 0
0 -618 913
7 2666 370
0 0 0
0 0 0
0 0 0
0 0 0
1 4050 2556
7 3252 462
0 0 0
1 902 691
12 2428 201
0 0 0
13 950 70
0 0 0
0 0 0
-2 -1400 669
9 542 60
0 0 0
-2 -1502 641
8 3436 402
0 0 0
0 0 0
0 0 0
-1 -692 390
0 -1694 1926
2 682 253
0 0 0
-2 -280 127
9 850 86
0 0 0
3 302 86
5 134 24
0 0 0
-2 -17848 6339
0 58 2154
0 0 0
-1 -23816 16392
4 28932 7122
0 0 0
9 976 103
3 48 15
0 0 0
-3 -2444 798
5 888 160
0 0 0
-8 -50 2
2 12 1
0 0 0
6 112 17
-3 -18 6
-4 -24 3
-3 -10030 3120
3 1312 355
0 0 0
-1 -4000 3494
7 5702 716
0 0 0
0 0 0
0 0 0
0 0 0
-3 -18220 5407
1 1216 788
0 0 0
-5 -3752 707
2 1014 419
0 0 0
6 292 42
0 0 0
0 0 0
-4 -14774 2965
2 1074 416
0 0 0
-7 -23080 3096
5 6490 1252
0 0 0
0 -764 2179
3 2132 558
-6 -39966 6018
2 3692 1808
0 0 0
-8 -1928 238
2 2048 785
0 0 0
-4 -540 110
0 0 0
0 0 0
0 0 0
0 -528 2781
0 0 0
-6 -2462 363
2 2026 704
5 88 16
-3 -536 137
13 518 38
0 0 0
-4 -50 12
0 -14 546
0 0 0
-6 -410 61
-5 -602 104
0 0 0
-5 -1196 219
0 0 0
0 0 0
-5 -1054 183
0 -180 1628
0 0 0
-8 -966 120
3 620 181
0 0 0
-6 -352 54
3 374 100
0 0 0
-10 -258 24
-2 -17164 8066
0 0 0
-10 -10370 963
0 -420 20424
3 2474 805
-6 -24442 3819
8 844 97
0 0 0
-8 -104 12
0 -784 915
0 0 0
-9 -866 96
-15 -170 11
0 0 0
0 0 0
0 -18 22
0 0 0
-12 -308 24
1 1656 1170
0 0 0
-5 -960 182
1 5030 4063
0 0 0
-3 -2666 724
0 0 0
0 0 0
0 0 0
-1 -3568 2878
0 0 0
-11 -4362 389
-10 -5036 485
0 -24 39
-10 -3614 356
4 210 52
0 0 0
7 52 7
-1 -4224 2229
0 0 0
-12 -4480 369
-10 -22792 2133
0 0 0
-4 -12406 3062
0 56 2243
0 0 0
-10 -64874 6267
-1 -2252 1631
0 28 241
0 0 0
-1 -1362 1179
2 608 268
-5 -498 84
-2 -40 14
-1 -12 8
0 0 0
-2 -5024 1853
0 250 561
-3 -334 106
0 34 1005
6 1374 198
-11 -982 87
2 182 62
0 0 0
-2 -14 1
-4 -1736 370
4 316 73
0 0 0
0 796 1135
1 574 299
-2 -1512 652
-20 -142 7
-3 -20 6
-6 -1872 307
-2 -4432 1589
0 -304 324
0 0 0
-1 -694 472
0 -26 81
-5 -330 63
-2 -144 63
11 198 17
0 0 0
-5 -33588 5843
0 -54 1098
-4 -1536 313
-3 -73026 23149
4 36414 8832
-5 -15212 2630
0 -42 56
-11 -180 16
1 6 1
-3 -2478 753
1 118 98
0 0 0
-6 -106 16
-11 -68 3
0 0 0
5 56 10
-12 -194 16
-18 -352 19
-2 -2638 981
-4 -2510 579
0 0 0
0 -1522 4386
0 392 455
-6 -740 117
-9 -250 26
3 34 5
0 0 0
-4 -13028 2895
-1 -982 632
-5 -1030 179
-3 -5266 1643
0 -284 662
-5 -4708 835
7 206 27
0 0 0
0 4 1
-6 -34088 4940
-4 -3090 655
0 0 0
-4 -24810 5777
-1 -4478 2423
-4 -15670 3707
-7 -31668 3966
-3 -1678 554
-11 -36478 3216
-4 -1934 434
8 4442 546
-1 -480 475
1 168 158
12 11636 910
-1 -730 607
-2 -28 5
29 2184 73
0 -8 5
-2 -2374 902
1 1232 882
-1 -550 506
0 292 397
20 15464 772
-1 -786 491
22 246 11
4 560 123
2 166 66
-1 -254 161
6 1138 168
-3 -278 73
0 0 346
13 13486 1023
4 2840 574
1 8 2
23 1000 42
3 2568 843
-4 -1866 393
2 1748 594
-2 -1490 664
-4 -200 45
3 1640 479
-4 -716 162
-1 -30 17
16 390 24
-5 -96 18
-5 -16166 3049
-2 -4760 2040
-6 -7862 1308
-4 -39358 7895
17 136142 7948
-2 -28908 10999
0 -14 16
1 110 109
3 338 85
-3 -1184 308
1 174 114
-5 -802 142
3 22 3
14 210 15
0 0 0
12 76 3
4 450 108
-1 -98 57
-5 -1944 383
2 1548 598
-2 -1136 543
-2 -2004 742
6 12264 1835
-2 -2896 1079
-8 -82 10
8 274 34
0 -16 19
-3 -8504 2136
0 -172 1116
-4 -2902 678
-6 -3420 501
13 19852 1421
0 -862 1108
7 62 8
0 0 0
4 204 48
-5 -16560 2906
0 -902 1021
-8 -7470 910
-8 -14608 1779
11 28548 2505
2 8036 3117
-10 -9440 879
2 3912 1950
-4 -94862 20130
-9 -4038 417
-1 -296 149
-9 -812 89
4 478 111
0 -54 487
-10 -5188 517
0 0 0
3 22 3
-15 -142 9
-8 -5056 577
-4 -1174 239
-7 -1124 155
0 -46 110
2 586 288
-11 -6312 553
-1 -8 1
0 0 0
-6 -166 26
-9 -1188 125
-10 -262 26
-2 -44 15
-2 -24 11
2 1016 473
-2 -2026 1008
0 -4 3
7 44 1
-6 -1844 266
-7 -3218 416
-5 -838 162
-9 -1146 121
-1 -124 78
-3 -1418 381
-12 -1866 149
-22 -178 8
0 0 0
-20 -124 6
-7 -19478 2554
-4 -2580 597
-14 -4566 310
-8 -53484 6334
6 41078 6721
-3 -41010 12324
5 34 3
0 -4 3
-3 -140 36
-4 -1128 240
3 194 61
-9 -268 29
-6 -48 4
4 46 5
0 0 0
9 54 2
3 24 4
-4 -108 22
-8 -1404 166
1 134 72
-8 -1096 135
-1 -1862 1025
0 -1388 1636
-9 -4768 504
0 0 0
-9 -76 4
-13 -96 7
-3 -3980 1117
0 -68 123
-12 -1668 131
-15 -4520 284
1 984 878
-1 -5564 2905
10 82 8
0 0 0
-5 -100 17
-7 -10834 1418
-1 -272 195
-18 -3520 187
-16 -11068 672
3 8572 2151
0 36 8881
-15 -7774 514
0 70 78
-10 -125850 11861
0 316 333
0 0 0
-1 -612 604
6 1282 186
0 0 0
0 -62 395
13 186 14
6 48 4
-10 -104 5
0 -90 434
0 0 0
-2 -2414 814
12 1592 129
12 134 11
1 772 449
7 246 32
2 18 9
1 64 33
6 642 107
3 20 3
-4 -716 176
1 50 39
18 108 6
4 950 199
-4 -24 6
7 46 1
0 540 580
-1 -630 419
0 0 0
-2 -1672 729
-1 -146 127
0 0 0
-1 -192 188
0 -26 63
0 -4 3
-9 -236 25
0 -638 1698
0 0 0
-6 -19560 3138
9 47788 5024
10 3618 358
-1 -23566 11847
1 174 100
-1 -190 125
0 40 59
-2 -494 233
-3 -96 32
-4 -1484 350
0 -2 6
1 10 1
0 0 0
5 278 51
1 62 42
-3 -152 41
-2 -1752 620
0 0 0
-2 -1394 475
3 1304 430
0 0 0
0 -278 1460
5 38 7
-3 -20 1
-24 -292 12
-2 -1522 526
0 0 0
-3 -5016 1267
-3 -908 238
11 382 32
6 1286 213
3 112 32
0 0 0
0 4 15
-4 -3182 777
-1 -128 76
-6 -17992 2814
-13 -6692 514
4 608 128
5 4644 808
0 -482 738
-1 -172 109
-4 -60502 12574
0 16 23
8 68 8
-3 -314 97
18 3760 198
5 216 39
3 162 48
17 106 2
16 654 40
-2 -92 37
6 582 93
-7 -216 29
-2 -990 370
15 1182 77
17 644 36
0 154 161
0 4 1
-2 -134 63
-9 -418 46
0 0 3
0 4 2
0 2 44
4 28 2
3 106 30
9 104 11
0 0 0
15 124 8
0 -180 296
2 184 70
-1 -70 57
-2 -408 168
3 74 21
0 30 43
-5 -40 7
20 400 20
12 320 25
0 -2 46
3 1496 399
1 324 229
-5 -6512 1197
17 21638 1231
11 44672 3893
-4 -10680 2442
2 14 3
1 306 286
-1 -182 100
13 708 54
7 234 32
-2 -240 101
0 0 0
-1 -16 11
0 0 0
7 42 3
0 216 267
-4 -268 54
0 14 32
-5 -54 10
-4 -572 128
13 1438 107
4 380 84
-2 -234 80
0 0 0
-2 -14 3
3 54 18
6 286 42
-5 -70 13
-3 -2102 654
-3 -70 22
9 1110 114
-4 -142 34
0 4 1
0 0 0
5 204 35
5 1580 314
0 16 25
-1 -1800 902
-5 -384 65
11 2492 223
1 212 110
13 1184 86
0 -130 669
-7 -38780 5071
0 156 195
0 0 0
-8 -2762 334
10 876 85
2 114 52
-17 -1282 74
20 184 9
0 4 5
-14 -228 16
0 -218 452
0 -12 14
-10 -5570 542
4 302 63
1 100 100
-7 -1010 130
7 94 12
-15 -244 16
-14 -1316 89
5 410 76
-17 -122 7
-7 -846 117
1 8 3
-2 -130 46
-6 -522 83
0 0 5
21 236 11
-10 -1748 160
0 46 118
-1 -100 96
-8 -2998 367
0 2 19
-2 -156 73
-7 -378 51
4 70 15
0 -6 7
-12 -374 29
0 -1140 1510
5 304 52
-7 -16662 2293
14 32824 2303
4 18258 3983
-5 -38904 6529
19 576 30
0 -68 78
-5 -522 100
3 792 224
4 30 7
-1 -484 246
8 52 2
-8 -78 9
0 0 0
3 28 4
0 -26 69
-10 -1322 131
0 24 123
0 0 0
-7 -2330 306
8 628 78
3 690 184
-2 -1602 657
4 28 1
-7 -60 4
-25 -228 9
4 992 233
1 30 28
-2 -2350 934
-8 -212 26
4 1374 297
-3 -1796 496
26 186 7
0 0 0
-5 -346 66
1 374 356
0 0 13
-4 -5624 1349
-22 -1082 49
5 2528 480
-2 -4132 1464
10 1404 129
-5 -494 84
-16 -123738 7470
4 74350 17229
0 0 0
0 0 0
0 0 0
0 0 0
0 0 0
4 10124 2519
0 0 0
0 0 0
10 34682 3206
0 0 0
0 0 0
0 0 0
8 3258 385
0 0 0
7 3206 424
0 0 0
0 0 0
1 43770 23615
0 0 0
0 0 0
-2 -5548 2255
0 0 0
0 0 0
2 3998 1737
0 0 0
-2 -908 434
3 20752 5216
0 0 0
0 0 0
0 0 0
0 0 0
0 0 0
3 8878 2286
0 0 0
0 0 0
5 82098 14716
0 0 0
0 0 0
0 10914 14094
6 84988 13678
0 0 0
2 4950 1691
0 0 0
0 0 0
1 18202 17261
0 0 0
0 0 0
-2 -2184 741
0 0 0
0 0 0
5 10718 1937
0 0 0
0 -268 288
3 107860 29923
0 0 0
0 0 0
0 288 1692
0 0 0
0 0 0
4 4978 1236
0 0 0
0 0 0
0 8250 15640
0 0 0
0 0 0
1 1582 1029
7 2652 373
0 0 0
12 134 11
0 0 0
0 0 0
0 66014 72901
0 0 0
0 0 0
-1 -7562 6864
0 0 0
0 0 0
0 878 43810
0 0 0
-4 -17042 3792
4 21842 5162
15 16934 1085
0 0 0
0 0 0
0 0 0
0 0 0
4 3644 759
11 1494 133
0 0 0
5 4964 842
15 2014 129
0 0 0
0 0 0
16 3230 193
0 0 0
17 3432 198
5 750 138
0 0 0
2 24124 9487
12 17690 1382
0 0 0
-1 -742 740
9 948 96
0 0 0
3 2366 665
7 908 126
0 -204 206
2 2656 999
15 4124 272
0 0 0
0 0 0
0 0 0
0 0 0
4 4390 923
11 2240 198
0 0 0
2 7530 2922
11 8508 744
0 0 0
0 -548 5337
7 77638 9908
0 0 0
7 6062 800
2 2038 787
0 0 0
0 -1432 4416
6 5186 806
0 0 0
-5 -1356 255
8 562 64
0 0 0
7 3296 424
2 910 436
-4 -550 118
2 25874 9044
11 21538 1811
0 0 0
-1 -530 505
7 1102 146
0 0 0
5 1994 367
4 568 134
0 0 0
-1 -7592 4547
6 6668 1012
0 0 0
-3 -774 242
8 2060 243
0 0 0
0 2 2
0 0 0
0 0 0
0 8728 32935
8 51218 6116
0 0 0
-2 -6194 2617
12 4726 390
0 0 0
-1 -18240 18006
6 24774 4111
-5 -10870 1881
6 36408 5217
0 0 0
0 126 657
0 0 0
0 0 0
0 0 0
9 4208 440
0 0 0
-3 -468 123
8 6238 728
0 0 0
0 -74 104
0 0 0
5 922 154
0 0 0
7 512 71
0 0 0
-8 -476 57
4 28160 6411
0 0 0
-1 -1712 1226
-1 -606 577
0 0 0
0 0 0
2 1150 414
0 0 0
-1 -628 388
5 8444 1547
0 0 0
-2 -438 177
0 0 0
0 0 0
0 0 0
5 4402 780
0 0 0
-4 -420 96
4 16784 3736
0 0 0
-2 -1018 444
1 8296 4520
5 31920 5632
-4 -5394 1101
3 2788 827
0 0 0
-9 -2042 206
1 9450 4726
0 0 0
-5 -3416 598
-3 -690 200
0 0 0
0 0 0
5 3634 641
0 0 0
-5 -1474 273
3 40188 10217
0 0 0
0 -1288 1503
0 -548 580
0 0 0
-5 -764 132
5 1780 297
0 0 0
-2 -242 105
0 -3914 5655
0 0 0
-8 -5982 727
-2 -1338 538
8 806 92
-2 -16 4
3 20 1
0 0 0
0 0 0
2 57912 23186
0 0 0
-2 -17440 7088
0 -2094 2365
0 0 0
0 -50 67
1 19198 13896
0 0 0
-7 -42284 6039
3 11946 3239
4 8782 1901
0 0 0
14 224 16
2 804 309
-6 -64 5
3 898 230
2 1468 551
0 0 0
5 2412 481
6 5066 765
1 38 21
11 640 58
10 5830 543
0 0 0
13 354 26
-2 -124 47
-6 -38 3
2 12528 4879
5 14076 2412
0 0 0
-2 -1546 571
2 674 308
0 -6 63
1 180 119
3 1910 562
-5 -802 141
1 1064 773
0 746 1371
0 0 0
-6 -96 15
8 270 33
-6 -36 3
4 756 165
4 2230 475
0 0 0
0 2100 2397
2 27450 9285
-7 -618 87
-1 -4186 3365
2 65776 32847
-3 -996 318
0 76 113
-2 -596 216
-7 -192 26
-2 -3088 1507
2 5908 2502
0 0 0
-7 -714 98
-1 -212 137
0 0 0
-1 -326 168
-5 -2290 451
-9 -514 57
2 11766 4223
1 8880 4853
0 0 0
-1 -1022 912
9 6942 722
-10 -238 23
4 500 104
2 1770 608
0 0 0
-1 -4056 2854
0 -752 2823
-4 -324 78
-3 -2082 544
2 1828 674
-7 -542 73
-3 -28 9
0 0 0
0 0 0
0 9814 17712
2 33736 11532
0 0 0
-5 -7534 1419
0 -758 1593
-4 -2686 592
-8 -42918 5109
0 -14226 14376
-11 -7290 637
1 1464 1333
12 32076 2493
0 0 0
23 496 21
14 2304 163
6 326 47
4 306 71
22 7446 338
-2 -52 18
1 218 176
9 5976 657
3 50 13
1 22 17
25 10172 397
1 12 10
24 248 5
16 2158 134
4 220 49
1 3804 3014
10 41236 3813
0 6 36
-2 -434 176
16 11278 681
15 1896 119
-3 -164 54
23 8672 365
0 -248 610
0 94 178
7 7602 989
0 0 0
2 12 3
15 714 47
3 28 9
4 396 85
23 6452 273
-2 -50 17
0 -314 816
0 4386 7685
-1 -30 21
-4 -4148 1033
14 326300 23293
2 628 286
17 124 7
3 3532 1085
-8 -874 108
-2 -2492 870
2 9084 3059
-4 -1274 279
-10 -412 38
4 1420 322
0 0 0
5 222 38
0 454 1138
-6 -2504 358
0 1108 1385
10 41352 4103
-2 -554 244
0 -164 333
19 10910 546
-1 -138 131
3 66 17
22 5450 237
9 200 21
-2 -3424 1403
0 1398 3412
-3 -374 116
-11 -1258 108
9 20866 2117
0 14 85
0 0 0
0 0 0
5 44 4
0 -2738 11757
5 75306 14964
-1 -730 379
-4 -2944 602
7 21280 2895
4 2334 557
-12 -24552 2029
6 72752 12076
-5 -21418 3951
4 1980 420
7 3372 443
0 -42 195
19 194 10
6 584 94
-7 -262 34
-2 -78 37
12 574 46
-1 -54 30
2 180 66
4 1284 259
-1 -24 17
10 172 16
9 2766 283
-16 -232 14
4 26 2
2 14 2
0 20 21
2 1762 679
5 5638 1003
0 196 222
5 142 26
5 1532 267
4 1376 287
-8 -174 20
15 1656 107
-3 -646 174
0 -108 118
2 778 357
1 54 32
3 26 8
0 8 34
0 0 0
0 10 36
12 332 26
0 -10 14
-1 -1054 943
0 -4332 6134
0 -20 47
-7 -4202 572
7 107592 15302
-1 -4566 3275
2 52 18
9 328 34
-10 -444 43
0 94 237
0 1118 1912
-2 -160 67
0 2 8
-1 -358 181
0 0 0
0 -6 4
1 40 29
-7 -486 63
-1 -1126 1107
4 6164 1338
0 -306 386
-5 -754 141
5 4612 826
-11 -4268 379
0 0 24
16 284 17
-9 -386 41
-3 -4896 1311
0 -1788 1909
-3 -520 170
-13 -1548 112
2 1838 882
-3 -2126 550
1 8 2
0 0 0
0 0 0
-1 -6296 4847
2 14020 6445
0 -362 1365
-18 -1346 74
0 162 2094
-3 -9270 2551
-15 -18130 1173
1 6974 4754
-13 -67528 4855
5 18356 3430
0 0 0
2 2888 1396
2 1256 510
0 0 0
6 90 13
5 5684 1044
10 2778 266
0 100 121
7 13758 1767
0 0 0
1 402 218
13 8118 601
11 2412 206
8 310 35
4 1280 274
5 2180 375
0 6 104
6 22924 3796
2 514 197
1 2968 2671
0 230 323
4 122 26
1 30 17
5 6088 1170
11 6882 625
-2 -1240 551
0 1598 3098
0 0 0
2 828 392
5 472 82
0 0 0
3 44 12
5 4846 901
8 770 86
1 158 92
3 68022 20100
0 0 0
1 1502 1288
4 144706 34669
7 39152 5361
0 -448 2159
3 10180 2579
1 5404 3411
0 202 503
1 7504 4222
0 -204 293
-1 -1278 1084
0 -94 213
9 128 14
0 0 0
0 448 1840
4 3812 920
-2 -1276 562
3 26756 7699
0 0 0
1 2108 1908
6 9210 1365
0 0 0
-1 -420 253
6 4704 705
7 3390 476
0 -64 85
0 -490 5974
0 0 0
-3 -2700 866
0 -52 330
7 2074 290
0 10 25
2 800 349
0 0 0
2 20 4
2 41746 16563
2 1666 821
0 526 8983
0 40 1792
6 606 87
3 750 207
1 35066 24873
3 18300 4992
-6 -73048 10743
12 22110 1780
14 5248 367
4 3686 919
9 530 55
7 2038 259
24 272 11
21 5474 253
11 21926 1878
2 806 296
10 10258 935
22 2740 122
4 708 157
14 1796 120
15 6482 413
14 88 6
25 1020 40
5 5040 909
0 74 304
12 30414 2522
15 6026 388
4 6944 1491
19 1698 85
9 3014 329
7 44 6
24 5904 240
12 31676 2633
1 930 778
5 4098 748
3 2218 652
1 204 169
0 4 8
20 374 18
2 18 4
18 4596 253
21 7140 333
5 1214 242
2 25346 9344
12 16056 1254
2 1064 425
15 98270 6356
8 245966 28321
-2 -1456 653
17 7748 445
0 344 8090
-3 -2976 839
2 8126 2984
11 3192 269
0 366 440
9 244 26
4 382 81
0 0 0
16 4348 268
1 7348 4225
-4 -3000 750
11 30612 2598
9 9256 1027
0 570 969
14 5284 360
16 4864 302
3 366 107
21 3546 167
18 23622 1302
4 1068 228
1 3392 2877
5 2324 441
0 -310 353
12 858 68
6 6830 1020
1 6 6
16 834 51
0 0 0
1 16 10
4 58606 12507
14 25318 1750
4 22496 5604
5 922 176
6 11226 1758
-2 -138 47
10 74352 7416
2 64496 29024
-6 -78102 12617
8 14940 1669
2 2814 1036
-1 -1676 1499
9 1516 155
2 784 287
-13 -2080 158
14 2682 191
5 3960 759
-7 -1890 247
5 5740 1037
5 1686 292
-4 -1586 369
13 1730 127
5 3280 608
-8 -3294 374
13 514 37
1 470 272
-9 -1902 194
7 19746 2555
5 4906 914
2 5608 2725
7 774 98
2 1160 449
-3 -3222 806
13 2948 214
6 6408 1038
-9 -18680 1914
3 3400 936
-1 -1208 1169
-5 -2948 519
9 518 53
7 194 26
-4 -712 144
9 2772 288
6 2358 384
-5 -1292 226
1 23166 15059
7 18892 2402
0 -2382 2447
9 99442 10312
2 116172 43028
-4 -78020 16448
10 7544 710
0 -3068 3291
-11 -11720 1064
1 4636 4109
5 3886 677
-1 -2220 1139
5 224 43
-4 -888 186
0 0 0
9 3282 343
0 -128 1747
-16 -26762 1654
7 22916 2979
0 2480 3215
-5 -11308 2025
8 8194 945
10 4936 480
-6 -1894 293
10 1046 100
9 5874 626
-3 -958 283
0 -702 4118
2 2058 818
-1 -1742 1214
2 324 137
0 1014 1408
-7 -16518 2154
10 1086 102
0 0 0
-11 -660 59
2 33510 13186
5 22120 3689
1 21778 11073
-1 -906 534
1 4982 3328
-4 -32878 8160
4 38538 9397
0 3712 16891
-19 -280288 14623
