0 40 -31 -15 14 -24 9 1 -10 
-1 2 -13 -4 11 0 9 7 -1 
0 9 -1 -15 7 -6 5 6 -11 
-2 1 -11 0 0 0 13 12 0 
-2 7 -6 0 12 -1 7 3 0 
0 16 -5 0 0 0 8 7 -9 
2 9 -2 -4 2 -3 4 4 -3 
1 -1 2 1 6 0 7 0 0 
0 0 -1 -5 1 -3 2 0 -13 
-2 0 -10 -2 0 0 18 0 1 
-2 -1 -1 -7 4 0 11 0 0 
0 6 -1 -8 8 0 3 3 -13 
-3 5 -4 0 3 -3 21 0 -1 
2 5 -6 1 16 -7 11 7 -3 
0 0 0 0 3 0 3 0 -3 
0 1 -4 -4 0 0 14 0 0 
-1 -1 -5 -5 3 -3 0 0 0 
0 2 -5 -5 2 0 4 0 -5 
1 5 1 -12 0 2 2 0 0 
0 14 -2 -6 14 0 -1 6 0 
1 0 0 -7 0 0 -12 0 -4 
0 0 1 -15 0 0 3 0 1 
0 2 -4 4 13 3 7 3 0 
0 6 2 0 0 0 0 6 -2 
1 0 -12 -4 0 0 1 0 -3 
0 0 -5 -2 2 0 0 0 0 
-1 2 -2 -6 2 -1 -2 6 -10 
-1 0 -3 -16 3 0 -3 0 0 
0 0 -5 -6 0 0 -1 0 0 
0 0 3 -12 0 0 6 0 0 
-3 0 0 0 0 0 2 0 0 
-1 0 0 12 1 0 -1 0 0 
3 3 -3 0 0 0 2 3 0 
0 5 0 2 0 0 3 0 0 
2 0 0 -1 2 0 2 0 0 
-2 0 -4 8 1 0 2 0 -9 
-1 -2 0 -5 0 0 0 0 0 
-1 0 0 -4 0 0 0 0 0 
1 2 -2 3 0 0 12 0 0 
2 0 -4 2 0 0 9 3 -3 
3 8 -13 5 26 -2 13 8 -6 
4 0 -1 -6 0 0 1 6 -2 
1 3 0 0 0 0 2 0 0 
0 0 0 0 0 0 0 0 0 
-1 0 0 -1 0 0 15 0 0 
0 0 0 -8 0 0 -1 -1 0 
0 0 0 -4 -1 0 5 0 0 
-2 -1 1 -9 0 0 -5 0 -1 
-4 0 0 0 0 0 6 0 0 
-2 0 0 -13 4 0 4 0 0 
0 0 0 0 0 0 0 0 0 
0 2 0 0 0 0 5 0 0 
-3 0 0 -5 0 0 0 0 0 
-1 0 -1 -5 0 0 -1 0 -10 
0 -2 0 -22 3 -2 -1 0 0 
0 1 1 -1 2 0 4 0 0 
-1 3 -1 -2 0 -4 -6 0 0 
0 -1 -4 -8 0 0 -1 0 0 
3 0 -1 -4 12 -1 1 0 0 
-2 0 -1 1 0 0 -10 0 0 
0 0 0 -16 0 0 1 0 0 
0 0 0 -5 0 0 0 0 0 
2 0 0 -7 0 -3 0 0 -2 
-1 -2 0 -8 0 0 5 0 0 
0 -1 0 -16 3 0 2 0 0 
-1 5 -1 -3 0 0 -1 1 0 
0 0 -1 -8 0 0 1 0 0 
1 6 0 -4 12 -2 2 0 0 
4 6 1 0 0 0 5 6 0 
-1 2 0 -10 0 0 2 0 0 
0 0 0 0 0 0 0 0 0 
6 0 0 -6 0 0 5 0 -5 
0 3 0 -8 3 0 -8 0 0 
-2 0 0 -12 3 0 -2 0 0 
0 0 0 -3 0 0 -2 0 0 
-1 0 1 -6 0 0 0 0 0 
1 0 1 -6 0 0 0 0 0 
0 0 1 0 0 0 0 0 0 
-1 0 -1 -3 0 -1 11 0 0 
-1 -1 -4 -4 3 -4 10 0 0 
-3 2 -4 -21 3 -1 -1 4 -14 
-24 -2 0 2 0 0 0 0 0 
-9 0 0 1 0 0 0 0 0 
-12 0 0 -3 0 0 -5 0 -3 
0 0 0 0 0 0 0 0 0 
-2 0 0 3 0 0 1 0 0 
-6 0 0 0 0 0 0 0 0 
-18 0 0 0 0 0 0 0 0 
-1 0 0 0 0 0 0 0 0 
0 0 0 0 0 0 1 0 0 
-13 0 0 1 0 0 0 0 0 
0 0 0 0 0 0 0 0 0 
-8 0 0 0 0 0 -4 0 0 
-2 0 0 0 0 0 -1 0 0 
-2 0 0 0 0 0 0 0 0 
-1 0 0 0 0 0 -2 0 0 
-1 0 0 0 0 0 0 0 0 
0 0 0 0 0 0 0 0 0 
4 0 0 0 0 0 0 0 0 
-12 0 0 -3 0 0 -2 0 0 
-1 0 0 -2 0 0 0 0 0 
-8 0 0 0 0 0 0 0 0 
0 0 0 0 0 0 0 0 0 
3 0 0 7 0 0 0 0 0 
-2 0 0 0 0 0 -1 0 0 
-14 0 0 -1 0 0 -3 0 0 
-7 0 0 -1 0 0 -1 0 0 
-6 0 -3 -1 0 0 -1 0 -3 
-3 0 0 0 0 0 0 0 0 
0 0 -1 0 0 0 0 0 0 
-3 0 0 0 0 0 0 0 0 
-3 0 0 0 0 0 0 0 0 
0 0 0 9 0 0 0 0 0 
-3 0 0 0 0 0 0 0 0 
-11 0 0 0 0 0 0 0 0 
-10 0 0 0 0 0 0 0 0 
-5 0 0 -1 0 0 -5 0 0 
0 0 0 -6 0 0 0 2 0 
11 0 0 4 0 0 4 0 0 
-1 4 0 2 0 0 1 0 -3 
2 0 0 10 0 0 6 0 0 
2 -1 0 9 15 -5 14 -1 0 
15 0 0 -3 0 0 3 0 0 
2 -2 0 1 0 0 -1 0 0 
-7 0 0 0 0 0 0 0 0 
11 0 0 -3 0 0 -2 3 0 
0 0 0 0 0 0 0 0 0 
2 0 0 0 0 0 0 0 0 
-7 0 0 0 0 0 1 0 0 
-3 0 0 0 0 0 0 0 0 
0 0 0 -3 0 0 0 0 0 
0 0 0 0 0 0 0 0 0 
-4 0 0 1 0 0 0 0 0 
-5 0 0 0 0 0 0 0 0 
2 -3 0 0 0 0 -5 0 0 
-14 0 0 2 0 0 0 0 0 
-5 0 0 0 0 0 0 0 0 
-3 0 0 0 0 0 0 0 -3 
8 0 0 -2 0 0 0 0 0 
3 0 0 2 0 0 0 0 0 
-6 0 0 0 0 0 0 0 0 
-19 0 0 0 0 0 0 0 0 
0 0 0 0 0 0 0 0 0 
0 0 0 0 0 0 -3 0 0 
-24 0 0 0 0 0 0 0 0 
0 0 0 0 0 0 0 0 0 
-7 0 0 0 0 0 -2 0 0 
-6 0 0 0 0 0 -1 0 0 
-3 0 0 0 0 0 0 0 0 
0 0 0 0 0 0 0 0 0 
0 0 0 0 0 0 0 0 0 
0 0 0 0 0 0 0 0 0 
0 0 0 0 0 0 0 0 0 
4 0 0 -3 0 0 0 0 0 
6 0 0 2 0 0 0 0 0 
-6 0 0 0 0 0 0 0 0 
-9 0 0 0 0 0 0 0 0 
-1 0 0 0 -1 0 0 0 0 
-4 0 0 0 0 0 -1 0 0 
-7 0 0 -6 0 0 0 0 0 
-3 0 0 0 0 0 -1 0 0 
-9 0 0 0 0 0 -24 0 -3 
14 3 1 0 0 0 3 0 0 
13 0 0 -2 0 0 0 0 0 
5 0 0 0 0 0 1 0 0 
12 0 0 0 0 0 0 0 0 
1 0 0 -15 0 0 2 0 0 
3 0 0 0 0 0 0 0 0 
6 0 -1 1 0 0 0 0 0 
1 0 0 -2 0 0 0 0 0 
0 0 2 0 0 0 -1 0 0 
18 0 0 6 0 0 0 0 0 
43 0 0 0 0 0 0 0 0 
0 0 0 3 0 0 -1 0 0 
10 0 0 0 0 0 2 0 0 
19 0 0 4 0 0 7 3 0 
-5 0 0 0 0 0 -2 0 0 
14 0 0 1 0 0 0 0 0 
12 0 0 0 0 0 0 0 0 
-3 0 0 0 0 0 -1 0 0 
2 0 0 0 0 0 0 0 0 
-1 0 0 0 0 0 0 0 0 
0 0 0 0 0 0 0 0 0 
12 0 0 0 0 0 0 0 0 
0 0 0 -13 0 0 0 0 0 
1 0 0 0 0 0 0 0 0 
1 0 0 0 0 0 0 0 0 
2 0 0 -1 0 0 0 0 0 
8 0 0 0 0 0 -1 3 -2 
17 0 0 0 0 0 0 0 0 
6 0 0 1 0 0 0 0 0 
8 0 0 0 0 0 0 0 0 
7 0 0 0 0 0 0 0 0 
4 0 0 13 0 0 0 0 0 
9 0 0 0 0 0 0 0 0 
4 0 -1 0 0 0 0 0 0 
0 0 0 0 0 0 0 0 0 
3 0 0 0 0 0 2 0 0 
22 0 0 5 0 0 0 0 0 
45 0 0 0 0 0 0 0 0 
-2 0 0 2 0 0 -1 0 0 
9 0 0 0 0 0 3 0 0 
17 0 0 19 9 0 3 0 0 
3 0 0 0 0 0 0 0 0 
28 0 0 0 0 0 3 0 0 
19 0 0 0 0 0 0 0 0 
3 0 0 0 0 0 3 0 0 
5 0 0 0 0 0 0 0 0 
2 0 0 0 0 0 0 0 0 
0 0 0 0 0 0 0 0 0 
0 0 0 0 0 0 0 0 0 
0 0 0 0 0 0 0 0 0 
0 0 0 0 0 0 0 0 0 
2 0 0 0 0 0 0 0 0 
1 0 0 0 0 0 0 0 0 
9 0 0 0 0 0 0 0 -2 
9 0 0 0 0 0 0 0 0 
-1 0 0 0 0 0 0 0 0 
2 0 0 0 0 0 -2 0 0 
11 0 0 -11 0 0 0 0 0 
20 0 0 -3 3 0 6 0 0 
4 0 0 -6 0 0 0 0 0 
1 0 1 0 0 0 0 0 0 
6 0 0 0 0 0 0 0 0 
0 0 0 0 0 0 -6 0 0 
5 0 0 0 0 0 0 0 0 
4 0 0 0 0 0 0 0 0 
0 0 0 0 0 0 0 0 0 
-7 0 0 0 0 0 0 0 0 
6 0 0 1 3 0 3 0 0 
20 0 0 0 0 0 0 0 0 
3 0 0 0 0 0 0 0 0 
0 0 0 0 0 0 0 0 0 
2 0 0 0 0 0 0 0 0 
0 0 0 0 0 0 2 0 0 
2 2 -1 0 0 0 3 0 0 
-16 0 0 -5 0 0 -5 0 0 
-1 0 0 0 0 0 0 0 0 
-8 0 5 3 0 0 0 0 0 
6 0 0 0 0 0 0 0 0 
-2 3 -2 -6 0 0 0 0 0 
-3 3 9 9 0 3 0 0 0 
-3 4 0 -15 0 2 -3 5 -17 
34 0 0 0 0 0 0 0 0 
0 0 0 0 0 0 0 0 0 
9 0 0 0 0 0 0 0 0 
7 0 0 0 0 0 2 0 0 
0 0 0 -1 0 0 0 0 0 
0 0 0 0 0 0 0 0 0 
8 0 0 0 0 0 0 0 0 
0 0 0 0 0 0 0 0 0 
0 0 0 0 0 0 0 0 0 
19 0 0 0 0 0 0 0 0 
0 0 0 0 0 0 0 0 0 
17 0 0 0 0 0 0 0 0 
2 0 0 0 0 0 0 0 0 
7 0 0 4 0 0 0 0 0 
0 0 0 0 0 0 0 0 0 
13 0 0 0 0 0 0 0 0 
0 0 0 0 0 0 0 0 0 
2 0 0 0 0 0 0 0 0 
15 0 0 0 0 0 0 0 0 
0 0 0 0 0 0 0 0 0 
5 0 0 0 0 0 0 0 0 
9 0 0 0 0 0 0 0 0 
-1 0 0 -3 0 0 0 0 0 
0 0 0 0 0 0 0 0 0 
13 0 0 0 0 0 0 0 0 
0 0 0 0 0 0 0 0 0 
8 0 0 0 0 0 0 0 -4 
4 0 0 0 0 0 0 0 0 
9 0 0 0 0 0 0 0 0 
4 0 0 0 0 0 0 0 0 
0 0 0 0 0 0 0 0 0 
3 0 0 0 0 0 0 0 0 
0 0 0 0 0 0 0 0 0 
3 0 0 -4 0 0 0 0 0 
0 0 0 0 0 0 0 0 0 
0 0 0 -2 0 0 10 0 0 
1 0 0 0 0 0 0 0 0 
2 0 0 0 0 0 0 0 0 
4 0 0 0 0 0 0 0 0 
19 0 0 0 0 0 0 0 0 
13 0 0 0 0 0 3 0 0 
13 0 0 0 0 0 3 0 0 
3 0 0 0 0 0 0 0 0 
0 0 0 0 0 0 0 0 0 
0 0 0 0 0 0 0 0 0 
14 0 0 0 0 0 0 0 0 
1 0 0 0 0 0 0 0 0 
2 0 0 0 0 0 0 0 0 
-3 0 0 0 0 0 0 0 0 
3 0 0 0 0 0 0 0 0 
0 0 0 0 0 0 0 0 0 
2 0 0 0 0 0 0 0 0 
1 0 0 0 0 0 0 0 0 
6 0 0 0 0 0 0 0 0 
51 0 0 0 0 0 0 0 0 
-3 0 0 0 0 0 0 0 0 
1 0 0 0 0 0 0 0 0 
14 0 0 0 0 0 1 0 0 
16 0 0 3 0 0 0 0 0 
0 0 0 0 0 0 0 0 0 
0 0 0 0 0 0 0 0 0 
0 0 0 0 0 0 0 0 0 
0 0 0 0 0 0 0 0 0 
20 0 0 0 0 0 0 0 0 
4 0 0 -2 0 0 0 0 0 
0 0 0 0 0 0 0 0 0 
10 0 0 0 0 0 0 0 0 
17 0 0 1 0 0 0 0 0 
4 0 0 0 0 0 0 0 0 
0 0 0 0 0 0 0 0 0 
0 0 0 0 0 0 0 0 0 
0 0 0 0 0 0 0 0 0 
4 0 0 0 0 0 0 0 0 
2 0 0 0 0 0 0 0 0 
3 0 0 0 0 0 0 0 0 
5 0 0 0 0 0 0 0 0 
4 0 0 -7 0 0 0 0 0 
0 0 0 0 0 0 0 0 0 
10 0 0 0 0 0 0 0 0 
1 0 0 -2 0 0 0 0 0 
6 0 0 -1 0 0 4 0 -8 
8 0 0 0 0 0 0 0 0 
0 0 0 0 0 0 0 0 0 
0 0 0 0 0 0 0 0 0 
-1 0 0 0 0 0 0 0 0 
0 0 0 0 0 0 0 0 0 
0 0 0 0 0 0 0 0 0 
3 0 0 0 0 0 0 0 0 
0 0 0 0 0 0 0 0 0 
0 0 0 0 0 0 0 0 0 
2 0 0 0 0 0 0 0 0 
0 0 0 0 0 0 0 0 0 
5 0 0 0 0 0 0 0 0 
0 0 0 0 0 0 0 0 0 
0 0 0 0 0 0 0 0 0 
0 0 0 0 0 0 0 0 0 
0 0 0 0 0 0 0 0 0 
0 0 0 0 0 0 0 0 0 
0 0 0 0 0 0 0 0 0 
0 0 0 0 0 0 0 0 0 
4 0 0 0 0 0 0 0 0 
2 0 0 0 0 0 0 0 0 
6 0 0 0 0 0 3 0 0 
-1 0 0 -1 0 0 0 0 0 
0 0 0 0 0 0 0 0 0 
-1 0 0 0 0 0 0 0 0 
0 0 0 0 0 0 0 0 0 
6 0 0 0 0 0 0 0 0 
16 0 0 0 0 0 2 0 0 
8 0 0 0 0 0 0 0 0 
6 0 0 0 0 0 0 0 0 
9 0 0 0 0 0 0 0 0 
0 0 0 0 0 0 0 0 0 
0 0 0 0 0 0 0 0 0 
13 0 -1 0 0 0 0 0 0 
0 0 0 0 0 0 0 0 0 
6 0 0 0 0 0 1 0 0 
31 0 0 0 0 0 0 0 0 
22 0 0 1 0 0 2 0 0 
15 0 0 2 0 0 6 0 0 
28 0 0 0 0 0 7 0 0 
33 0 6 20 20 6 20 0 2 
29 0 0 0 0 0 7 0 0 
38 0 0 0 0 0 3 0 0 
21 0 0 0 0 0 0 0 0 
2 0 0 2 0 0 3 0 2 
14 0 0 0 0 0 0 0 0 
1 0 0 0 0 0 0 0 0 
0 0 0 0 0 0 0 0 0 
9 0 0 0 0 0 0 0 0 
0 0 0 0 0 0 0 0 0 
0 0 0 0 0 0 0 0 0 
2 0 -1 0 0 0 0 0 0 
2 0 0 0 0 0 0 0 0 
8 0 0 0 0 0 0 0 0 
20 0 0 0 0 0 0 0 0 
0 0 0 0 0 0 0 0 0 
3 0 0 0 0 0 0 0 0 
1 0 0 0 0 0 0 0 0 
7 0 0 0 0 0 0 0 0 
0 0 0 0 0 0 0 0 0 
1 0 0 0 0 0 0 0 0 
0 0 0 0 0 0 0 0 0 
0 0 0 0 0 0 0 0 0 
0 0 0 0 0 0 0 0 0 
0 0 0 0 0 0 0 0 0 
0 0 0 0 0 0 0 0 0 
0 0 0 0 0 0 0 0 0 
0 0 0 0 0 0 0 0 0 
0 0 0 0 0 0 0 0 0 
0 0 0 0 0 0 0 0 0 
0 0 0 0 0 0 0 0 0 
0 0 0 0 0 0 0 0 0 
4 0 0 0 0 0 0 0 0 
0 0 0 0 0 0 0 0 0 
1 0 0 0 0 0 0 0 0 
-1 0 0 0 0 0 0 0 0 
2 0 0 -1 0 0 0 0 0 
0 0 0 0 0 0 0 0 0 
16 0 0 0 0 0 0 0 0 
0 0 0 0 0 0 0 0 0 
6 0 0 0 0 0 0 0 -2 
15 0 0 0 0 0 0 0 0 
0 0 0 0 0 0 0 0 0 
0 0 0 0 0 0 0 0 0 
9 0 0 0 0 0 0 0 0 
0 0 0 0 0 0 0 0 0 
0 0 0 0 0 0 0 0 0 
3 0 0 0 0 0 0 0 0 
0 0 0 0 0 0 0 0 0 
0 0 0 0 0 0 0 0 0 
2 0 0 0 0 0 3 0 0 
0 0 0 0 0 0 0 0 0 
3 0 0 0 0 0 2 0 0 
7 0 0 0 0 0 0 0 0 
16 0 0 -1 0 0 0 0 0 
0 0 0 0 0 0 0 0 0 
4 0 0 0 0 0 0 0 0 
0 0 0 0 0 0 0 0 0 
2 0 0 0 0 0 0 0 0 
6 0 0 0 0 0 0 0 0 
0 0 0 0 0 0 0 0 0 
2 0 0 0 0 0 0 0 0 
6 0 0 0 0 0 0 0 0 
0 0 0 0 0 0 0 0 0 
0 0 0 0 0 0 0 0 0 
2 0 0 0 0 0 0 0 0 
0 0 0 0 0 0 0 0 0 
5 0 0 0 0 0 0 0 0 
8 0 0 0 0 0 0 0 0 
0 0 0 0 0 0 0 0 0 
5 0 0 0 0 0 0 0 0 
0 0 0 0 0 0 0 0 0 
0 0 0 0 0 0 0 0 0 
0 0 0 0 0 0 0 0 0 
2 0 0 0 0 0 0 0 0 
0 0 0 0 0 0 0 0 0 
2 0 0 0 0 0 3 0 0 
2 0 0 0 0 0 0 0 0 
2 0 0 0 0 0 0 0 0 
2 0 0 0 0 0 0 0 0 
9 0 0 0 0 0 0 0 0 
8 0 0 0 0 0 0 0 0 
0 0 0 0 0 0 0 0 0 
0 0 0 0 0 0 0 0 0 
0 0 0 0 0 0 0 0 0 
0 0 0 0 0 0 0 0 0 
0 0 0 0 0 0 0 0 0 
0 0 0 0 0 0 0 0 0 
0 0 0 0 0 0 0 0 0 
0 0 0 0 0 0 0 0 0 
0 0 0 0 0 0 0 0 0 
0 0 0 0 0 0 0 0 0 
0 0 0 0 0 0 0 0 0 
0 0 0 0 0 0 0 0 0 
0 0 0 0 0 0 0 0 0 
13 0 0 0 0 0 0 0 0 
0 0 0 0 0 0 0 0 0 
0 0 0 0 0 0 0 0 0 
2 0 0 0 0 0 0 0 0 
2 0 0 0 0 0 0 0 0 
0 0 0 0 0 0 0 0 0 
0 0 0 0 0 0 0 0 0 
0 0 0 0 0 0 0 0 0 
0 0 0 0 0 0 0 0 0 
0 0 0 0 0 0 0 0 0 
5 0 0 -1 0 0 0 0 0 
0 0 0 0 0 0 0 0 0 
7 0 0 0 0 0 0 0 0 
7 0 0 -2 0 0 0 0 0 
2 0 0 0 0 0 0 0 0 
0 0 0 0 0 0 0 0 0 
0 0 0 0 0 0 0 0 0 
0 0 0 0 0 0 0 0 0 
16 0 0 0 0 0 0 0 0 
-1 0 0 0 0 0 0 0 0 
1 0 0 0 0 0 0 0 0 
0 0 0 0 0 0 0 0 0 
3 0 0 -1 0 0 0 0 0 
0 0 0 0 0 0 0 0 0 
13 0 0 0 0 0 0 0 0 
0 0 0 0 0 0 0 0 0 
10 0 0 0 0 0 15 0 1 
-7 0 0 -3 0 0 0 0 0 
0 0 0 0 0 0 0 0 0 
-3 0 0 0 0 0 1 0 0 
-24 0 0 0 0 0 0 0 0 
0 0 0 0 0 0 0 0 0 
3 0 0 0 0 0 0 0 0 
0 0 0 0 0 0 0 0 0 
2 0 0 0 0 0 0 0 0 
1 0 0 0 0 0 0 0 0 
-17 0 0 0 0 0 0 0 0 
0 0 0 0 0 0 0 0 0 
-2 0 0 0 0 0 0 0 -3 
0 0 0 0 0 0 0 0 0 
-3 0 0 0 0 0 0 0 0 
1 0 0 0 0 0 0 0 0 
0 0 0 0 0 0 0 0 0 
0 0 0 0 0 0 0 0 0 
-2 0 0 0 0 0 0 0 0 
-10 0 0 0 0 0 1 0 0 
-2 0 0 0 0 0 0 0 0 
0 0 0 0 0 0 0 0 0 
-7 0 0 0 0 0 0 0 0 
0 0 0 0 0 0 0 0 0 
-1 0 0 0 0 0 0 0 0 
2 0 0 0 0 0 0 0 0 
0 0 0 0 0 0 0 0 0 
-4 0 0 0 0 0 -1 0 0 
-25 0 0 0 0 0 0 0 0 
-2 0 0 0 0 0 0 0 0 
-4 0 0 0 0 0 0 0 0 
-3 0 0 0 0 0 0 0 0 
-4 0 0 0 0 0 0 0 0 
-2 0 0 0 0 0 0 0 0 
-4 0 0 0 0 0 0 0 0 
-1 0 0 0 0 0 0 0 0 
0 0 0 0 0 0 -3 0 0 
-11 0 0 0 0 0 0 0 0 
0 0 0 0 0 0 0 0 0 
-3 0 0 0 0 0 0 0 0 
-7 0 0 0 0 0 0 0 0 
-7 0 0 3 5 0 0 0 0 
-1 0 0 0 0 0 0 0 0 
-3 0 0 0 0 0 0 0 0 
-2 -2 0 0 0 0 0 0 0 
4 0 0 0 0 0 10 0 0 
-24 0 0 0 0 0 0 0 0 
0 0 0 0 0 0 0 0 0 
-1 0 0 0 0 0 0 0 0 
-8 0 0 0 0 0 0 0 0 
0 0 0 0 0 0 0 0 0 
0 0 0 0 0 0 0 0 0 
0 0 0 0 0 0 0 0 0 
0 0 0 0 0 0 0 0 0 
-3 0 0 0 0 0 7 -2 0 
-14 0 0 0 0 0 0 0 0 
0 0 0 0 0 0 0 0 0 
-1 0 0 0 0 0 -1 0 0 
-4 0 -3 0 0 0 0 0 0 
0 0 0 -1 0 0 0 0 0 
0 0 0 0 0 0 0 0 0 
-7 0 0 0 0 0 -1 0 0 
0 0 0 0 0 0 0 0 0 
0 0 0 0 0 0 0 0 0 
-15 0 0 0 0 0 0 0 0 
0 0 0 0 0 0 0 0 0 
0 0 0 0 0 0 0 0 0 
-2 0 0 0 0 0 0 0 0 
5 0 0 0 0 0 0 0 0 
-1 0 0 0 0 0 0 0 0 
0 0 0 0 0 0 0 0 0 
0 0 0 0 0 0 0 0 0 
2 0 0 0 0 0 0 0 0 
0 0 0 0 0 0 0 0 0 
-2 0 0 -3 0 0 0 0 0 
1 0 0 0 0 0 0 0 0 
-2 0 0 0 0 0 0 0 0 
0 0 0 0 0 0 0 0 0 
0 0 0 0 0 0 0 0 0 
-11 0 0 0 0 0 0 0 0 
-2 0 0 0 0 0 0 0 0 
-4 0 -3 -3 0 0 4 0 0 
-29 0 0 0 0 0 0 0 0 
0 0 0 0 0 0 0 0 0 
-2 0 0 0 0 0 0 0 0 
-13 0 0 0 0 0 0 0 0 
0 0 0 0 0 0 0 0 0 
0 0 0 0 0 0 0 0 0 
-3 0 0 0 0 0 0 0 0 
0 0 0 0 0 0 0 0 0 
0 0 0 0 0 0 0 0 0 
-7 0 0 0 0 0 0 0 0 
0 0 0 0 0 0 0 0 0 
0 0 0 0 0 0 0 0 -3 
0 0 0 0 0 0 0 0 0 
0 0 0 0 0 0 0 0 0 
0 0 0 0 0 0 -2 0 0 
-3 0 0 0 0 0 0 0 0 
0 0 0 0 0 0 0 0 0 
1 0 0 0 0 0 0 0 -3 
-22 0 0 0 0 0 -2 0 0 
-4 0 0 0 0 0 0 0 0 
2 0 0 0 0 0 0 0 0 
-7 0 0 0 0 0 0 0 0 
-1 0 0 0 0 0 0 0 0 
0 0 0 0 0 0 0 0 0 
-1 0 0 0 0 0 0 0 0 
0 0 0 0 0 0 0 0 0 
-2 0 0 0 0 0 0 0 0 
-5 0 0 0 0 0 0 0 0 
0 0 0 0 0 0 0 0 0 
-1 0 0 0 0 0 0 0 0 
0 0 0 0 0 0 0 0 0 
0 0 0 0 0 0 0 0 0 
0 0 0 0 0 0 0 0 0 
-2 0 0 0 0 0 0 0 0 
0 0 0 0 0 0 0 0 0 
0 0 0 0 0 0 0 0 0 
-11 0 0 1 0 0 0 0 0 
0 0 0 0 0 0 0 0 0 
-2 0 0 0 0 0 0 0 0 
-8 0 0 0 0 0 0 0 0 
-7 0 0 -4 8 0 0 0 0 
-1 0 1 0 0 0 0 0 0 
-2 0 0 0 0 0 0 0 0 
0 0 0 0 0 0 0 0 0 
0 0 0 0 0 0 7 0 0 
-6 0 0 0 0 0 0 0 0 
0 0 0 0 0 0 0 0 0 
-1 0 0 0 0 0 0 0 0 
0 0 0 0 0 0 0 0 0 
0 0 0 0 0 0 0 0 0 
0 0 0 0 0 0 0 0 0 
-6 0 0 0 0 0 0 0 0 
1 0 0 0 0 0 0 0 0 
-2 0 0 0 0 0 3 0 0 
-14 0 0 0 0 0 0 0 0 
0 0 0 0 0 0 0 0 0 
-1 0 0 0 0 0 0 0 0 
-8 0 0 0 0 0 0 0 0 
0 0 0 0 0 0 0 0 0 
0 0 0 0 0 0 0 0 0 
0 0 0 0 0 0 0 0 0 
0 0 0 0 0 0 0 0 0 
0 0 0 0 0 0 0 0 0 
0 0 0 0 0 0 0 0 0 
0 0 0 0 0 0 0 0 0 
0 0 0 0 0 0 0 0 0 
0 0 0 0 0 0 0 0 0 
0 0 0 0 0 0 0 0 0 
0 0 0 0 0 0 0 0 0 
0 0 0 0 0 0 0 0 0 
0 0 0 0 0 0 0 0 0 
0 0 0 0 0 0 0 0 0 
-1 0 0 0 0 0 1 0 0 
-4 0 0 0 0 0 0 0 0 
0 0 0 0 0 0 0 0 0 
-8 0 0 0 0 0 0 0 0 
0 0 0 0 0 0 0 0 0 
0 0 0 0 0 0 0 0 0 
-16 0 0 0 0 0 0 0 0 
0 0 0 0 0 0 0 0 0 
-6 0 0 0 0 0 6 0 0 
-17 0 0 0 0 0 0 0 0 
-3 0 0 0 0 0 0 0 0 
-1 0 0 0 0 0 0 0 0 
-2 0 0 0 0 0 0 0 0 
0 0 0 0 0 0 0 0 0 
1 0 0 0 0 0 0 0 0 
0 0 0 0 0 0 0 0 0 
0 0 0 0 0 0 0 0 0 
0 0 0 0 0 0 0 0 0 
-18 0 0 0 0 0 0 0 0 
0 0 0 0 0 0 0 0 0 
0 0 0 0 0 0 0 0 0 
-1 0 0 0 0 0 0 0 0 
1 0 0 0 0 0 0 0 0 
0 0 0 0 0 0 0 0 0 
1 0 0 0 0 0 0 0 0 
0 0 0 0 0 0 0 0 0 
0 0 0 0 0 0 0 0 0 
0 0 0 0 0 0 0 0 0 
0 0 0 0 0 0 0 0 0 
0 0 0 0 0 0 0 0 0 
0 0 0 0 0 0 0 0 0 
0 0 0 0 0 0 0 0 0 
0 0 0 0 0 0 0 0 0 
0 0 0 0 0 0 0 0 0 
0 0 0 0 0 0 0 0 0 
-1 0 0 0 0 0 0 0 0 
-18 0 0 0 0 0 0 0 0 
-2 0 0 0 0 0 0 0 0 
0 0 0 0 0 0 0 0 0 
0 0 0 0 0 0 0 0 0 
0 0 0 0 0 0 0 0 0 
0 0 0 0 0 0 0 0 0 
-5 0 0 0 0 0 0 0 0 
-2 0 0 0 0 0 0 0 0 
0 0 0 0 0 0 0 0 0 
-2 0 0 0 0 0 0 0 0 
0 0 0 0 0 0 0 0 0 
0 0 0 0 0 0 0 0 0 
-2 0 0 0 0 0 0 0 0 
-2 0 0 0 3 0 0 0 0 
0 0 0 0 0 0 0 0 0 
1 0 0 0 0 0 0 0 0 
0 0 0 0 0 0 0 0 0 
0 0 0 0 0 0 0 0 0 
0 0 0 0 0 0 0 0 0 
0 0 0 0 0 0 0 0 0 
0 0 0 0 0 0 0 0 0 
0 0 0 0 0 0 0 0 0 
0 0 0 0 0 0 0 0 0 
0 0 0 0 0 0 0 0 0 
0 0 0 0 0 0 0 0 0 
0 0 0 0 0 0 0 0 0 
0 0 0 0 0 0 0 0 0 
-21 0 0 0 0 0 0 0 0 
-2 0 0 0 0 0 0 0 0 
-3 0 0 0 0 0 0 0 0 
-18 0 0 -2 0 0 0 0 0 
0 0 0 -3 0 0 0 0 0 
-5 0 0 0 0 0 0 0 0 
-11 0 0 0 0 0 0 0 0 
0 0 0 0 0 0 0 0 0 
0 0 0 0 0 0 -2 0 0 
-32 0 0 0 0 0 0 0 0 
0 0 0 0 0 0 0 0 0 
-8 0 0 0 0 0 0 0 0 
-6 0 0 0 0 0 0 0 0 
-7 0 0 0 0 0 0 0 0 
0 0 0 0 0 0 0 0 0 
-3 0 0 0 0 0 0 0 0 
0 0 0 0 0 0 0 0 0 
0 0 0 0 0 0 0 0 0 
-25 0 0 0 0 0 0 0 0 
-8 0 0 0 0 0 0 0 0 
-6 0 0 0 0 0 0 0 0 
-27 0 0 0 0 0 0 0 0 
-5 0 0 -7 -1 0 0 0 0 
-7 0 0 0 0 0 0 0 0 
-21 -1 0 -9 0 0 1 0 0 
-15 -2 0 0 0 0 0 0 0 
-16 -5 -4 -10 0 0 -12 0 -18 
0 21 -23 -11 17 -36 6 7 -15 
-1 3 -17 -5 14 -4 9 14 -4 
0 9 -2 -12 13 -12 5 14 -12 
-2 3 -22 -9 -2 -10 10 22 -4 
-2 11 -13 -1 23 -4 9 8 -4 
0 17 -11 0 0 0 5 13 -17 
1 6 -8 -7 4 -11 3 9 -8 
0 0 0 0 15 -2 17 0 -1 
0 2 -2 -7 4 -7 2 2 -16 
-2 0 -14 -4 2 -3 10 -1 0 
-3 -2 -8 -3 7 0 12 0 -3 
0 8 -1 -6 13 0 5 5 -17 
-4 7 -9 -8 4 -7 11 0 -6 
1 10 -14 0 14 -14 6 13 -10 
0 -1 0 -2 7 0 6 0 -11 
0 3 -10 -2 3 1 17 3 -1 
-2 -2 -10 -4 5 -7 0 0 0 
-1 4 -8 -13 5 0 4 -1 -13 
1 11 0 -11 1 2 3 5 -4 
0 16 -5 -6 25 -6 4 14 0 
1 3 0 -13 2 0 -7 2 -7 
0 0 1 -13 0 0 3 2 3 
0 5 -6 0 24 4 9 5 3 
0 13 2 0 0 0 0 8 -4 
2 2 -11 -4 2 -2 2 0 -5 
0 0 -11 -4 6 -4 5 0 -1 
-1 6 -5 -7 3 -5 0 12 -15 
-1 0 -8 -15 7 -3 1 -1 -1 
-1 -1 -12 -4 0 0 -1 0 -3 
0 0 4 -13 0 0 6 0 -4 
-3 -1 0 0 0 0 10 -2 0 
-3 0 -4 9 5 0 -1 -1 -4 
2 6 -8 -1 0 0 4 6 -4 
0 9 0 1 5 -2 1 1 0 
0 0 -2 0 6 0 4 0 0 
-2 1 -9 4 4 -5 2 0 -19 
-2 -4 -2 -3 1 0 4 -1 -2 
-3 -2 -1 -7 0 0 0 0 -1 
0 7 -3 4 7 1 9 5 -5 
1 2 -9 -6 -1 -6 9 10 -8 
2 14 -23 3 27 -6 10 15 -14 
2 1 -4 -17 0 0 3 12 -11 
0 5 -2 0 0 0 5 -1 0 
-1 0 -1 -2 0 -2 0 0 0 
-1 0 -1 -3 4 0 6 0 -4 
0 0 -1 -9 0 0 3 -3 0 
0 0 0 -4 -2 0 9 0 -1 
-2 -1 0 -10 1 0 -1 0 -6 
-3 0 0 -3 0 0 12 0 0 
-2 0 0 -17 10 0 12 0 0 
0 0 0 0 0 0 0 0 0 
0 3 0 -2 -3 0 8 0 0 
-3 0 -2 -13 0 -2 -1 0 0 
-1 1 -4 -11 0 -4 0 1 -23 
0 0 -1 -11 7 -7 2 1 1 
0 4 0 -1 6 0 3 2 -1 
0 10 -2 -4 2 -8 -3 1 -3 
0 0 -7 -5 0 -1 0 1 -7 
2 2 -8 -3 26 -2 5 2 1 
-1 0 -3 2 0 0 -7 0 -5 
1 4 -1 -15 2 -1 2 0 0 
0 3 0 -8 6 0 3 0 0 
2 0 1 -15 4 -4 -3 1 -6 
-1 -4 -1 -4 0 0 6 1 0 
0 -1 -3 -9 8 0 5 1 -5 
-1 9 -2 -5 -1 -1 -1 3 0 
0 2 -3 -6 0 1 0 0 0 
1 13 0 -1 25 -2 10 1 -2 
3 13 3 0 0 0 13 12 0 
0 2 0 -17 1 0 3 0 0 
0 0 0 0 0 0 0 0 0 
2 0 0 -14 0 0 12 0 -12 
1 7 0 -10 6 0 -2 4 0 
-1 1 -1 -10 10 -3 -4 7 0 
1 1 2 -7 1 0 -4 0 -2 
-1 1 2 -5 0 1 0 0 0 
0 2 0 -4 4 0 3 0 1 
0 0 1 0 0 0 2 0 -3 
-1 2 -5 -4 5 -5 11 3 2 
-2 -1 -8 -8 10 -7 13 0 2 
-2 7 -9 -13 9 -5 -1 7 -20 
-16 -5 -4 -7 0 0 -2 0 -2 
-9 0 0 2 0 0 0 0 0 
-14 0 0 -5 0 -2 -7 0 -7 
-3 -1 0 -1 0 0 0 0 -3 
-1 -1 0 3 0 -1 1 -1 -3 
-4 0 0 0 0 0 0 0 0 
-15 0 0 -4 0 0 0 0 0 
-3 0 0 0 0 0 0 0 0 
0 0 0 0 0 0 0 0 -2 
-15 0 0 1 0 0 0 0 0 
-2 0 0 0 0 0 0 0 0 
-5 0 0 0 0 0 -7 0 0 
-4 0 0 0 0 0 0 0 0 
-5 0 0 -5 0 -5 0 0 0 
-4 1 0 0 0 0 -2 0 0 
-5 0 0 0 0 0 0 0 0 
0 0 0 0 0 0 0 0 0 
0 0 0 0 0 0 0 0 0 
-12 0 0 -12 0 0 -4 0 0 
-1 -1 0 0 5 -1 5 0 0 
-12 0 0 -2 0 0 0 0 0 
-5 0 -4 -1 0 0 -1 0 0 
1 0 -2 12 0 0 0 0 0 
-5 0 0 0 0 0 -2 0 0 
-10 1 0 -3 0 -1 -3 0 0 
-5 0 0 0 0 -1 -2 0 -2 
-7 0 -13 -5 0 -9 -1 0 -13 
-4 0 0 1 0 0 0 0 0 
0 0 -5 0 2 0 1 0 -1 
-3 -1 -1 0 0 0 1 0 0 
-4 0 0 0 0 0 0 0 0 
0 0 0 17 2 0 0 0 0 
-4 -1 0 0 0 0 2 0 0 
-6 0 1 0 2 0 -1 0 0 
-7 0 0 0 0 0 0 0 0 
-6 5 -1 -1 2 0 -3 0 -6 
-1 -2 -2 -4 3 0 0 5 0 
10 0 -1 14 1 0 7 0 0 
-2 8 -1 1 2 -3 1 1 -10 
0 1 -1 9 -1 -2 3 3 -9 
2 -2 -3 5 28 -16 24 -3 -9 
5 -3 -1 -6 0 0 6 -2 -10 
0 -7 0 3 2 0 -3 0 0 
-16 0 0 0 1 0 0 0 0 
2 -5 0 -11 1 0 -3 0 -11 
-4 -1 -1 -1 0 0 0 0 0 
4 0 0 -2 0 0 0 0 0 
-11 0 0 0 0 0 0 0 0 
-9 0 0 0 0 0 0 0 0 
0 0 0 -8 0 0 0 0 0 
0 0 0 0 0 0 0 0 0 
-3 -1 -1 0 0 0 0 0 0 
-12 0 0 -1 -1 0 -1 0 0 
-4 -7 0 0 0 -4 -9 -1 -10 
-12 0 0 1 0 0 0 0 0 
-10 0 0 0 0 0 0 0 0 
-7 0 0 0 0 -2 -1 0 -5 
-3 0 0 -5 0 0 0 0 0 
5 0 0 2 1 0 0 0 0 
-11 0 0 -1 0 0 0 0 0 
-18 0 0 -1 0 0 0 0 0 
-1 0 0 0 0 0 0 0 0 
0 0 0 -2 0 0 -10 0 -2 
-25 0 0 0 0 0 0 0 0 
-2 0 0 0 0 0 0 0 0 
-4 0 0 0 0 0 -5 0 0 
-6 0 0 0 0 0 -2 0 0 
-8 0 0 0 0 0 0 0 0 
0 0 0 0 0 0 0 0 0 
0 0 0 0 0 0 0 0 0 
0 0 0 0 0 0 0 0 0 
0 0 0 0 0 0 0 0 0 
-4 -1 0 -7 0 0 0 0 0 
2 0 0 2 0 0 0 0 0 
-11 0 0 -1 0 0 -1 0 0 
-19 0 0 0 0 0 0 0 0 
-8 0 0 -5 -1 0 0 0 0 
-11 0 0 0 0 0 -2 0 0 
-6 0 -1 -14 0 0 -2 0 0 
-11 0 0 -2 0 0 -2 0 0 
-8 -4 -10 0 0 0 -24 0 -16 
11 9 3 2 0 0 7 1 0 
8 0 0 0 1 0 0 0 0 
12 0 1 2 0 0 2 0 0 
8 0 0 0 0 0 4 0 0 
1 0 0 -7 0 0 5 0 0 
5 1 0 0 0 0 0 0 0 
6 0 -3 3 0 0 0 0 0 
2 0 0 -3 0 1 0 0 0 
0 0 4 1 0 0 0 0 -3 
14 2 0 4 3 0 1 0 0 
28 0 1 0 0 0 0 0 0 
0 3 0 2 2 -2 -3 0 -2 
8 0 0 0 0 0 4 0 0 
14 6 -2 3 9 0 15 9 0 
0 1 3 0 0 0 -4 2 -2 
11 0 -1 2 0 0 0 0 0 
13 0 0 0 0 0 0 0 0 
-1 1 0 0 2 0 -1 1 -1 
8 0 0 0 0 0 0 0 0 
1 0 0 0 0 0 0 0 0 
0 0 0 0 0 0 0 0 0 
8 2 0 0 0 0 0 0 0 
1 0 0 -10 4 0 0 0 0 
2 0 0 0 0 0 0 0 0 
8 0 0 -1 0 0 0 0 0 
3 0 0 -3 0 0 0 0 0 
9 4 0 0 2 0 -5 5 -4 
12 0 -1 0 0 0 1 0 0 
9 0 0 2 0 0 0 0 0 
9 0 1 0 0 0 0 0 0 
11 0 0 0 0 0 0 0 0 
8 0 0 15 0 0 2 0 0 
16 0 0 0 0 0 0 0 0 
10 0 -1 3 0 0 0 0 0 
0 0 0 0 0 1 0 0 0 
-2 0 1 1 0 0 5 0 -2 
15 0 0 3 0 0 0 0 0 
33 0 1 0 0 0 0 0 0 
-1 1 0 5 1 0 -2 0 0 
8 2 0 0 0 0 8 0 0 
13 10 3 25 26 2 12 1 0 
9 0 1 0 0 0 0 0 0 
30 0 0 0 0 0 5 0 0 
26 0 0 0 0 0 0 0 0 
6 0 0 0 0 0 10 0 0 
13 0 0 0 0 0 0 0 0 
5 0 0 0 0 0 0 0 0 
0 0 0 0 0 0 0 0 0 
0 0 0 0 0 0 0 0 0 
0 0 0 0 0 0 0 0 0 
0 0 0 0 0 0 0 0 0 
7 0 0 0 0 0 0 0 0 
2 0 0 -1 0 0 0 0 0 
12 0 0 0 0 0 0 0 -4 
7 0 0 0 0 0 2 0 0 
0 0 1 0 2 0 2 0 0 
0 0 1 0 0 0 -3 0 0 
8 0 2 -5 0 0 0 3 -4 
14 1 0 -3 10 0 11 0 0 
2 0 1 -12 0 0 0 0 -4 
3 0 3 0 0 0 0 0 0 
4 0 0 -2 0 0 0 0 0 
2 0 0 0 0 0 -21 0 -2 
5 0 0 0 0 0 1 0 0 
7 0 1 1 0 0 0 0 0 
0 0 -2 1 0 0 -3 0 0 
0 0 0 1 0 0 0 0 1 
12 5 3 3 18 4 7 0 2 
20 0 1 0 0 0 0 0 1 
10 0 1 0 0 0 0 0 1 
0 0 0 0 0 0 0 0 0 
8 0 0 0 0 0 0 0 0 
0 -1 0 0 0 -1 1 1 -1 
2 8 -3 -1 8 -4 0 3 0 
-11 0 0 -5 0 0 -14 0 0 
0 0 2 0 0 0 0 1 -1 
-2 3 11 5 10 2 2 0 2 
11 0 0 0 0 0 0 0 0 
0 8 -4 -4 12 -1 2 4 -2 
0 8 16 11 13 8 11 0 0 
-2 10 1 -18 7 5 -3 17 -23 
25 5 0 0 0 0 4 0 0 
0 0 0 0 0 0 0 0 0 
16 2 0 0 2 0 0 0 0 
12 0 0 0 0 0 4 0 0 
2 0 0 -2 0 0 0 0 0 
1 0 0 0 0 0 0 0 0 
16 0 0 0 0 0 0 0 0 
0 0 0 0 0 0 0 0 0 
4 0 0 0 0 0 1 0 0 
19 0 0 -2 0 0 0 0 0 
0 0 0 0 0 0 0 0 0 
20 2 0 0 2 0 -3 0 0 
5 0 0 0 0 0 0 0 0 
12 0 0 8 9 0 0 2 0 
3 0 0 0 0 0 0 0 0 
20 0 0 0 0 0 0 0 0 
0 0 0 0 0 0 0 0 0 
3 0 0 0 0 0 0 0 0 
16 0 0 0 0 0 2 0 0 
2 0 0 1 0 0 2 0 0 
11 0 0 0 0 0 0 0 0 
8 0 0 0 0 0 2 0 0 
-1 0 0 -6 0 0 0 0 0 
0 0 0 0 0 0 0 0 0 
17 0 2 -1 0 0 0 0 0 
0 0 0 0 0 0 0 0 0 
13 0 0 0 0 0 2 1 -6 
1 0 0 0 0 0 2 0 0 
3 -1 0 -1 0 0 2 -2 0 
7 0 0 0 0 0 1 0 0 
1 0 0 0 0 0 0 0 0 
4 0 0 -1 0 0 0 -2 0 
-1 0 0 0 0 0 0 0 0 
6 0 0 -7 0 0 0 0 0 
1 0 0 0 0 0 0 0 0 
1 0 0 -2 0 0 19 0 0 
1 0 0 -2 0 0 0 0 0 
2 0 0 0 0 0 0 0 0 
7 0 0 0 0 0 3 0 0 
14 2 0 0 0 0 6 0 0 
13 1 -1 0 7 0 16 0 -1 
14 0 0 -1 0 0 9 0 0 
6 0 0 0 0 0 0 0 0 
0 0 0 0 0 0 0 0 0 
2 0 0 0 0 0 5 0 0 
18 0 0 0 0 0 0 0 0 
2 0 0 0 0 0 0 0 0 
7 0 0 0 0 0 0 0 0 
-4 0 0 0 0 0 0 0 0 
4 0 0 0 0 0 0 0 0 
0 0 0 0 0 0 0 0 0 
5 0 2 1 0 0 1 0 0 
0 0 -2 0 1 0 0 0 0 
11 0 0 0 0 0 7 0 0 
34 0 0 0 0 0 0 0 0 
-3 0 0 0 0 0 0 0 0 
6 0 0 0 0 0 0 0 0 
9 0 0 0 0 0 2 0 0 
29 0 0 7 5 0 0 0 0 
4 0 0 0 0 0 0 0 0 
3 0 0 0 0 0 0 0 0 
3 0 0 0 0 1 0 0 0 
0 0 0 0 0 0 0 0 0 
25 0 0 0 0 0 0 0 0 
5 0 0 -3 0 0 0 0 0 
4 0 0 0 2 0 0 0 0 
10 0 0 0 0 0 2 0 0 
19 0 0 0 2 2 0 0 0 
9 0 0 0 0 0 0 2 0 
7 0 0 0 0 0 0 0 0 
0 0 0 0 0 0 0 0 0 
2 0 0 0 0 0 0 0 0 
11 0 0 0 0 0 1 0 0 
4 0 0 1 0 0 0 0 0 
9 0 0 0 0 0 0 0 0 
8 1 0 0 0 0 2 0 0 
7 0 0 -9 0 0 0 0 0 
1 0 0 0 0 0 0 0 0 
20 0 0 3 0 0 0 0 0 
2 0 0 -3 0 0 0 0 0 
11 1 0 -7 0 2 10 -1 -18 
16 0 0 0 0 0 2 0 0 
-1 0 0 -1 0 0 0 0 0 
0 0 0 0 0 0 0 0 0 
-1 0 0 0 0 0 1 0 0 
2 0 0 1 0 0 0 0 0 
1 0 0 0 0 0 0 0 0 
8 0 0 0 0 0 0 0 0 
0 0 0 0 0 0 0 0 0 
0 0 0 0 0 0 -1 0 0 
5 0 0 0 0 0 0 0 0 
0 0 0 0 0 0 0 0 0 
8 0 0 0 0 0 0 0 0 
0 0 0 0 0 0 0 0 0 
0 0 0 1 5 0 0 0 0 
0 0 0 0 0 0 0 0 0 
0 0 0 0 0 0 0 0 0 
0 0 0 0 0 0 0 0 0 
1 0 0 0 0 0 1 0 0 
5 0 0 0 0 0 0 0 0 
10 0 0 1 0 0 0 0 0 
5 0 0 0 0 0 0 0 0 
9 0 0 0 0 0 5 0 0 
-2 0 0 -2 0 0 0 0 0 
0 0 0 0 0 0 0 0 0 
0 0 0 0 0 0 0 0 0 
0 0 0 0 0 0 0 0 0 
14 0 0 0 0 0 9 0 0 
22 0 0 0 0 0 5 0 0 
14 2 0 5 0 0 2 0 0 
9 0 0 0 0 0 1 0 0 
19 0 0 0 0 0 0 0 0 
0 0 0 4 2 0 2 0 0 
1 0 0 0 0 0 1 0 0 
25 0 -1 5 0 0 0 0 0 
2 0 0 2 0 0 0 0 0 
3 0 0 0 0 0 6 0 0 
34 0 0 5 1 0 7 0 0 
29 0 0 6 0 0 10 0 0 
29 4 0 5 2 0 20 0 1 
28 3 3 0 0 0 18 0 3 
33 9 12 28 42 13 43 10 7 
35 0 2 0 0 0 22 0 0 
42 1 1 0 0 0 5 0 0 
30 0 0 -1 0 0 0 0 0 
7 3 1 3 0 0 16 1 4 
30 0 0 0 0 0 0 0 0 
7 0 0 0 0 0 0 0 0 
6 0 0 0 0 0 0 0 0 
21 0 0 0 0 0 2 0 0 
3 0 0 0 1 0 0 0 0 
0 0 0 0 0 0 0 0 0 
10 0 -2 0 0 0 0 0 0 
5 0 0 0 0 0 0 0 0 
18 0 0 0 0 0 13 0 -1 
26 0 0 0 0 0 0 0 0 
0 0 0 1 1 0 0 0 0 
8 0 0 0 0 0 0 0 0 
4 0 0 0 0 0 3 0 0 
12 0 0 5 5 0 0 0 0 
1 0 0 0 0 0 0 0 0 
2 0 0 0 0 0 0 0 0 
4 0 0 0 0 0 0 0 0 
0 0 0 0 0 0 2 0 0 
2 0 0 0 0 0 0 0 0 
0 0 0 0 0 0 0 0 0 
0 0 0 0 0 0 0 0 0 
2 0 0 0 0 0 0 0 0 
3 0 0 0 0 0 0 0 0 
0 0 0 0 0 0 0 0 0 
0 0 0 0 0 0 0 0 0 
0 0 0 0 0 0 0 0 0 
0 0 0 0 0 0 0 0 0 
9 0 0 0 0 0 0 0 0 
1 0 0 0 0 0 0 0 0 
1 0 0 0 0 0 0 0 0 
-1 0 0 0 0 0 0 0 0 
2 0 0 -2 0 0 0 0 0 
-1 0 0 0 0 0 0 0 0 
28 0 0 0 0 0 2 0 0 
-3 0 0 0 0 0 0 0 0 
14 0 2 0 0 0 7 0 -9 
30 0 0 0 0 0 0 0 0 
1 0 0 0 0 0 0 0 0 
4 0 0 0 0 0 0 0 0 
15 0 0 0 0 0 0 0 0 
0 0 0 1 0 0 0 0 0 
-1 0 0 0 0 0 0 0 0 
7 0 0 -1 0 0 0 0 0 
0 0 0 0 0 0 0 0 0 
0 0 0 0 0 0 4 0 0 
8 0 0 -1 0 0 7 0 0 
-1 0 0 0 0 0 0 0 0 
6 0 0 0 0 0 4 0 0 
15 0 0 0 0 0 0 0 0 
29 0 0 0 2 0 2 0 0 
1 0 0 0 0 0 0 0 0 
12 0 0 0 0 0 0 0 0 
0 0 0 0 0 0 0 0 0 
4 0 0 0 0 0 2 0 0 
18 0 0 0 0 0 0 0 0 
3 0 0 1 0 0 0 0 0 
6 0 0 0 0 0 0 0 0 
10 0 0 0 0 0 0 0 0 
0 0 0 0 0 0 0 0 0 
0 0 0 0 0 0 0 0 0 
8 0 0 0 0 0 0 0 0 
1 0 0 0 0 0 0 0 0 
13 0 0 0 0 0 3 0 0 
14 0 0 0 0 0 0 0 0 
0 0 0 0 0 0 0 0 0 
9 0 0 0 0 0 0 0 0 
-3 0 0 0 0 0 0 0 0 
0 0 0 0 0 0 0 0 0 
-1 0 0 0 0 0 0 0 0 
4 0 0 0 0 0 0 0 0 
0 0 0 -1 0 0 0 0 0 
3 0 0 0 0 0 10 0 0 
7 0 0 -1 0 0 0 0 0 
3 0 0 0 0 0 0 0 0 
5 0 0 0 0 0 1 0 0 
16 0 0 0 0 0 4 0 0 
14 1 2 -1 4 4 2 0 0 
1 0 1 0 0 0 0 0 0 
3 0 0 -1 0 0 0 0 0 
0 0 0 0 0 0 0 0 0 
1 0 0 0 0 0 0 0 0 
0 0 0 0 0 0 0 0 0 
0 0 0 0 0 0 0 0 0 
0 0 0 0 0 0 0 0 0 
0 0 0 0 0 0 0 0 0 
0 0 0 0 0 0 0 0 0 
0 0 0 0 0 0 0 0 0 
0 0 0 0 0 0 0 0 0 
0 0 0 0 0 0 0 0 0 
0 0 0 0 0 0 0 0 0 
22 0 0 0 0 0 0 0 0 
0 0 0 0 0 0 0 0 0 
6 0 0 0 0 0 0 0 0 
9 0 0 0 0 0 0 0 0 
6 0 0 0 2 0 0 0 0 
0 0 0 0 0 0 0 0 0 
0 0 0 0 0 0 0 0 0 
0 0 0 0 0 0 0 0 0 
0 0 0 0 0 0 0 0 0 
4 0 0 -1 0 0 1 0 0 
8 0 0 -3 0 0 0 0 0 
1 0 0 0 0 0 0 0 0 
11 0 0 0 0 0 1 0 0 
12 0 1 -6 0 1 0 0 0 
6 0 0 0 0 0 0 0 0 
3 0 0 0 0 0 0 0 0 
0 0 0 0 0 0 0 0 0 
1 0 0 0 0 0 0 0 0 
20 0 0 0 0 0 4 0 0 
-2 -1 -1 -1 0 0 0 0 0 
5 0 0 0 0 0 0 0 0 
2 0 0 0 0 0 3 0 0 
5 0 1 -6 0 0 0 0 0 
0 0 0 0 0 0 0 0 0 
24 0 0 -1 0 0 0 0 0 
0 2 1 0 1 -1 0 0 0 
18 0 0 -3 0 0 30 0 0 
-10 -2 -4 -15 0 -1 2 0 0 
-6 0 0 -2 0 0 0 0 0 
-6 0 -1 0 0 0 2 0 0 
-15 0 0 -2 0 0 1 0 0 
-2 0 0 -1 2 0 1 0 0 
-1 0 -1 0 0 0 2 0 0 
-3 2 -1 -2 0 0 0 2 0 
3 0 0 0 0 0 0 0 0 
0 0 0 0 0 0 0 0 0 
-17 0 -1 -1 0 0 0 0 0 
-2 0 0 0 0 0 0 0 0 
-8 0 0 0 0 0 2 0 -5 
-2 0 0 0 0 0 0 0 0 
-5 0 0 -3 0 0 1 0 0 
0 0 0 0 0 0 1 0 0 
-2 0 0 -2 0 0 2 0 0 
-2 0 0 0 0 0 0 0 0 
-4 0 0 -2 0 0 1 0 -2 
-9 0 -1 -1 0 -1 2 0 0 
-5 0 0 0 2 0 1 0 0 
2 0 0 0 0 0 0 0 0 
-6 0 -1 0 0 0 0 0 0 
-1 0 0 0 2 0 2 0 0 
-1 -1 0 0 0 0 0 0 0 
-2 0 0 0 0 0 0 0 0 
-3 0 0 0 0 0 0 0 0 
-10 0 -1 0 0 -1 -3 0 -3 
-23 0 0 0 0 0 0 0 0 
-8 0 0 0 0 0 0 0 0 
-8 0 0 0 0 0 0 0 0 
-11 0 0 0 0 0 0 0 0 
-11 0 0 0 0 0 0 0 0 
-6 0 0 0 0 0 0 0 0 
-9 0 0 0 0 0 0 0 0 
-6 0 0 0 0 0 0 0 0 
-4 0 0 -3 0 -2 -8 0 -5 
-22 0 0 -1 0 0 0 0 0 
-2 0 0 0 0 0 0 0 0 
-9 0 0 0 0 0 -3 0 0 
-9 0 0 0 0 0 1 0 0 
-14 0 0 0 12 0 2 3 0 
-2 0 0 -1 0 0 4 0 0 
-6 0 0 0 0 0 0 0 0 
-5 -4 0 0 0 0 0 0 0 
1 0 0 0 0 0 12 0 0 
-18 0 0 0 0 0 0 0 0 
0 0 0 0 0 0 0 0 0 
-3 0 0 0 0 0 0 0 0 
-21 0 0 0 0 0 0 0 0 
-1 0 0 0 0 0 0 0 0 
0 0 0 0 0 0 0 0 0 
-2 0 0 -2 0 0 0 0 0 
-3 0 0 -2 0 0 0 0 0 
-6 0 -1 0 0 0 14 -4 -4 
-6 0 0 -1 0 -1 0 0 0 
-1 0 0 0 0 0 0 0 0 
-2 -1 0 -1 0 0 -3 0 0 
-7 0 -7 0 0 0 -1 0 0 
-2 0 0 -7 0 0 0 0 0 
-1 0 0 0 0 0 0 0 0 
-10 2 0 -1 0 0 -3 0 0 
-1 0 0 0 0 0 0 0 0 
6 0 0 0 0 0 -2 0 0 
-18 0 0 0 0 0 0 0 0 
-1 0 0 0 0 0 0 0 0 
-1 0 0 0 0 0 0 0 0 
-6 0 1 -1 0 0 0 0 0 
8 0 0 -4 0 0 0 0 0 
-1 0 0 0 0 0 0 0 0 
0 0 0 0 0 0 0 0 0 
0 0 0 0 0 0 0 0 0 
4 0 0 0 0 0 1 0 0 
-1 0 0 0 0 0 0 0 0 
-4 0 0 -6 0 0 0 0 0 
3 0 0 0 0 0 0 0 0 
-4 0 0 0 0 0 0 0 0 
0 0 0 0 -2 0 1 0 0 
-1 0 0 0 0 0 0 0 0 
-10 0 -2 -4 0 0 0 0 0 
-4 1 0 -1 0 0 0 0 0 
-8 1 -4 -8 0 -2 6 1 -4 
-37 0 0 0 0 0 0 0 0 
-10 0 0 0 0 0 0 0 0 
-6 0 0 0 0 0 0 0 0 
-17 0 0 -2 0 0 0 0 0 
-1 0 0 0 1 0 0 0 0 
-1 0 0 0 0 0 0 0 0 
-8 0 0 0 0 0 0 0 0 
-3 0 0 0 0 0 0 0 0 
-1 0 0 0 0 0 0 0 0 
-19 0 0 -2 0 0 0 0 0 
0 0 0 0 0 0 0 0 0 
-1 0 0 0 0 0 0 0 -5 
-4 0 0 0 0 0 0 0 0 
-6 0 0 -5 -1 0 0 0 0 
-3 0 0 0 0 0 -2 0 0 
-5 0 0 0 0 0 0 0 0 
0 0 0 0 0 0 0 0 0 
0 0 0 0 0 0 0 0 -5 
-32 0 0 0 0 0 -5 0 0 
-7 0 0 0 0 0 0 0 0 
0 0 0 0 0 0 0 0 0 
-1 0 0 0 0 0 0 0 0 
-3 0 0 0 0 0 0 0 0 
-1 0 0 0 0 0 0 0 0 
-8 0 0 -1 0 0 0 0 0 
0 0 0 0 0 0 0 0 0 
-8 0 0 0 0 0 -3 0 0 
-9 0 0 0 0 0 0 0 0 
-1 0 0 0 0 0 0 0 0 
-1 0 0 0 0 0 0 0 0 
-3 0 0 0 0 0 0 0 0 
-1 0 0 0 0 0 0 0 0 
-1 0 0 0 0 0 0 0 0 
-6 0 0 0 0 0 0 0 0 
-5 0 0 0 0 0 0 0 0 
-5 0 0 0 0 0 0 0 0 
-21 0 0 3 0 0 0 0 0 
-2 0 0 0 0 0 0 0 0 
-4 0 0 1 0 0 -1 0 0 
-16 0 0 -2 0 0 2 0 0 
-14 -1 0 -13 13 0 3 3 0 
-3 0 2 -1 0 0 3 0 0 
-4 0 0 0 0 0 0 0 0 
0 0 0 0 0 0 0 0 0 
0 0 1 0 0 0 10 0 0 
-13 0 0 -1 0 0 0 0 0 
0 0 0 0 0 0 0 0 0 
-3 0 0 0 0 0 0 0 0 
-2 0 0 0 0 0 0 0 0 
-1 0 0 0 0 0 0 0 0 
0 0 0 0 0 0 0 0 0 
-12 0 0 -3 0 0 1 0 0 
0 0 -1 -1 0 -1 0 0 0 
-5 0 0 -1 0 0 7 0 0 
-16 0 0 0 0 0 0 0 0 
-1 0 0 0 0 0 0 0 0 
-3 0 -2 0 0 -2 -1 0 0 
-16 0 -2 -1 0 0 -1 0 0 
-1 0 0 -3 0 0 0 0 0 
0 0 0 0 0 0 -1 0 0 
0 0 0 -1 0 0 -1 0 0 
0 0 0 0 0 0 0 0 0 
0 0 0 0 0 0 2 0 0 
0 0 0 0 0 0 0 0 0 
0 0 0 0 0 0 0 0 0 
0 0 0 0 0 0 0 0 0 
0 0 0 0 0 0 0 0 0 
0 0 0 0 0 0 0 0 0 
0 0 0 0 0 0 0 0 0 
0 0 0 0 0 0 0 0 0 
0 0 0 0 0 0 0 0 0 
0 0 0 0 0 0 0 0 0 
-4 0 0 0 0 0 1 0 0 
-9 0 0 -3 0 0 1 0 0 
0 0 0 0 0 0 0 0 0 
-18 0 -2 0 0 -2 -1 0 0 
-3 0 0 -2 -1 0 -1 0 0 
0 0 0 0 0 0 0 0 0 
-18 0 0 -5 0 0 0 0 0 
-1 0 0 -2 0 0 0 0 0 
-11 0 0 0 0 0 10 0 -4 
-15 0 0 0 0 0 0 0 0 
-8 0 0 -1 0 0 0 0 0 
-2 0 0 0 0 0 0 0 0 
-5 0 0 0 0 0 0 0 0 
0 0 0 -1 0 0 0 0 0 
0 0 0 0 0 0 0 0 0 
-6 0 -1 0 0 0 0 0 0 
2 0 0 0 0 0 0 0 0 
0 0 0 0 0 0 -2 0 0 
-21 0 0 0 0 0 0 0 0 
-2 0 0 0 0 0 0 0 0 
-6 0 0 0 0 0 -4 0 0 
-7 0 0 0 0 0 0 0 0 
0 0 0 -8 4 0 1 0 0 
-3 0 0 0 0 0 2 0 0 
0 0 0 0 0 0 0 0 0 
-1 0 0 0 0 0 0 0 0 
-2 0 0 0 0 0 1 0 0 
0 0 0 0 0 0 0 0 0 
0 0 0 0 0 0 0 0 0 
0 0 0 0 0 0 0 0 0 
1 0 0 0 0 0 0 0 0 
0 0 0 0 0 0 0 0 0 
0 0 0 0 0 0 0 0 0 
0 0 0 0 0 0 0 0 0 
-1 0 0 0 0 0 0 0 0 
-4 0 0 0 0 0 -2 0 0 
-23 0 0 0 0 0 0 0 0 
-6 0 0 0 0 0 0 0 0 
-1 0 0 0 0 0 0 0 0 
-1 0 0 0 0 0 0 0 0 
-2 0 0 -2 0 0 0 0 0 
-6 0 0 0 0 0 0 0 0 
-9 0 0 0 0 0 0 0 0 
-3 0 0 0 0 0 0 0 0 
-5 0 0 -2 0 0 -3 0 0 
-8 0 0 -1 0 0 0 0 0 
-2 0 0 0 0 0 0 0 0 
-5 0 0 -2 0 0 0 0 -2 
-6 0 0 0 0 0 0 0 0 
-6 0 0 -6 10 0 0 0 0 
0 0 0 0 0 0 0 0 0 
2 0 0 -1 0 0 0 0 0 
0 0 0 0 0 0 0 0 0 
-2 0 0 0 0 0 0 0 0 
0 0 0 0 0 0 0 0 0 
0 0 0 0 0 0 0 0 0 
0 0 0 0 0 0 0 0 0 
0 0 0 0 0 0 0 0 0 
0 0 0 0 0 0 0 0 0 
0 0 0 0 0 0 0 0 0 
0 0 0 0 0 0 0 0 0 
0 0 0 0 0 0 0 0 0 
-1 0 0 0 0 0 0 0 0 
-23 0 0 -1 0 0 -1 0 0 
-8 0 0 0 0 0 -1 0 0 
-6 0 0 0 0 0 -2 0 0 
-25 0 0 -9 0 0 -4 0 0 
-5 0 0 -10 0 0 0 0 0 
-9 0 0 0 0 0 0 0 -2 
-22 0 0 0 0 0 0 0 0 
-8 0 0 -2 0 0 0 0 0 
-1 0 0 0 0 0 -6 0 0 
-36 0 0 -4 0 0 0 0 0 
-4 0 0 0 0 0 0 0 0 
-7 0 0 0 0 0 -4 0 0 
-17 0 0 -4 0 0 0 0 0 
-17 0 0 -11 0 0 0 0 0 
0 0 0 0 0 0 0 0 -2 
-10 0 0 0 0 0 0 0 0 
0 0 0 0 0 0 0 0 0 
-3 0 0 0 0 0 0 0 0 
-18 -1 0 -3 0 0 -2 0 -1 
-18 0 -1 -8 1 0 0 0 0 
-13 0 0 0 0 0 -1 0 0 
-38 0 0 -4 0 0 -6 0 0 
-14 -3 0 -24 -3 0 -2 0 0 
-15 0 0 0 0 0 0 0 0 
-23 -6 0 -22 0 0 1 0 0 
-30 -9 -6 -9 -1 0 0 0 0 
-16 -12 -14 -29 -5 -8 -24 -2 -40 
0 13 -16 -8 16 -32 7 16 -14 
-2 3 -17 -6 18 -11 9 13 -10 
1 12 -2 -9 13 -11 5 16 -13 
-2 6 -20 -11 -3 -25 7 20 -12 
-3 5 -17 -1 22 -8 9 11 -12 
0 11 -11 -1 2 0 4 12 -24 
1 8 -9 -7 6 -16 5 14 -9 
0 2 -4 -4 21 -5 21 0 -3 
2 9 0 -8 6 -8 2 8 -15 
-2 0 -13 -6 6 -10 4 0 -5 
-4 -3 -16 -1 8 -4 8 0 -10 
-1 8 -2 -6 9 -1 4 6 -19 
-5 3 -10 -22 4 -13 3 3 -12 
0 8 -17 -2 12 -16 4 9 -16 
-1 -1 -3 -9 9 0 5 1 -19 
0 2 -11 -4 4 0 12 9 -4 
-2 -2 -11 -6 3 -11 0 0 0 
-1 4 -6 -15 3 -3 3 0 -18 
1 11 -1 -7 3 -1 4 13 -9 
0 13 -7 -4 23 -16 5 15 -2 
1 10 1 -10 7 -1 2 8 -7 
0 5 0 -9 3 1 5 7 4 
0 6 -4 -2 21 0 7 6 6 
0 14 -1 0 0 0 2 4 -6 
3 6 -6 -4 6 -5 4 5 -1 
0 0 -11 -5 10 -9 15 0 -3 
0 11 -5 -4 6 -7 1 13 -14 
-2 0 -12 -13 9 -12 3 -1 -5 
-2 -2 -15 -3 3 -2 0 0 -9 
0 1 1 -13 2 -4 5 0 -11 
-3 -2 -2 -4 0 -4 10 -6 -1 
-5 -3 -12 4 9 -4 3 -3 -13 
0 5 -11 -3 0 0 4 4 -14 
0 7 -4 0 13 -6 2 4 0 
-1 0 -6 1 11 -1 3 0 0 
-1 6 -9 0 7 -11 2 1 -21 
-3 -4 -6 -3 4 -2 4 -2 -8 
-4 -5 -6 -8 0 -1 4 -2 -4 
-1 11 -4 0 16 2 4 12 -16 
0 3 -9 -9 -1 -16 7 13 -11 
0 10 -19 1 21 -8 8 13 -16 
0 4 -8 -21 0 0 5 11 -22 
0 3 -6 -1 -1 0 5 -1 -3 
-2 -1 -4 -7 -1 -5 0 0 0 
-1 0 -3 -7 8 -1 3 -1 -11 
0 2 -5 -8 0 -2 3 -2 -1 
-1 0 -4 -4 -1 -2 7 1 -5 
-1 2 -1 -9 4 -2 1 0 -12 
-2 -2 0 -10 -2 -1 11 -2 0 
-3 -1 -1 -17 13 -1 17 0 0 
0 0 0 0 0 0 0 0 0 
0 0 -3 -4 -7 -4 5 0 -1 
-4 -1 -7 -16 0 -7 0 0 0 
-1 2 -8 -14 0 -10 1 0 -27 
1 6 -2 -5 9 -11 6 7 4 
0 6 -3 -1 9 -2 5 7 -3 
0 16 -2 -5 6 -7 0 5 -7 
0 1 -7 -4 1 -7 0 2 -17 
0 4 -17 -2 27 -2 5 5 0 
0 0 -5 0 0 0 -2 0 -13 
2 10 -3 -11 6 -4 3 2 0 
0 6 0 -6 16 0 7 0 1 
3 4 4 -14 10 0 -2 3 -8 
0 -2 -2 -3 2 -1 6 4 -1 
0 0 -9 -3 11 -3 7 4 -12 
0 7 -1 -4 -3 -6 0 7 0 
-1 5 -2 -3 1 2 1 2 -1 
0 15 -2 -2 27 0 19 4 -3 
3 14 3 0 0 0 18 13 0 
0 2 -1 -13 1 0 3 -1 0 
0 0 0 0 0 0 0 0 0 
0 0 1 -16 -1 0 13 -1 -16 
1 9 0 -7 9 -2 1 11 0 
0 6 -6 -5 17 -9 -1 18 0 
3 4 4 -6 4 2 -4 4 -4 
-1 3 0 -5 0 1 0 1 0 
0 6 -2 -3 11 -2 7 0 4 
0 2 0 0 0 0 3 0 -6 
0 3 -6 -4 12 -7 7 9 3 
-1 0 -8 -7 16 -6 15 0 6 
-1 10 -9 -7 13 -9 -1 8 -18 
-9 -3 -13 -15 1 -7 -1 4 -4 
-10 0 -5 0 3 0 0 0 0 
-10 0 -1 -6 0 -9 -6 0 -16 
-5 -1 -4 -5 0 -1 0 -1 -8 
-2 -3 -2 1 0 -3 0 -3 -9 
-2 1 -1 -1 0 0 0 -2 -2 
-8 0 -3 -10 1 -1 0 0 -2 
-5 0 -1 -4 2 0 0 0 -2 
-1 0 0 -1 0 -1 -1 0 -8 
-13 0 1 0 0 0 0 0 0 
-8 0 0 0 0 0 0 0 0 
-4 0 0 0 0 -1 -6 0 -2 
-7 0 0 0 0 0 4 0 0 
-6 -1 -3 -10 0 -15 0 0 -2 
-4 4 -1 -1 0 0 0 -2 -2 
-7 0 0 -4 0 0 0 0 0 
-3 0 0 0 0 0 0 0 0 
-3 -1 -5 -2 0 -1 1 0 -6 
-9 0 -1 -19 0 -2 -4 6 0 
-1 -3 -5 2 16 -6 10 0 -2 
-10 -1 -1 -7 0 0 1 0 -3 
-8 0 -11 -5 0 0 -4 0 0 
-1 -1 -4 7 1 0 0 0 0 
-6 0 0 0 0 0 0 0 -2 
-5 3 0 -3 0 -2 0 0 0 
-3 0 -5 1 2 -5 -1 0 -6 
-7 0 -21 -9 0 -23 -1 -2 -24 
-6 -1 -3 -1 0 0 -1 0 -2 
0 0 -9 -1 6 0 0 0 -4 
-2 -3 -2 -1 0 -2 0 0 0 
-4 0 0 0 0 0 0 0 0 
-3 0 -1 16 6 -3 0 0 0 
-4 -3 -2 0 0 0 4 -2 0 
-3 3 0 1 9 -2 -1 6 -1 
-4 0 1 -2 4 -2 0 0 -1 
-5 14 -3 -1 7 -1 -1 4 -16 
-2 -2 -6 -2 7 -4 0 7 0 
3 -1 -6 18 3 0 5 -2 -3 
-3 10 -5 0 9 -8 0 3 -17 
-2 1 -4 2 -4 -8 1 7 -24 
1 -2 -8 2 25 -23 19 -5 -22 
-2 -10 -6 -7 -5 0 5 -5 -27 
-3 -10 0 2 5 0 -4 -1 -4 
-18 -1 -4 -3 1 -2 0 0 0 
-4 -12 -3 -20 1 -1 -2 -8 -29 
-8 -4 -5 -4 0 -1 -2 0 0 
3 0 -4 -5 0 0 -2 0 -1 
-8 -1 1 -1 0 0 -7 0 -3 
-12 0 -1 0 0 0 0 0 0 
-3 -1 -1 -13 0 0 0 0 0 
0 0 0 0 0 0 0 0 0 
-3 -3 -3 -4 1 0 0 0 0 
-15 -2 -2 -5 -3 -1 -4 0 0 
-7 -7 -4 -3 -2 -9 -6 -3 -26 
-9 -1 -4 -5 0 0 -2 0 0 
-12 0 -3 0 0 0 0 0 0 
-8 -1 0 -2 0 -4 -3 0 -7 
-9 0 0 -7 0 0 0 0 0 
3 -2 0 0 5 -3 0 0 -1 
-9 1 0 -3 0 0 0 0 0 
-11 1 0 -6 0 0 0 0 0 
-4 -1 0 -1 0 -1 0 0 0 
-1 0 0 -4 0 0 -13 0 -9 
-22 0 -1 0 0 0 0 0 0 
-10 0 0 0 0 0 0 0 0 
-4 1 0 0 0 -1 -3 0 0 
-7 0 0 0 0 0 -2 0 0 
-11 0 0 -1 0 0 -1 0 0 
-1 1 0 0 0 0 2 1 0 
0 0 0 0 0 0 0 0 0 
0 0 0 0 0 0 0 0 0 
0 0 0 0 0 0 0 0 0 
-8 -3 0 -9 0 -1 -1 0 0 
0 -1 -4 -1 0 -2 -2 -1 -2 
-10 0 -3 -2 0 -3 -1 0 0 
-21 -1 0 -2 0 0 -3 0 0 
-16 -1 -2 -12 0 -4 0 0 0 
-15 0 -2 0 0 0 0 0 0 
-5 0 -4 -14 -1 -1 -6 0 -2 
-17 -1 -2 -7 -1 -2 -1 0 0 
-7 -11 -23 -4 -1 -5 -16 -3 -31 
9 16 3 4 0 -4 9 7 -2 
4 0 -2 3 6 -2 3 2 0 
12 10 4 6 1 3 9 2 0 
5 4 0 -1 0 0 9 0 -1 
1 1 0 0 5 0 6 3 0 
5 11 0 0 0 0 2 4 -1 
6 3 -3 2 2 0 1 2 0 
1 2 1 -1 2 1 1 0 0 
1 1 6 2 2 0 1 1 -8 
8 6 0 1 13 -1 6 0 -1 
13 0 3 0 5 -1 2 0 0 
0 9 0 -3 6 -5 -4 0 -5 
4 1 -1 0 0 0 4 1 -4 
8 17 -5 1 23 3 18 15 0 
4 5 6 -1 0 0 -3 8 -5 
7 0 -2 3 0 -1 2 0 0 
10 2 0 0 1 0 0 0 0 
1 3 2 -1 8 0 -2 3 -6 
13 2 0 -1 0 0 3 0 0 
3 0 -1 -1 -1 0 0 0 0 
5 0 0 0 0 0 0 0 0 
7 5 0 0 0 0 3 0 0 
2 0 0 -5 13 -1 2 0 0 
3 0 0 0 0 0 0 0 0 
16 0 1 -2 0 0 0 0 0 
2 1 0 -5 3 1 0 0 0 
10 12 4 -3 9 4 -7 6 -4 
8 1 -1 0 0 -1 4 0 0 
6 0 -1 2 0 0 0 0 0 
9 1 4 0 0 3 3 0 0 
7 1 0 0 0 0 0 0 0 
5 0 -1 10 5 -1 2 0 0 
13 1 0 0 0 0 1 2 0 
11 0 0 8 1 0 0 0 0 
1 -1 0 0 0 2 0 0 0 
-1 1 2 0 0 0 6 0 -5 
8 2 -3 1 2 0 1 2 -1 
17 0 1 0 1 0 1 0 0 
0 7 1 5 2 -2 0 3 0 
5 10 0 0 0 0 11 4 0 
8 25 9 19 38 5 22 7 1 
13 2 5 0 0 0 5 3 0 
22 2 0 0 1 0 3 1 0 
22 2 0 0 0 0 0 0 0 
7 0 2 -2 0 0 19 1 -1 
17 0 1 0 0 0 2 0 0 
4 0 0 -2 0 0 0 0 0 
4 0 0 0 0 0 0 0 0 
0 0 0 0 0 0 0 0 0 
0 0 0 0 0 0 0 0 0 
0 0 0 0 0 0 0 0 0 
11 0 0 -2 0 0 0 0 0 
1 0 0 -4 0 0 0 0 0 
11 2 0 -2 0 0 3 0 -6 
6 3 0 0 0 0 5 1 -1 
2 0 0 0 7 0 4 0 0 
0 1 2 -1 1 2 -3 1 -3 
4 -1 2 -3 0 -2 0 10 -12 
6 5 -3 -2 20 -2 7 2 -7 
0 0 1 -12 0 0 2 0 -11 
4 0 4 0 0 0 0 0 0 
1 0 0 -7 0 0 0 0 0 
6 0 0 0 0 0 -28 0 -11 
5 2 -1 0 0 1 3 1 -1 
5 2 3 3 2 0 5 0 0 
1 2 -6 0 1 0 -7 0 -1 
3 0 -1 2 0 0 1 0 1 
11 14 8 5 35 10 9 3 3 
19 6 7 -1 0 0 4 8 3 
14 0 2 1 0 0 0 0 2 
0 0 0 0 0 0 0 0 0 
15 1 0 0 0 0 2 0 -2 
1 0 0 0 1 -4 0 5 -5 
2 14 -5 0 20 -7 0 12 -2 
-4 2 0 -6 1 1 -15 -1 -1 
2 1 4 1 0 0 0 4 -3 
3 10 12 3 27 7 9 3 7 
9 1 0 0 0 0 3 1 -4 
0 11 -4 -2 31 -3 4 13 -5 
1 11 15 1 34 10 23 0 0 
-1 13 1 -15 17 5 -2 25 -21 
16 16 0 1 2 0 14 5 0 
0 0 -1 -2 2 0 3 0 0 
16 6 0 -1 7 2 4 3 0 
7 0 -1 0 2 0 4 0 0 
3 0 -1 -2 2 0 1 0 0 
3 0 0 0 0 0 0 0 0 
15 4 1 0 2 0 3 2 1 
0 0 0 -1 1 0 1 0 0 
9 0 1 0 2 2 4 0 0 
12 1 0 -5 1 0 4 0 -1 
-1 0 -2 0 0 0 0 0 -1 
14 6 0 0 6 0 -8 0 -2 
6 0 0 0 0 0 1 0 0 
8 2 -1 6 23 -2 1 4 0 
7 0 1 0 0 0 3 0 0 
15 0 0 0 0 0 0 0 0 
0 0 -1 0 0 -1 0 0 0 
4 0 -1 0 0 0 1 0 -1 
14 2 0 0 1 0 7 2 0 
5 1 0 4 3 0 8 0 0 
13 0 2 0 1 0 2 0 0 
4 1 0 -1 0 0 4 0 -1 
0 2 0 -4 0 1 -1 0 0 
1 1 3 0 0 0 3 0 0 
14 3 6 -2 1 1 0 0 0 
0 1 -1 -2 4 -2 1 0 0 
10 0 0 0 1 -1 7 4 -4 
0 1 -1 -2 0 0 5 0 2 
0 -3 -2 -4 3 0 4 -3 0 
5 1 -2 -1 0 -1 0 0 1 
0 2 -1 0 0 0 0 1 0 
0 0 0 -3 1 0 0 -3 -1 
-3 0 -1 0 0 0 0 0 0 
5 0 1 -4 1 0 0 0 0 
3 0 0 -1 0 0 0 0 0 
5 1 0 -1 0 0 17 1 -1 
-1 0 0 -5 0 0 0 0 0 
-1 0 0 0 0 0 0 0 0 
3 1 -2 -2 2 0 8 0 -2 
7 6 0 1 1 0 13 0 0 
8 2 -4 -2 19 0 30 1 -5 
9 2 -1 -3 0 0 14 0 0 
5 1 0 0 0 0 4 0 0 
-1 0 0 -1 0 -1 0 0 0 
4 1 -2 -3 0 0 14 0 -3 
17 1 0 0 0 0 3 0 0 
3 0 0 0 1 0 0 0 0 
13 1 0 0 0 0 1 0 0 
-2 -1 0 0 0 0 0 0 0 
1 0 0 -3 0 0 0 0 0 
0 0 0 0 0 0 0 0 0 
6 0 7 1 1 0 4 0 0 
-1 -2 -5 -2 3 -1 0 0 0 
10 0 -2 -2 0 0 15 0 -3 
18 1 0 0 2 0 4 2 0 
1 0 0 0 0 0 0 0 0 
13 2 3 0 1 0 3 0 2 
7 2 0 0 2 1 3 0 -2 
24 1 -1 9 15 3 1 2 -1 
11 1 1 0 0 0 0 0 0 
9 0 1 1 0 0 1 0 0 
9 0 1 2 2 6 0 0 0 
4 0 1 0 2 0 3 1 1 
17 0 1 -1 0 0 2 2 0 
1 0 -2 -1 0 0 1 0 -1 
10 1 0 0 5 0 0 0 0 
6 0 0 -3 0 0 4 0 0 
10 2 0 -6 8 6 2 0 0 
9 1 1 0 0 0 5 6 0 
17 0 0 0 0 0 0 0 0 
0 0 0 0 0 0 0 0 0 
6 0 1 -1 0 0 0 0 -3 
16 0 1 0 0 0 7 0 0 
7 0 1 5 3 -1 6 0 0 
15 0 0 0 0 1 -1 0 0 
6 4 -1 -5 0 0 5 0 0 
6 0 1 -11 1 2 1 0 2 
4 0 0 0 0 0 0 0 0 
19 0 0 8 1 -1 0 0 0 
1 0 -1 -3 0 -1 0 0 -1 
13 5 0 -12 1 2 12 -2 -18 
15 1 -1 0 0 0 8 0 0 
-2 0 0 -2 0 0 3 0 0 
3 0 0 0 2 0 1 1 0 
3 0 0 0 0 0 5 0 0 
6 0 0 4 1 0 0 0 0 
5 1 0 0 0 0 2 0 0 
11 0 0 0 0 0 1 0 0 
1 0 0 0 0 0 0 0 0 
3 0 0 0 2 0 -1 0 0 
6 0 0 -1 0 0 2 0 0 
0 0 0 0 0 0 0 0 0 
4 0 0 0 0 0 -2 -1 0 
0 0 0 0 0 0 0 0 0 
2 0 0 -1 12 -1 0 0 0 
0 0 0 0 0 0 0 0 0 
4 0 0 0 0 0 0 0 0 
0 0 -1 0 0 0 0 0 0 
4 0 0 0 0 0 0 -1 0 
12 2 0 0 0 0 0 2 0 
13 1 1 7 1 0 2 0 0 
7 0 0 0 0 0 0 0 0 
3 0 0 -1 0 0 1 0 0 
-1 0 1 -2 0 0 0 0 0 
1 0 0 0 0 0 0 0 0 
4 0 0 0 0 0 0 0 0 
2 0 0 3 0 0 0 0 0 
15 0 0 1 0 0 24 5 0 
22 3 2 0 0 0 7 0 0 
13 7 -1 14 2 0 5 0 -2 
13 0 0 -2 0 1 4 1 -1 
18 0 0 0 0 0 1 0 0 
2 0 -1 11 12 0 5 0 0 
5 1 -1 0 0 0 4 1 0 
23 0 0 13 0 0 0 0 0 
6 1 0 8 0 0 0 0 0 
6 1 2 2 2 1 15 0 -2 
25 1 0 11 11 0 20 1 0 
22 1 0 11 4 0 25 0 0 
28 15 0 8 9 0 29 3 3 
20 12 5 2 2 0 24 6 6 
23 23 14 25 45 12 48 24 14 
29 3 7 0 0 0 35 4 0 
32 4 2 4 3 -1 6 0 0 
25 1 3 -3 0 1 0 0 0 
13 8 5 0 0 -1 34 4 3 
33 2 0 2 1 0 6 0 0 
16 0 0 7 1 0 2 0 0 
17 1 0 0 0 0 2 0 0 
24 0 0 0 0 0 5 0 0 
7 0 0 0 6 0 0 0 0 
0 0 0 0 0 0 0 0 0 
19 3 1 1 0 0 1 1 0 
7 -1 0 0 0 0 0 0 0 
22 1 0 -1 0 0 35 0 -2 
18 2 0 -1 0 0 3 0 0 
2 0 0 2 5 0 1 0 0 
11 0 1 0 0 0 1 0 0 
7 0 0 0 0 0 8 0 0 
10 0 0 15 19 0 -1 1 0 
6 0 0 0 0 0 0 0 0 
6 0 0 0 0 0 1 0 0 
10 0 0 0 0 0 0 0 0 
3 0 0 0 0 0 9 0 0 
4 0 0 -3 0 0 0 0 0 
0 0 0 0 0 0 0 0 0 
-2 0 0 -1 0 0 0 0 0 
6 0 0 0 0 0 1 0 0 
7 0 0 -3 0 0 1 0 0 
0 0 0 0 0 0 0 0 0 
0 0 0 0 0 0 0 0 0 
0 0 0 0 0 0 0 0 0 
0 0 0 0 0 0 0 0 0 
10 0 0 1 0 0 0 0 0 
3 3 1 2 1 0 0 0 0 
3 1 0 0 1 0 1 0 0 
1 0 -1 -1 0 0 4 1 0 
-1 0 0 -6 2 0 1 0 0 
-3 0 0 0 0 0 0 0 0 
24 0 0 2 0 0 7 0 0 
-6 0 -1 0 0 -1 0 0 0 
17 3 3 -2 0 -1 18 -1 -14 
32 0 0 0 0 0 5 0 0 
3 0 0 2 0 0 2 0 0 
14 0 0 0 0 0 3 0 0 
11 0 0 0 0 0 2 0 0 
0 0 0 3 1 0 0 0 0 
0 0 0 0 0 0 0 0 0 
11 0 0 -2 0 0 0 0 0 
0 0 0 0 2 0 0 0 0 
0 0 0 0 0 0 10 0 0 
14 2 0 -4 0 0 10 0 0 
-3 0 0 0 0 0 0 0 0 
6 0 0 0 0 0 6 0 0 
16 0 0 0 0 0 0 0 0 
23 5 0 2 13 0 15 0 0 
5 0 0 0 0 0 0 0 0 
16 0 0 0 0 0 0 0 0 
0 0 0 0 0 0 0 0 0 
4 0 0 0 0 0 7 0 0 
28 1 0 0 1 0 2 0 0 
9 0 0 4 1 0 0 0 0 
7 0 0 0 1 0 0 0 0 
10 0 0 0 0 0 0 0 0 
2 1 0 -1 0 1 0 0 0 
1 0 0 0 0 0 0 0 0 
17 3 2 0 0 0 0 0 0 
2 1 0 1 1 0 0 0 0 
18 1 0 -1 0 1 10 1 -1 
13 0 0 0 0 0 2 0 1 
0 1 -1 -2 3 0 3 2 0 
7 0 0 0 0 0 1 0 0 
-5 1 -1 0 0 0 0 1 0 
-1 0 0 -3 0 0 4 0 0 
-3 1 0 0 0 0 0 -1 0 
4 0 0 0 1 0 0 0 0 
0 0 -1 -3 1 0 0 0 0 
4 0 0 0 0 0 16 -1 -2 
10 0 -2 -3 0 0 4 0 0 
2 0 -2 0 0 0 3 0 0 
6 0 0 -3 0 0 6 0 -1 
13 3 0 0 0 0 12 1 0 
12 3 4 -5 14 11 7 0 0 
6 1 3 0 0 0 1 1 0 
6 0 0 -2 0 0 0 0 0 
0 0 0 0 0 0 0 0 0 
4 1 0 -2 0 0 3 0 0 
0 0 0 0 0 0 0 0 0 
0 0 0 0 0 0 0 0 0 
0 0 0 0 0 0 0 0 0 
0 0 0 0 0 0 0 0 0 
0 0 0 0 0 0 0 0 0 
0 0 0 0 0 0 0 0 0 
0 0 0 0 0 0 0 0 0 
0 0 0 0 0 0 0 0 0 
0 0 0 0 0 0 0 0 0 
17 3 0 0 0 0 0 0 0 
0 1 0 1 0 0 0 0 0 
16 0 0 0 0 0 4 0 1 
18 0 0 -1 0 0 2 0 0 
11 0 0 2 4 -1 2 0 0 
2 0 0 0 0 0 2 0 0 
4 0 1 1 0 0 0 0 0 
3 1 0 2 0 2 0 0 0 
0 0 0 1 0 1 2 1 0 
8 0 0 -5 0 0 7 0 0 
4 0 -2 -4 0 0 1 0 0 
2 2 0 -1 0 0 1 0 -1 
7 0 -1 -3 0 -2 4 0 0 
8 0 1 -8 4 4 0 0 0 
8 2 1 0 0 0 6 2 0 
9 0 0 0 0 0 0 0 0 
0 0 0 0 0 0 0 0 0 
3 1 1 0 0 0 0 1 0 
16 3 0 0 1 0 10 0 0 
0 -4 -2 0 3 -1 0 0 0 
9 0 0 0 0 0 0 0 0 
2 0 -2 -5 0 0 9 0 -1 
2 1 2 -13 1 0 2 0 1 
0 -1 -3 0 0 0 0 -1 0 
22 0 0 -4 1 1 2 4 0 
0 4 -1 -1 3 -3 0 0 -1 
14 0 1 -7 -1 -2 30 1 -3 
-12 -5 -11 -27 -1 -8 6 2 -2 
-10 -2 -1 -5 3 0 -1 -1 0 
-6 0 -5 -2 0 -2 3 0 -4 
-10 -4 0 -6 -1 0 0 -2 -2 
-7 -1 -3 -5 4 -1 0 0 -1 
-4 0 -4 -2 0 0 4 -1 -2 
-4 5 -3 -7 0 0 0 6 0 
0 0 0 -2 2 0 0 0 0 
0 2 2 0 0 -2 0 0 -2 
-15 0 -3 -6 0 -1 0 0 0 
-7 -1 -2 0 0 -1 0 -1 0 
-11 0 0 -1 0 0 2 1 -6 
-7 -1 -3 0 0 0 1 0 0 
-7 -2 -2 -7 2 -1 3 1 -2 
-1 1 2 -2 0 0 3 0 0 
-1 0 0 -3 2 0 5 0 0 
-5 0 0 0 0 0 0 0 0 
-5 1 -1 -6 2 0 4 0 -8 
-7 2 -5 -6 0 -5 0 0 0 
-6 0 -2 0 7 0 2 0 0 
2 0 0 0 0 0 1 0 0 
-5 0 -4 0 -1 -1 0 0 0 
-4 0 -1 -1 8 -1 2 1 0 
-1 -4 0 0 0 0 0 -2 0 
-4 1 0 -4 0 0 0 0 0 
-8 0 -3 -2 0 -7 0 0 0 
-9 0 -3 -5 0 -5 -3 1 -12 
-18 -2 -4 -3 0 -2 0 0 0 
-15 -5 -3 -1 -2 -1 -1 -2 0 
-9 1 -2 -2 0 -2 0 0 -1 
-16 -1 -1 0 0 0 -1 0 0 
-14 0 0 -1 0 -3 0 0 0 
-9 0 -2 0 0 0 0 -1 0 
-11 0 -1 -3 0 0 0 0 0 
-11 0 0 0 0 0 0 0 0 
-9 1 -4 -11 0 -10 -12 0 -17 
-21 -2 0 -4 0 0 -1 0 0 
-8 0 0 0 0 0 1 0 0 
-15 -1 0 0 -1 0 -11 -1 -2 
-11 -1 0 -2 0 0 0 0 -1 
-14 -1 -3 -5 15 0 7 6 -1 
-1 0 0 -2 0 0 10 -1 -2 
-6 0 -1 0 0 0 1 0 0 
-6 -2 0 0 -1 0 0 0 0 
-2 0 -4 -1 0 0 10 -1 0 
-10 0 1 -2 -1 0 2 0 0 
-3 0 0 0 0 0 2 0 0 
-3 1 -1 0 0 0 0 0 0 
-26 0 0 0 0 0 0 0 0 
-4 0 0 0 0 0 0 0 0 
0 0 0 0 0 0 0 0 0 
-6 -2 0 -6 0 0 1 0 0 
-8 0 0 -5 0 -2 0 0 0 
-7 1 -4 -5 -1 0 15 -5 -13 
-2 1 0 -5 0 -4 3 0 0 
-3 0 0 0 0 0 0 1 0 
-1 0 0 -3 0 0 -3 1 -2 
-5 -1 -8 0 0 0 -3 0 0 
-6 0 -1 -12 -1 0 2 1 0 
-2 0 -2 0 0 0 0 -1 -1 
-5 8 0 -3 2 0 -1 0 0 
-3 0 0 0 0 0 0 0 0 
11 1 2 -1 2 3 -4 -1 0 
-14 0 -1 0 0 0 -1 0 0 
-5 0 -1 0 0 0 0 2 -1 
-5 -2 1 0 0 0 1 0 0 
-6 3 3 -4 0 0 0 0 0 
2 -1 0 -12 0 1 1 1 -1 
0 0 0 0 0 0 2 1 -1 
-1 0 0 0 0 0 0 0 0 
0 0 0 0 0 0 0 0 0 
2 0 2 -1 0 0 3 0 0 
0 1 0 0 0 0 0 1 0 
-2 0 -4 -4 4 -2 1 0 0 
5 1 2 -1 -1 0 0 0 0 
-5 0 -1 0 0 0 0 0 0 
-2 0 -1 -4 -3 0 3 0 2 
-1 0 0 0 0 0 1 0 0 
-5 0 -6 -13 0 -1 2 0 0 
-5 2 -1 -8 2 -1 0 0 0 
-7 2 -1 -12 -1 -5 4 4 -14 
-31 0 -2 -1 0 -1 1 0 0 
-26 -2 0 0 0 0 0 0 0 
-7 0 0 -1 0 0 0 0 0 
-17 0 0 -5 0 0 -2 0 0 
-5 0 0 -5 1 -1 0 0 -1 
-2 1 0 0 0 0 0 0 0 
-11 0 0 -1 0 0 0 0 0 
-8 0 0 0 0 0 0 0 0 
-4 0 -1 -1 0 -4 -1 0 -1 
-28 0 -1 -7 0 0 -1 0 0 
-2 0 0 0 0 0 0 0 0 
-5 0 0 0 0 0 -5 0 -4 
-13 0 0 0 0 0 0 0 0 
-15 0 0 -15 -3 -2 0 0 0 
-8 0 0 0 0 0 -2 0 0 
-4 0 0 0 0 0 0 0 0 
0 0 0 0 0 0 0 0 0 
-4 0 -1 0 0 0 0 -1 -5 
-28 0 0 -3 -1 0 -6 1 0 
-6 -1 0 0 0 0 0 1 0 
-3 0 0 -3 0 0 0 0 0 
0 0 -1 -1 0 0 0 1 0 
-3 -1 0 -2 0 0 0 1 0 
-3 0 0 0 0 0 0 0 0 
-14 0 0 -3 0 0 1 0 0 
-3 0 0 0 0 -1 0 0 0 
-12 0 -2 -3 -1 0 -4 0 -8 
-8 -1 -2 -1 0 -2 1 0 0 
-6 0 0 -1 0 0 0 0 0 
-1 0 -1 -1 0 0 -1 0 0 
-11 0 0 0 0 0 0 0 0 
-5 0 0 -2 0 0 0 0 0 
-5 0 0 0 0 0 0 0 0 
-10 0 0 -6 0 0 0 0 0 
-10 0 0 0 0 0 0 0 0 
-12 0 -4 -1 0 -2 -2 -1 -5 
-19 0 0 0 0 0 -1 0 0 
-10 -1 0 -3 0 0 -1 0 -2 
-5 0 -2 0 1 -2 -4 0 -9 
-17 -2 -2 -7 -1 0 4 0 -2 
-13 -3 0 -21 11 0 7 7 0 
-2 1 2 -3 0 0 8 0 -2 
-4 0 0 -3 -1 0 2 0 0 
1 -1 0 0 0 0 0 0 0 
0 1 2 -2 -1 0 13 0 0 
-13 1 0 -7 0 0 1 0 0 
-1 -1 0 -1 0 0 3 0 0 
-3 1 0 -2 0 0 3 0 -1 
-5 0 0 0 0 0 0 0 0 
-4 -3 0 0 0 0 0 0 0 
0 0 0 0 0 0 0 0 0 
-12 1 -5 -9 0 0 5 0 0 
-5 -3 -7 -2 0 -8 0 0 0 
-7 2 0 -5 0 0 7 0 -3 
-12 2 1 -4 0 0 0 0 0 
-5 0 0 1 0 0 0 0 0 
-4 0 -5 -1 1 -7 -2 -2 0 
-15 0 -5 -4 0 0 -4 0 0 
-5 0 0 -9 -3 0 1 0 0 
-1 0 -1 0 0 0 0 0 0 
0 0 0 -5 0 0 -3 0 0 
-1 0 0 -3 0 0 0 0 0 
1 1 0 0 0 1 7 0 0 
0 0 0 0 0 0 0 0 0 
0 0 0 0 0 0 0 0 0 
0 0 0 0 0 0 0 0 0 
0 0 0 0 0 0 0 0 0 
0 0 0 0 0 0 0 0 0 
0 0 0 0 0 0 0 0 0 
0 0 0 0 0 0 0 0 0 
0 0 0 0 0 0 0 0 0 
0 0 0 0 0 0 0 0 0 
-8 0 0 -5 0 0 1 0 0 
-11 0 -1 -4 1 0 2 0 0 
1 1 3 -3 2 0 0 0 0 
-19 0 -5 -1 0 -6 -6 0 0 
-9 0 0 -8 -6 0 -2 0 0 
0 0 0 0 0 0 0 0 0 
-12 0 -6 -14 0 -1 2 0 0 
-5 0 0 -9 0 0 0 0 0 
-11 -1 -1 -6 0 0 7 -2 -13 
-13 0 0 -6 0 0 0 0 0 
-13 0 0 -3 -2 0 -3 1 0 
-2 0 0 -2 0 0 0 0 0 
-7 -2 -2 0 0 0 0 0 0 
0 -3 0 -5 1 0 0 1 0 
-1 3 0 0 0 0 0 1 -2 
-14 0 -3 -3 0 0 0 0 0 
0 0 0 0 0 0 0 0 0 
-2 0 -2 -3 0 0 -5 0 0 
-15 0 -1 -4 0 -2 0 0 0 
-7 0 0 0 0 0 0 0 0 
-15 0 -1 -4 0 0 -13 0 -2 
-15 0 -1 -1 0 0 -1 0 0 
-5 0 0 -22 8 -1 4 0 0 
-8 -1 0 0 0 0 2 -2 0 
-1 0 0 1 0 0 0 0 0 
0 0 0 0 0 0 0 0 0 
-4 0 0 0 1 0 4 0 -2 
-2 0 0 -2 0 0 0 0 0 
2 0 0 0 2 0 2 0 0 
-1 0 0 0 0 0 0 0 0 
0 0 0 0 0 0 0 0 0 
0 -1 0 -2 0 0 0 0 0 
0 0 0 0 0 0 0 0 0 
0 0 0 0 0 0 0 0 0 
-3 0 0 0 0 0 0 0 0 
-4 1 1 0 0 0 -3 2 -3 
-18 -1 -1 0 0 0 0 0 0 
-11 0 0 0 0 0 -1 0 0 
-3 -1 0 0 0 0 -2 0 -1 
-4 0 -2 0 0 0 0 0 0 
-8 0 0 -10 1 0 0 0 0 
-13 0 0 0 0 0 0 0 -1 
-8 0 0 -4 0 0 0 0 0 
-3 0 0 0 0 0 0 0 0 
-15 0 0 -5 0 0 -11 0 -6 
-12 0 0 -5 0 0 -1 0 -1 
-8 0 0 0 0 0 -2 0 0 
-15 0 0 -5 0 0 -7 0 -5 
-9 -1 0 -2 0 0 -1 0 -1 
-10 -3 -2 -16 15 -1 3 2 0 
-1 0 0 0 0 0 1 0 0 
1 0 0 -4 0 0 0 0 0 
0 0 0 0 0 0 0 0 0 
-4 -1 -2 0 0 0 3 0 0 
-2 0 0 -2 0 0 0 0 0 
-1 0 0 0 0 0 0 0 0 
0 0 0 0 0 0 0 0 0 
0 0 0 0 0 0 0 0 0 
0 0 0 0 0 0 0 0 0 
0 0 0 0 0 0 0 0 0 
-6 0 0 -3 0 0 0 0 0 
0 0 0 0 0 0 0 0 0 
-3 0 0 0 0 0 0 0 0 
-21 -1 -4 -4 0 0 -6 0 0 
-16 0 0 -2 0 0 -2 0 0 
-7 -2 -2 -4 0 0 -7 -1 -2 
-23 -3 -1 -14 0 -1 -12 1 -3 
-15 0 -2 -16 0 0 0 0 -3 
-9 0 0 0 0 0 -3 0 -9 
-25 0 -1 -7 0 0 0 0 0 
-19 0 0 -6 0 0 0 0 0 
-3 0 0 0 0 0 -9 0 -4 
-30 0 0 -12 0 0 -3 0 0 
-11 0 0 -1 0 0 0 0 0 
-12 -1 0 0 0 -1 -16 0 -2 
-22 -2 0 -10 0 0 0 0 0 
-24 -4 -2 -29 0 -1 0 0 -1 
-2 1 0 0 0 0 0 0 -4 
-21 0 -2 -1 0 0 0 0 0 
0 0 0 0 0 0 0 0 0 
-10 0 0 -1 0 0 1 0 -2 
-14 -3 -1 -11 0 -3 -6 0 -11 
-21 -1 -9 -19 2 -5 -3 -1 -3 
-14 -1 0 -6 0 0 -7 0 -5 
-30 -4 -4 -15 0 -1 -14 1 -3 
-21 -7 -5 -42 -3 -2 -5 1 0 
-15 -3 -1 0 0 0 1 -1 0 
-18 -12 -3 -29 -2 -4 0 0 -5 
-29 -14 -16 -25 -4 -2 -1 0 -3 
-14 -15 -21 -42 -14 -21 -24 -6 -44 
0 14 -13 -7 14 -21 7 21 -11 
-3 1 -14 -7 20 -12 8 8 -13 
1 14 -1 -8 11 -9 6 13 -14 
-2 6 -12 -9 1 -26 6 14 -14 
-3 0 -16 -2 15 -11 6 9 -12 
0 6 -9 -6 6 0 5 6 -22 
1 10 -5 -6 7 -12 8 17 -5 
-1 6 -6 -8 21 -4 16 0 -4 
3 12 1 -7 7 -7 1 11 -12 
-3 1 -10 -7 9 -13 2 2 -9 
-4 -3 -17 -4 8 -10 3 0 -13 
0 6 -2 -7 5 -5 2 6 -16 
-5 0 -10 -24 7 -20 1 4 -12 
-1 2 -14 -3 10 -13 3 3 -14 
-1 0 -5 -14 8 0 2 1 -19 
0 1 -8 -7 -1 -4 7 10 -5 
-2 -2 -10 -10 3 -12 0 0 0 
-1 2 -3 -13 0 -8 2 0 -18 
1 8 -3 -4 6 -7 4 14 -9 
0 8 -8 -3 15 -17 4 9 -4 
2 14 1 -4 7 -2 7 12 -6 
0 8 -1 -6 8 0 5 10 2 
0 5 -2 -2 15 -2 6 8 3 
0 11 -3 0 0 0 5 2 -7 
4 8 -1 -3 8 -6 8 14 2 
0 2 -6 -4 12 -7 18 0 -2 
0 12 -2 -2 8 -6 2 11 -10 
-3 0 -11 -12 7 -19 2 0 -6 
-3 -2 -14 -2 6 -6 1 0 -11 
0 4 -1 -11 3 -9 3 1 -13 
-4 -3 -7 -8 -2 -12 5 -5 -4 
-6 -6 -15 0 10 -8 6 -3 -15 
0 1 -12 -2 2 0 3 1 -19 
0 3 -5 -1 13 -7 3 5 0 
-2 1 -5 0 12 -1 4 0 1 
0 8 -3 -2 6 -8 2 3 -17 
-4 -3 -8 -4 4 -5 1 -2 -11 
-6 -7 -12 -8 0 -2 4 -4 -6 
-2 9 -6 -5 15 -1 1 11 -21 
-1 3 -6 -8 1 -19 4 10 -10 
0 4 -11 0 13 -7 6 6 -12 
0 4 -8 -16 1 0 5 5 -23 
0 0 -6 -3 -1 0 3 0 -8 
-2 -2 -5 -9 -2 -5 0 0 0 
-1 2 -3 -9 4 -3 4 -1 -15 
-1 2 -6 -6 0 -8 2 0 -3 
-2 0 -9 -4 0 -6 2 1 -8 
0 5 -2 -7 5 -5 2 3 -11 
-2 -2 -1 -14 -4 -5 5 -3 0 
-2 -2 -3 -12 11 -1 14 0 1 
0 0 0 0 0 0 0 0 0 
0 -1 -5 -4 -5 -9 1 0 -3 
-4 -2 -8 -14 0 -8 1 0 -1 
0 1 -7 -13 -1 -10 2 0 -22 
1 9 -2 -5 8 -9 8 11 4 
0 5 -6 -1 9 -4 8 10 -3 
1 15 -1 -4 9 -4 1 7 -8 
0 3 -6 -5 2 -10 0 2 -16 
0 4 -17 -1 20 -2 3 7 -5 
0 1 -5 -2 0 0 0 0 -13 
2 10 -1 -8 7 -4 5 5 -1 
0 7 0 -4 18 0 4 0 1 
4 11 6 -8 12 4 2 7 -8 
0 0 -2 -3 3 -2 5 6 0 
-1 1 -11 -2 9 -6 7 6 -12 
0 4 0 -4 -1 -9 2 10 -3 
-1 6 -1 -2 5 0 2 3 -2 
0 10 -2 -3 21 1 18 7 -4 
2 9 1 -2 0 0 15 9 -2 
1 2 -1 -6 -3 -1 5 -2 1 
0 0 0 0 0 0 0 0 0 
0 0 0 -12 0 0 10 -2 -14 
2 9 0 -3 9 -5 2 12 0 
0 7 -9 -2 17 -11 3 17 -2 
4 7 3 -2 7 4 0 10 -2 
-1 3 -1 -5 0 0 2 3 0 
0 6 -5 -4 13 -3 7 2 3 
0 2 -1 0 0 0 4 0 -4 
0 4 -5 -3 11 -5 5 11 1 
-1 1 -5 -5 15 -4 12 0 7 
-1 10 -6 -6 12 -9 -1 6 -13 
-7 1 -17 -13 3 -18 2 12 -3 
-12 1 -14 -2 10 0 1 0 1 
-5 -2 -3 -9 0 -14 -3 0 -27 
-6 0 -7 -8 0 -3 0 -3 -9 
-2 -4 -2 0 0 -3 -1 -3 -13 
-2 2 -4 -4 0 0 0 -7 -7 
-4 0 -8 -10 3 -2 0 0 -6 
-5 0 -3 -7 7 -1 0 0 -6 
-1 0 0 -3 0 -4 -2 0 -14 
-11 0 2 -1 0 -2 0 2 -2 
-12 0 0 0 0 0 0 0 0 
-5 -1 -2 0 0 -2 -4 1 -7 
-10 0 -1 0 0 0 4 0 0 
-6 -2 -8 -8 0 -20 3 -1 -7 
-1 4 -4 -3 0 0 2 -6 -5 
-7 0 -4 -12 0 0 -2 2 0 
-9 0 0 0 0 0 0 0 0 
-3 -2 -13 -5 0 -3 1 -1 -17 
-7 1 -4 -16 0 -7 -3 15 0 
-1 -4 -12 3 21 -10 8 2 -6 
-6 -3 -2 -10 -1 0 1 0 -7 
-8 2 -11 -10 2 0 -6 0 0 
-1 -2 -5 0 3 0 0 0 0 
-5 0 -2 0 0 0 2 0 -4 
-2 4 -1 -1 1 -1 3 0 0 
-3 0 -13 1 7 -10 0 0 -8 
-5 2 -20 -9 0 -26 0 -3 -25 
-7 -2 -10 -4 -1 0 -2 0 -7 
-1 -1 -8 -2 8 2 -1 0 -7 
-2 -4 -1 -2 0 -5 -2 -2 -2 
-4 0 0 0 0 0 0 0 0 
-6 0 -4 6 6 -9 0 0 0 
-3 -3 -6 0 0 0 4 -3 -1 
-2 7 -4 2 15 -8 0 17 -4 
-2 0 2 -4 10 -6 0 0 -3 
-3 16 -2 0 8 -4 0 6 -18 
-3 -1 -6 -3 8 -9 1 5 -1 
-2 -4 -9 11 3 -2 1 -7 -8 
-3 8 -7 -3 13 -10 -1 3 -17 
-3 1 -6 -3 -6 -12 0 4 -25 
0 -2 -10 1 16 -19 9 -5 -23 
-4 -10 -9 -6 -12 0 3 -7 -31 
-3 -8 0 0 4 0 -4 0 -10 
-12 -2 -12 -9 0 -5 0 0 0 
-5 -11 -6 -20 -2 -4 0 -11 -33 
-8 -6 -9 -5 -2 -4 -3 0 0 
0 0 -12 -5 1 2 -4 -1 -3 
-5 -1 2 -4 0 0 -9 0 -8 
-11 0 -2 0 0 0 0 0 0 
-8 -5 -4 -15 0 0 0 0 0 
0 0 0 0 0 0 0 0 0 
-3 -4 -4 -4 2 1 -1 -1 0 
-14 -6 -6 -8 -2 -3 -4 0 0 
-5 -2 -11 -9 -7 -7 -3 -5 -29 
-8 -3 -12 -12 0 -2 -2 -2 0 
-10 2 -8 0 0 0 0 0 0 
-5 -2 0 -6 2 -2 -1 0 -11 
-8 -1 0 -9 0 0 -4 0 0 
0 -3 -2 -3 6 -7 1 0 -4 
-5 4 0 -1 0 0 0 1 0 
-6 3 -2 -10 0 0 0 0 0 
-7 -3 0 -2 0 -4 0 0 0 
-1 2 1 -3 0 0 -8 -2 -17 
-16 0 -4 -2 0 0 2 0 0 
-18 0 0 0 0 0 0 0 0 
-6 3 0 -1 0 -2 0 0 0 
-8 0 0 0 0 0 -3 0 0 
-10 -1 0 -3 0 -1 -4 0 0 
-1 3 -1 0 0 0 3 3 0 
0 0 0 0 0 0 0 0 0 
0 0 0 0 0 0 0 0 0 
0 0 0 0 0 0 0 0 0 
-7 -3 0 -9 0 -4 -3 0 0 
-1 -5 -8 -1 1 -6 -3 -3 -5 
-6 -2 -9 -1 0 -8 -1 0 0 
-16 -2 -2 -7 0 0 -8 0 0 
-16 -4 -5 -16 2 -12 -1 0 0 
-12 -1 -5 0 0 0 2 0 -1 
-4 0 -7 -9 -4 -2 -9 0 -5 
-15 -5 -6 -13 -2 -5 0 0 0 
-6 -10 -23 -12 -4 -13 -9 -5 -32 
7 18 4 3 0 -11 9 12 -5 
3 3 -6 2 10 -6 4 7 0 
9 26 6 9 3 6 20 5 1 
4 9 0 -2 0 0 7 0 -2 
0 1 0 2 12 -1 3 8 0 
4 24 0 -1 0 0 5 9 -3 
6 9 -2 0 6 0 3 7 0 
1 7 1 0 7 0 4 0 0 
2 2 5 2 6 2 1 3 -10 
5 7 -2 0 20 -5 9 0 -3 
6 0 4 0 13 -4 5 1 2 
0 12 0 -4 8 -4 -3 -1 -5 
2 3 -4 2 0 0 1 4 -11 
5 20 -5 0 25 4 15 18 -1 
4 11 3 -4 0 0 -1 15 -5 
6 0 -3 3 0 -5 5 -1 0 
7 7 -1 -2 3 -1 0 0 0 
2 2 4 -2 12 0 0 4 -9 
12 6 0 -2 0 0 9 0 0 
3 -1 -2 -1 -3 -1 0 0 0 
11 0 0 0 0 0 0 0 1 
6 6 1 0 0 0 5 0 0 
1 2 -1 -3 18 -3 6 0 0 
6 1 0 0 0 0 0 0 0 
15 0 3 -4 0 0 0 0 0 
2 3 0 -7 8 4 0 0 0 
9 15 11 -7 16 12 -2 9 -4 
7 4 0 0 0 -3 3 1 2 
2 2 -3 1 1 0 0 1 0 
8 5 6 0 -1 5 10 0 0 
2 1 -1 0 0 1 -1 2 -1 
1 -2 -3 5 10 -3 -1 -2 -1 
7 3 0 1 0 0 4 5 0 
7 1 0 7 3 0 1 0 0 
2 -2 0 1 0 1 0 0 0 
3 2 1 -3 1 0 6 -1 -6 
6 5 -6 0 7 0 6 7 -3 
8 0 0 1 4 0 4 1 0 
1 15 3 4 1 -3 1 9 1 
2 19 1 0 0 0 10 12 -4 
6 26 10 9 35 7 25 12 2 
12 5 8 -2 0 0 14 8 2 
14 7 1 1 4 0 2 4 0 
14 6 1 -2 0 2 0 0 0 
8 1 6 -5 1 -1 21 5 -3 
15 0 3 0 0 0 5 0 0 
4 0 -2 -2 -2 0 0 0 2 
9 0 0 0 0 0 2 0 1 
0 0 0 0 0 0 0 0 0 
0 0 0 0 0 0 0 0 0 
0 0 0 0 0 0 0 0 0 
9 0 0 -5 0 0 0 0 0 
2 0 0 -5 -2 0 0 0 0 
9 6 0 -5 0 0 8 1 -5 
6 11 -3 0 0 2 7 3 -3 
2 1 -4 0 12 2 2 0 0 
1 4 2 -3 5 3 0 4 -8 
3 0 -2 -6 0 -5 0 15 -16 
2 7 -9 -2 23 -4 2 3 -18 
1 0 -2 -9 0 0 5 2 -14 
5 0 4 -1 0 0 1 0 0 
1 0 3 -10 0 1 1 0 0 
7 0 0 -1 0 1 -18 0 -21 
5 6 -3 -1 1 2 5 3 -3 
3 7 4 4 7 1 15 0 0 
2 6 -6 -2 4 0 -5 1 -4 
3 2 -1 2 0 0 1 -2 -2 
6 18 6 3 33 11 10 8 0 
16 16 13 -2 0 0 11 21 3 
12 0 1 4 0 0 0 0 1 
0 0 0 0 0 0 0 0 0 
15 4 0 0 0 0 6 0 -6 
1 3 0 -1 2 -7 0 9 -8 
1 13 -6 0 21 -6 2 17 -7 
1 6 0 -6 3 4 -2 -3 -6 
2 6 3 1 1 4 0 6 0 
3 15 9 1 29 9 15 9 12 
7 3 2 0 0 0 8 3 -8 
1 9 -3 -1 33 -3 5 19 -3 
2 12 9 -4 37 8 18 0 -1 
-1 12 1 -9 21 4 -2 21 -15 
14 23 0 4 7 -2 19 13 0 
0 -1 -3 -3 5 0 8 1 1 
12 9 1 -1 12 5 10 8 -2 
2 1 -4 0 5 0 2 0 -1 
1 -1 -4 -1 6 0 3 0 0 
5 1 0 0 0 0 -1 0 0 
10 9 3 0 6 1 9 6 4 
1 1 0 -3 4 0 4 0 0 
10 1 5 -2 6 5 7 0 0 
6 2 1 -3 4 0 10 0 -3 
-3 -1 -5 0 0 0 1 -2 -4 
7 7 -2 0 6 0 -9 0 -5 
4 0 0 0 0 0 4 0 0 
3 5 -3 3 22 -4 4 3 0 
7 0 2 -1 0 0 8 0 0 
6 0 0 0 0 0 -1 -1 0 
-1 0 -3 -2 0 -3 0 0 0 
5 2 -2 2 0 0 1 -1 -3 
12 5 -1 0 3 2 9 5 0 
5 4 -2 6 8 0 11 0 0 
10 0 6 0 4 1 6 0 1 
0 3 -1 -3 0 0 4 1 -4 
1 7 -1 -3 1 5 -1 -2 0 
2 4 9 0 0 0 8 0 0 
9 7 8 -1 3 4 0 0 0 
0 3 -5 -6 11 -6 5 0 0 
5 2 1 0 4 0 9 7 -2 
0 3 -3 -8 0 0 4 0 5 
-1 -3 -7 -4 8 0 2 0 1 
2 4 -5 -4 1 -5 0 0 4 
-1 5 -2 -1 0 0 0 4 0 
-2 0 0 -5 3 -1 1 -2 -2 
-3 0 -2 -1 0 0 2 -2 -1 
2 0 3 0 4 0 0 -2 0 
2 0 0 -2 0 0 0 0 0 
6 1 0 0 0 0 10 4 -3 
-3 0 0 -5 0 -1 0 0 0 
-5 0 -2 0 0 0 1 -1 0 
0 4 -4 -4 7 0 6 0 -6 
2 8 -2 3 3 0 13 0 -2 
3 2 -4 -2 23 -1 29 2 -8 
4 6 -3 -2 0 0 15 0 0 
3 1 2 -1 0 0 12 0 0 
-1 0 -1 -4 -1 -3 0 0 0 
4 2 -6 -7 -1 0 16 0 -7 
13 5 0 1 0 0 10 0 0 
3 0 0 0 3 0 2 0 0 
14 4 0 0 0 0 4 0 0 
0 -4 0 0 0 0 0 0 0 
-1 -1 0 -7 1 0 1 0 0 
0 0 0 0 0 0 0 0 0 
4 0 10 0 3 0 4 1 0 
-3 -5 -5 -7 3 -3 0 0 0 
6 0 -7 -6 0 -2 13 0 -6 
12 4 -2 0 6 0 12 5 0 
5 1 0 -3 0 0 2 1 0 
14 6 9 0 4 0 9 0 6 
9 7 1 -1 5 3 3 0 -6 
12 3 -4 9 21 5 2 5 -5 
13 3 4 0 0 0 0 0 2 
13 0 2 2 0 0 2 0 0 
9 0 5 5 5 12 0 0 0 
8 0 4 -1 6 0 9 3 3 
8 0 2 -3 0 0 6 5 0 
-1 -2 -6 -1 0 0 2 0 -3 
11 3 0 0 3 0 1 0 0 
3 0 0 -5 0 0 3 0 -1 
2 6 0 -8 13 7 6 2 0 
7 4 3 0 0 0 15 8 0 
18 0 2 0 0 1 0 0 0 
0 0 0 0 0 0 0 0 0 
6 0 1 -3 0 0 0 2 -9 
15 0 4 2 0 0 14 0 0 
9 0 2 9 8 -2 16 0 -1 
15 0 0 1 0 3 -1 0 0 
3 5 -4 -11 0 0 6 0 0 
3 1 4 -10 3 7 5 0 5 
5 0 3 0 0 0 0 -1 0 
12 0 0 9 4 -2 1 0 0 
0 2 -2 -3 -1 -4 0 0 -3 
11 10 0 -9 4 -1 10 0 -12 
11 4 -4 0 0 0 12 0 0 
-1 0 0 -1 -1 0 8 0 0 
6 0 -1 2 6 0 4 4 -1 
6 0 0 0 0 0 7 0 0 
6 0 0 5 3 0 0 0 0 
7 4 0 0 0 0 5 0 0 
10 0 -2 -1 0 1 4 1 0 
0 0 0 -2 0 0 0 0 0 
6 0 1 -1 6 0 1 0 0 
4 0 0 -5 1 0 5 0 0 
-3 0 1 0 0 0 0 0 0 
-1 0 0 0 0 0 -7 -4 0 
0 0 0 0 0 0 0 0 0 
3 1 0 -7 12 -2 0 0 0 
-2 0 0 0 0 0 2 0 0 
8 0 0 -1 0 0 1 0 0 
-2 0 -3 0 0 0 0 0 0 
6 0 0 -1 0 0 -3 -5 -1 
13 7 0 1 0 0 1 6 0 
11 4 3 14 4 0 6 0 0 
7 0 0 -1 0 0 1 0 -1 
-1 0 0 -4 0 0 -2 0 0 
1 1 3 -2 -1 0 0 0 0 
2 0 0 0 0 0 0 0 0 
8 1 0 0 0 0 0 0 0 
2 0 0 8 0 0 0 0 0 
10 0 0 3 1 1 26 13 0 
20 8 6 -1 0 -2 7 0 0 
8 11 -4 16 7 0 4 0 -6 
14 2 0 -2 0 2 5 3 -2 
11 0 0 0 0 0 3 0 0 
3 0 -2 12 22 -1 5 -2 0 
8 4 -2 0 0 0 4 4 0 
15 0 0 15 0 0 -1 0 0 
7 4 -2 10 0 0 0 0 0 
13 2 6 3 5 3 18 -1 -5 
16 3 0 11 24 1 23 3 -1 
11 3 -1 10 12 2 35 0 -1 
19 24 0 10 14 0 23 10 3 
13 18 4 3 6 -1 21 16 5 
14 25 11 17 35 8 37 25 15 
20 9 9 2 0 0 33 12 0 
20 4 1 8 9 -4 9 0 0 
15 4 6 -4 2 3 0 0 0 
14 9 9 -3 1 -1 37 5 0 
25 7 0 7 4 0 16 0 0 
18 0 0 16 3 0 5 0 0 
21 2 0 0 0 0 6 0 0 
17 0 0 0 0 0 4 0 0 
6 0 -1 0 11 -1 0 0 0 
0 0 0 0 0 0 0 0 0 
19 10 7 1 0 0 5 4 0 
6 -4 0 1 -2 1 0 0 0 
18 2 0 -3 0 0 39 0 -2 
11 6 -2 -4 0 0 9 0 0 
3 0 0 0 9 0 3 0 0 
11 0 4 0 0 0 4 0 -1 
10 0 0 0 0 0 9 0 0 
7 0 0 19 31 0 -4 2 0 
10 0 0 0 0 0 -1 0 0 
10 0 0 0 0 0 4 0 0 
9 0 0 0 0 0 0 0 0 
10 0 0 0 0 0 15 0 0 
3 -1 0 -9 1 0 0 0 0 
0 0 0 0 0 0 0 0 0 
-3 0 0 -4 0 0 0 0 0 
6 0 -1 0 0 0 3 0 0 
7 0 0 -10 0 -1 3 0 0 
0 1 -1 0 0 0 0 1 0 
0 0 0 0 0 0 0 0 0 
0 0 0 0 0 0 0 0 0 
0 0 0 0 0 0 0 0 0 
9 1 -1 3 0 0 1 0 0 
5 10 3 7 2 0 0 0 -1 
6 4 0 0 4 0 4 0 0 
2 1 -3 -5 0 0 8 2 0 
-3 -1 -1 -10 3 0 1 0 0 
-4 1 0 0 0 0 0 0 0 
14 2 -1 6 0 -1 10 0 0 
-6 0 -2 -1 -1 -3 0 0 0 
12 8 0 -5 0 -2 20 -2 -14 
23 0 0 -1 0 0 15 0 0 
3 -2 0 7 0 0 6 0 0 
20 2 0 0 0 0 8 0 0 
7 2 0 0 0 0 6 0 0 
2 0 0 4 2 0 1 0 0 
3 0 0 0 0 0 0 0 0 
12 0 2 -3 0 0 -1 0 0 
0 0 -2 2 5 -1 0 0 0 
5 0 -2 0 0 -1 10 -1 0 
14 4 0 -5 0 0 10 0 0 
-1 0 0 0 0 0 0 0 -1 
6 0 1 0 0 0 12 0 0 
9 1 1 0 0 0 0 0 0 
11 15 -1 4 24 1 29 2 0 
9 0 0 0 0 0 -2 0 0 
12 0 0 2 0 0 1 0 0 
0 0 0 0 0 0 0 0 0 
4 0 0 0 0 0 9 0 2 
27 2 0 0 3 0 7 0 0 
12 0 0 6 3 0 0 0 0 
7 0 0 0 3 -1 0 0 0 
9 0 0 0 0 0 -1 0 0 
3 2 0 -4 0 4 0 0 0 
2 0 0 0 0 0 0 0 0 
19 8 6 0 0 0 0 0 0 
5 2 0 3 5 0 0 0 0 
17 3 0 -4 0 2 15 3 0 
8 0 -2 -2 0 0 7 0 3 
0 2 -4 -2 8 0 9 7 0 
2 1 0 -1 0 0 1 1 0 
-4 3 -4 0 0 0 1 3 0 
-2 0 0 -8 0 0 11 0 0 
-2 2 0 0 0 0 2 -3 0 
2 0 0 1 4 0 0 -2 0 
1 0 -4 -2 4 0 0 0 0 
5 0 0 -2 0 0 14 -3 -8 
9 1 -7 -4 0 -2 8 0 1 
0 0 -6 -2 -1 0 8 0 0 
6 0 1 -8 0 0 8 0 -3 
5 7 -2 0 1 0 16 4 0 
5 3 4 -6 19 13 10 0 0 
8 3 2 0 0 0 3 3 0 
5 0 0 -1 0 0 0 0 0 
0 0 0 0 0 0 0 0 0 
5 4 0 -4 0 0 9 0 -2 
0 0 0 0 0 0 0 0 0 
0 0 0 0 0 0 0 0 0 
0 0 0 0 0 0 0 0 0 
0 0 0 0 0 0 0 0 0 
0 0 0 0 0 0 0 0 0 
0 0 0 0 0 0 0 0 0 
0 0 0 0 0 0 0 0 0 
0 0 0 0 0 0 0 0 0 
0 0 0 0 0 0 0 0 0 
9 10 -1 0 0 0 1 0 0 
3 3 0 3 0 0 0 0 0 
15 1 0 0 0 1 9 -1 3 
18 0 0 -4 0 0 6 -1 0 
13 0 -2 4 1 -4 7 1 0 
7 0 0 0 0 0 5 0 0 
7 0 2 4 0 0 0 0 0 
8 4 0 6 0 5 0 0 0 
1 0 0 4 0 3 8 4 2 
7 1 1 -9 0 0 14 0 0 
-1 -1 -7 -5 0 0 3 -1 -2 
2 4 0 -3 0 0 4 0 -4 
2 1 -4 -5 0 -5 7 0 -2 
3 1 -1 -7 12 5 2 0 0 
7 5 3 0 0 0 16 6 0 
10 0 0 0 0 0 0 0 0 
0 0 0 0 0 0 0 0 0 
4 3 3 0 0 0 -1 3 -2 
12 9 2 1 3 0 12 0 0 
3 -6 -2 4 8 -3 2 0 0 
12 1 1 1 0 0 2 0 0 
1 0 -7 -10 0 0 11 -1 -3 
0 0 0 -15 2 2 6 0 3 
0 -2 -8 0 0 0 0 -3 0 
14 1 0 -4 4 3 8 11 1 
-1 2 -5 -3 2 -5 0 0 -3 
8 2 0 -8 -2 -6 20 1 -6 
-12 -4 -16 -22 -3 -16 6 5 -5 
-11 -7 -4 -7 8 1 -3 -4 0 
-3 -1 -8 -6 1 -6 4 0 -11 
-10 -11 0 -6 -2 -2 -2 -5 -7 
-10 -4 -9 -6 3 -3 0 1 -4 
-3 0 -6 -7 0 0 4 -4 -6 
-2 6 -4 -7 0 -2 2 9 0 
-4 -2 0 -4 5 0 0 0 0 
0 6 3 -2 -1 -7 0 0 -5 
-12 0 -2 -10 0 -3 -1 0 0 
-11 -4 -7 0 0 -4 0 -3 0 
-9 1 0 -4 0 0 0 3 -10 
-9 -4 -6 0 0 0 0 0 1 
-7 -7 -5 -9 3 -3 3 3 -6 
-2 3 5 -5 0 0 2 0 -3 
-1 0 -1 -1 5 0 4 -2 0 
-5 2 -1 0 -1 0 0 0 0 
-3 3 -4 -8 6 0 3 0 -14 
-5 6 -9 -10 -1 -9 -1 2 0 
-5 -1 -7 0 8 0 0 -1 0 
0 0 0 0 1 0 3 2 0 
-6 0 -4 0 -2 -4 -2 0 0 
-5 0 -3 -4 12 -4 -1 3 0 
-1 -4 -2 0 0 0 0 -3 0 
-1 3 2 -8 0 -1 0 0 0 
-9 -1 -8 -3 -1 -18 0 0 0 
-6 2 -4 -12 -1 -9 -3 4 -18 
-14 -7 -12 -8 0 -5 0 0 0 
-15 -14 -9 -3 -6 -3 -4 -7 0 
-7 2 -5 -5 0 -6 -3 1 -3 
-14 -2 -2 0 0 0 -3 0 0 
-11 -2 -2 -5 0 -8 2 -1 0 
-8 0 -6 0 0 0 -2 -3 1 
-9 -2 -3 -8 -1 0 2 0 0 
-11 0 0 0 0 -1 0 0 0 
-10 2 -12 -14 0 -19 -11 1 -26 
-14 -5 0 -8 0 0 -3 0 -2 
-14 0 0 0 0 0 3 0 0 
-14 -3 -1 -1 -5 0 -14 -3 -7 
-11 -3 0 -6 0 0 -2 0 -3 
-11 -4 -10 -8 13 -1 8 6 -3 
-1 2 1 -3 0 0 10 -3 -6 
-4 -1 -4 -2 0 0 4 0 0 
-5 -2 0 0 -3 -1 0 0 0 
-4 -1 -11 -4 -1 0 8 -3 -1 
-5 -2 2 -6 -3 0 4 -2 0 
-5 0 0 -1 0 2 3 0 0 
-1 3 -2 0 0 0 0 0 0 
-18 0 0 0 0 -1 0 0 0 
-8 -2 0 0 0 -1 0 0 0 
0 0 0 0 0 0 0 0 0 
-6 -6 0 -8 0 0 0 0 0 
-10 -1 0 -5 1 -7 0 0 0 
-5 3 -4 -13 -4 0 10 -6 -16 
-1 3 -3 -7 0 -6 9 1 0 
-3 0 -2 -1 0 -1 2 2 0 
0 3 0 -2 0 0 -1 3 -7 
-2 -2 -5 0 -1 0 -3 1 0 
-6 2 -2 -12 -1 -2 5 4 0 
-1 0 -5 0 -1 0 1 -2 -2 
0 13 0 -3 5 0 2 0 0 
-3 -2 0 -2 1 0 0 0 0 
9 2 6 -3 5 8 -4 -3 -2 
-8 -2 -4 -2 0 0 -1 0 1 
-8 -1 -3 -2 -1 0 0 5 -3 
-5 -6 3 -2 0 0 3 0 0 
-4 8 2 -6 0 0 1 0 0 
-4 -4 1 -13 4 0 4 3 -3 
1 1 0 0 -1 0 8 4 -3 
-2 0 0 1 0 2 0 0 1 
0 0 0 0 0 0 0 0 0 
0 0 3 -4 -1 0 5 0 -1 
0 3 0 -3 0 0 1 4 0 
0 2 -10 0 10 -6 3 2 0 
6 2 3 -2 -3 0 0 0 0 
-4 0 -4 0 0 0 0 0 0 
-3 -1 -4 -9 0 1 4 0 5 
0 0 2 0 0 0 3 1 0 
-1 0 -10 -16 0 -5 5 0 0 
-4 1 -4 -16 6 -4 1 0 2 
-5 2 0 -14 0 -5 2 3 -18 
-21 0 -7 -3 0 -2 3 0 0 
-28 -6 0 0 0 0 0 0 0 
-6 2 0 -4 0 0 0 0 0 
-15 -1 0 -3 0 0 -3 0 0 
-6 1 -1 -11 0 -3 -1 0 -2 
-3 3 -1 0 0 0 1 1 0 
-10 0 0 -3 0 0 0 0 -1 
-10 0 0 0 0 0 0 0 0 
-6 0 -4 -2 0 -11 -2 0 -3 
-25 0 -2 -11 0 0 -4 0 -2 
-6 0 0 0 0 0 0 0 0 
-10 0 0 0 0 0 -15 0 -4 
-19 0 0 0 0 0 0 0 0 
-16 0 0 -21 -3 -5 0 0 0 
-9 0 0 0 0 0 -4 0 0 
-3 0 0 0 0 0 0 0 0 
-2 0 0 0 0 0 0 0 0 
-6 0 -4 0 0 0 2 -2 -7 
-18 1 0 -8 -2 0 -6 3 0 
-5 -3 0 0 0 0 0 2 0 
-3 0 0 -8 0 0 0 0 0 
-4 0 -4 -3 0 0 0 3 0 
-2 -2 1 -6 0 0 0 2 0 
-2 0 0 0 0 0 0 -2 0 
-11 0 0 -4 0 0 3 0 0 
-7 0 0 0 0 -3 0 0 0 
-11 0 -5 -8 -2 -2 -3 0 -21 
-8 -3 -5 -4 0 -6 2 0 0 
-10 -1 -2 -3 0 0 0 0 0 
-3 1 -3 -4 0 0 -3 0 0 
-16 0 -1 0 0 0 0 0 0 
-5 0 0 -5 -1 0 0 0 0 
-7 -1 -1 0 0 0 0 0 0 
-12 -1 -1 -17 0 0 1 0 0 
-8 1 0 0 2 0 0 0 0 
-11 0 -11 -3 0 -6 -2 -2 -14 
-13 -2 -1 -7 0 -2 -2 0 0 
-13 -4 0 -8 0 -2 -2 0 -5 
-5 0 -6 -3 3 -5 -5 -1 -24 
-14 -4 -4 -9 -2 0 3 0 -7 
-9 -3 0 -18 6 0 7 9 0 
-1 3 0 -4 -1 0 9 1 -5 
-3 0 0 -7 -3 0 5 -1 0 
0 -3 -2 0 -2 -1 0 0 0 
-1 4 2 -5 -3 0 13 1 0 
-8 3 1 -13 -2 0 2 0 1 
-3 -3 0 -5 0 0 5 0 0 
-2 4 -1 -5 1 -2 6 0 -4 
-7 0 0 0 0 -1 0 0 0 
-8 -8 0 0 1 0 0 0 0 
0 0 0 0 0 0 0 0 0 
-7 4 -14 -11 0 0 10 0 0 
-7 -6 -12 -2 0 -14 0 0 0 
-6 6 1 -9 0 0 7 -2 -10 
-8 6 3 -12 0 0 0 0 0 
-7 0 -1 3 0 -1 0 0 0 
-3 1 -4 -4 2 -11 -1 -6 -1 
-8 0 -3 -5 0 0 -7 0 0 
-9 0 0 -9 -7 1 3 0 0 
-3 2 -2 0 0 0 3 0 -1 
-1 0 0 -7 0 0 -4 0 0 
-1 0 0 -8 0 0 0 0 0 
0 2 0 0 0 3 8 0 0 
0 0 0 0 0 0 0 0 0 
0 0 0 0 0 0 0 0 0 
0 0 0 0 0 0 0 0 0 
0 0 0 0 0 0 0 0 0 
0 0 0 0 0 0 0 0 0 
0 0 0 0 0 0 0 0 0 
0 0 0 0 0 0 0 0 0 
0 0 0 0 0 0 0 0 0 
0 0 0 0 0 0 0 0 0 
-10 -1 0 -13 0 0 1 0 0 
-9 0 -3 2 4 0 3 0 0 
0 1 5 -9 3 0 0 0 0 
-13 0 -4 -4 0 -7 -12 -1 0 
-10 1 0 -15 -13 0 -2 0 0 
0 0 0 0 0 0 0 0 0 
-6 -1 -13 -17 0 -4 6 0 0 
-9 0 -1 -16 1 0 0 0 0 
-8 -2 -3 -17 0 0 4 -6 -18 
-12 -2 -1 -18 -2 0 0 0 0 
-12 -1 0 -3 -2 0 -6 2 0 
-3 -2 -2 -6 0 0 0 0 0 
-7 -6 -6 0 0 0 0 0 0 
-3 -8 -1 -7 3 1 0 3 0 
0 8 1 0 0 0 0 5 -5 
-13 -1 -4 -9 0 0 0 0 0 
-5 -2 0 0 0 0 0 0 0 
-4 0 -5 -9 0 0 -6 0 0 
-10 0 -3 -11 0 -5 1 0 0 
-8 0 -1 0 0 -1 0 0 0 
-15 0 -3 -12 0 0 -19 0 -5 
-14 0 -3 -2 0 0 -5 0 0 
-7 1 -2 -25 6 -5 9 -2 0 
-7 -4 0 0 0 0 0 -7 0 
0 0 0 4 0 0 0 0 0 
5 0 0 0 0 0 0 0 0 
-3 1 0 0 4 0 3 0 -5 
-4 0 0 -5 0 0 -1 0 0 
1 0 0 -1 4 0 6 0 0 
-2 0 0 0 0 0 0 0 0 
-3 0 0 0 0 0 -2 0 0 
-1 -3 -2 -6 2 0 -2 0 0 
0 0 0 0 0 0 0 0 0 
0 0 -2 0 0 0 0 0 0 
-4 1 0 0 0 0 0 0 0 
-2 3 2 0 0 -1 -1 6 -9 
-11 -5 -4 -2 0 0 0 0 0 
-11 0 0 0 0 0 -4 0 0 
-4 -3 0 -1 0 0 -6 0 -3 
-6 -2 -5 0 0 0 -1 0 0 
-12 0 0 -19 3 -1 0 0 0 
-11 0 0 0 0 0 0 0 -3 
-7 0 -2 -9 0 0 0 0 0 
-6 0 0 -1 0 0 0 0 0 
-19 -1 0 -5 -2 0 -18 2 -18 
-11 0 0 -10 0 0 -3 0 -4 
-11 0 1 0 0 0 -6 0 0 
-18 0 0 -4 0 0 -20 0 -3 
-10 -4 -1 -6 0 0 -1 1 -3 
-11 -9 -7 -19 14 -1 9 6 -1 
-2 -1 0 0 0 0 4 -2 0 
0 0 -2 -7 0 0 2 0 0 
0 0 0 0 0 0 0 0 0 
-3 -3 -5 0 0 0 7 -2 0 
-5 0 0 -5 0 0 0 0 0 
-3 0 -1 0 0 0 0 0 0 
0 0 0 0 0 0 0 0 0 
0 0 0 0 0 0 0 0 0 
0 0 0 0 0 0 0 0 0 
0 0 0 0 0 0 0 0 0 
-14 0 1 -10 0 0 0 0 0 
0 0 0 0 0 0 0 0 0 
-3 0 0 0 0 0 2 0 0 
-18 -4 -13 -8 -2 -2 -12 0 0 
-16 0 0 -5 2 0 -2 0 0 
-6 -5 -6 -11 0 0 -10 -3 -6 
-17 -8 -2 -10 0 -2 -12 3 -9 
-18 -2 -5 -17 0 2 0 0 -8 
-6 2 0 0 0 0 -8 -1 -17 
-19 1 -3 -18 0 0 0 0 -1 
-18 0 0 -8 0 0 0 0 0 
-2 0 1 -2 0 0 -7 -2 -11 
-22 -1 -2 -14 0 0 -9 0 -2 
-13 2 0 -4 -1 0 0 0 0 
-16 -3 0 0 0 -2 -25 0 -6 
-18 -6 1 -9 0 0 -2 -1 0 
-22 -12 -7 -33 0 -2 1 0 -4 
-2 4 0 0 0 0 0 2 -3 
-22 0 -6 -2 0 0 0 0 0 
0 0 0 0 0 0 0 0 0 
-11 0 1 -3 0 0 1 0 -7 
-13 -4 -4 -14 -1 -9 -8 0 -24 
-17 -3 -18 -19 1 -14 -8 -4 -9 
-12 0 -1 -16 0 0 -14 0 -14 
-18 -7 -12 -22 0 -4 -12 3 -10 
-18 -5 -14 -42 -1 -7 -4 3 -2 
-12 -6 -2 0 0 0 1 -5 -1 
-12 -10 -9 -24 -4 -15 -3 1 -13 
-19 -13 -15 -27 -4 -7 -3 0 -9 
-12 -12 -19 -37 -17 -22 -16 -8 -33 
