63 679 -97 175 2607 -2782 59 2330 -2158 
-474 -198 -1451 -274 2153 -2460 -47 1320 -2925 
697 1681 285 218 3043 -1517 905 2628 -2161 
-933 -808 -1600 -1253 1052 -3057 -812 925 -2270 
-480 -307 -1370 -861 1292 -2118 -406 707 -2471 
123 612 -277 143 2169 -1859 110 1563 -1761 
1297 1672 1187 1126 2336 -1164 670 2785 -980 
201 791 229 -40 2024 -1361 197 1145 -1610 
777 1373 683 556 2307 -45 847 2206 -861 
-1025 -839 -1310 -1591 741 -3304 -1280 -586 -2220 
-882 -783 -1766 -1379 612 -1889 -813 448 -1951 
-131 344 -700 -573 1402 -1795 -367 470 -1881 
-909 -950 -1170 -1750 59 -2565 -498 352 -2062 
-648 -597 -797 -877 491 -1449 -592 1 -1486 
-57 -67 -272 -299 956 -931 -18 591 -1060 
98 43 -247 28 608 -1774 641 729 -1202 
-323 -400 -460 -484 876 -906 -553 939 -1281 
128 347 51 -146 1188 -1021 323 1099 -912 
1083 1403 609 1492 3054 1014 2200 3596 -341 
240 426 19 479 2329 -797 1298 1542 -1008 
964 1643 1065 841 2660 846 1112 1744 -292 
-27 113 -336 -27 1672 -1131 625 1847 -683 
-52 153 -64 -226 1480 -634 28 1270 -959 
380 433 508 363 1620 -652 647 1303 -490 
951 1506 912 1560 2124 665 2078 2950 -386 
274 432 340 173 1370 -118 406 1196 -281 
782 1092 930 717 1738 424 946 1729 11 
-688 -316 -975 -171 563 -3556 -1411 1240 -1844 
-1066 -718 -1525 -1287 425 -2611 -851 505 -2629 
-161 144 -555 -827 261 -1626 -40 942 -1457 
-740 -542 -1166 -1400 668 -3007 -1066 917 -1973 
-633 -521 -1186 -678 126 -1827 -353 40 -1785 
-252 -366 -556 -222 547 -1691 -224 -81 -1754 
416 108 -68 -728 1082 -1642 -445 1911 -1070 
-652 -260 -747 -621 516 -1576 -273 138 -1534 
88 124 -156 -451 747 -1112 -169 433 -1122 
-616 -572 -648 -1604 -4 -2133 -813 342 -1800 
-739 -490 -995 -938 -252 -1285 -554 327 -1585 
-188 68 -358 -619 180 -1453 -546 172 -1338 
-695 -704 -705 -839 -194 -1441 -463 -118 -1027 
-455 -434 -446 -409 35 -709 -316 -153 -712 
-113 -149 -177 -173 197 -462 -51 9 -478 
-80 -285 -107 -678 -41 -988 -185 183 -740 
-417 -399 -355 -477 -47 -686 -329 144 -790 
-10 -30 -21 -187 231 -504 -45 116 -458 
152 -13 -280 114 846 -1294 -80 1047 -1110 
-493 -316 -280 -406 1073 -1438 -65 306 -1404 
28 464 105 -235 591 -853 -120 527 -997 
-292 -300 -127 -339 182 -1168 -300 631 -640 
-375 -379 -344 -417 31 -671 -195 53 -899 
-8 -141 -7 -88 434 -475 -23 132 -382 
178 8 178 -446 -22 -619 -28 533 -577 
-378 -305 -300 -418 -78 -676 -223 68 -758 
119 94 100 -109 312 -372 13 261 -420 
669 1403 595 405 1634 -969 856 3403 -635 
-25 422 50 154 1786 -552 570 1806 -1143 
916 1550 982 -122 2611 430 1570 2907 -456 
120 447 -11 -672 858 -984 273 1306 -1195 
-104 -24 -558 -40 1263 -752 283 609 -973 
451 685 86 206 1593 -356 394 1129 -525 
1108 1675 1231 1340 1751 640 2066 3208 564 
214 443 194 336 1424 -102 37 872 -428 
866 965 1035 602 1648 186 850 1670 -24 
-26 83 56 268 760 -1104 855 1830 -608 
-256 151 -112 -616 639 -796 68 1361 -226 
526 444 -40 -115 650 -230 193 1076 -486 
-95 -165 18 -244 528 -561 182 472 -414 
-103 -85 -61 -67 522 -170 30 376 -329 
329 380 413 191 870 29 363 710 94 
519 376 268 53 717 -109 232 1733 -544 
-31 9 63 11 390 -177 113 625 -142 
350 361 391 205 891 24 378 719 -35 
755 857 539 105 1445 -267 1206 2402 -174 
160 354 180 -34 1203 -501 417 1611 -192 
696 1039 637 288 1363 173 435 1570 602 
167 214 113 148 692 -121 602 769 -136 
-4 40 65 15 454 -129 174 546 -299 
323 299 443 227 830 -59 348 589 -18 
751 729 731 402 1033 91 870 1395 258 
124 168 213 33 535 20 144 516 -191 
495 549 553 326 770 279 433 766 108 
-1 895 -620 1377 5866 340 2381 3879 -1470 
-1276 -837 -2066 -800 1063 -2509 666 1200 -2722 
586 -18 68 2345 4060 -1200 3080 4415 -1607 
-1617 -3066 -3080 -1200 750 -3900 -1533 -819 -3062 
-1554 -609 500 -705 2110 -1325 -846 1306 -2891 
96 -725 -350 -466 1300 0 1457 2981 -2833 
1010 2714 2620 660 3220 -2088 2866 2460 1566 
-880 152 -450 -615 2395 -1983 -163 250 -138 
319 1704 760 466 2260 -305 1118 2025 -1203 
-1701 -923 -1820 -2080 466 -2600 -1866 -1775 -2909 
-1416 -1862 -1925 -100 1120 -1542 -955 400 -1276 
-260 -100 -600 -666 1500 -366 -420 433 -1626 
-1713 -923 -1180 1000 -650 -3300 -550 800 -400 
-770 -724 -589 -371 862 -794 -635 151 -1363 
208 -146 -6 -257 874 -482 -49 89 -631 
227 -707 1488 -300 1060 -200 -480 100 933 
-479 -989 -776 281 151 -709 -459 -860 -2141 
160 217 -250 -200 525 -657 -76 366 -1122 
909 50 -141 733 2100 1025 1266 500 200 
-718 -1100 -1533 -1066 4090 -180 514 233 -933 
1206 675 1466 975 1160 -720 342 675 244 
420 -1285 540 966 2250 325 33 633 -200 
-414 -355 -172 2 1793 -262 0 591 -1345 
122 103 0 -162 917 -616 80 400 182 
667 -415 1076 -540 1380 -844 -371 2633 -150 
-286 -79 -704 55 881 -264 -165 883 -1015 
308 99 214 364 1000 138 234 731 -371 
-502 329 -279 -328 2490 -1733 -185 2484 -1963 
-967 -242 183 1177 1961 -1316 -2166 0 -220 
924 100 -240 444 2611 -300 2550 -771 -1684 
-1397 -975 -1120 -2325 -475 -3488 -2927 -75 -1650 
-807 -747 -582 -121 879 -824 -57 166 -484 
-13 -555 -234 -459 1166 85 -165 290 -1690 
641 790 96 919 2000 -1711 1700 2783 -1444 
-525 -788 307 -283 1232 -177 472 714 633 
134 726 385 -93 1775 -356 190 560 -500 
-994 -725 -832 61 -764 -1789 -1463 844 -902 
-831 -592 -750 -385 -92 -577 -520 -514 -826 
-225 -7 -171 -294 714 -440 -9 -150 -858 
-863 -711 -623 -541 -77 -960 -369 -237 -729 
-447 -300 -352 -284 320 -421 -258 -28 -599 
-76 -65 -39 -256 228 -366 -62 104 -324 
-200 -277 172 -282 152 -8 -201 548 -577 
-473 -372 -266 -508 59 -560 -225 105 -640 
-5 -11 87 -177 356 -415 -41 93 -395 
-296 -326 -231 -200 555 -777 23 1213 -866 
-184 -538 -241 16 308 -270 100 -155 -483 
161 329 -153 -535 546 -578 145 -254 -234 
-517 -246 -515 -623 -375 -1696 -558 -446 -1216 
-466 -461 -327 -515 25 -581 -308 31 -815 
-21 -216 -143 -145 605 -325 -17 103 -318 
114 -67 155 -329 71 -191 -17 377 -79 
-449 -260 -253 -376 144 -558 -169 178 -535 
40 10 -16 -147 422 -226 6 157 -376 
470 544 -47 1717 1115 57 -88 2952 1011 
-556 -360 -1353 660 704 1400 -1066 -1900 -412 
1268 812 -53 100 2780 33 1725 2628 -1677 
-678 -747 -1275 -1527 960 -800 -866 550 -1230 
-488 -436 -805 -352 1330 -86 -388 1031 -1024 
64 47 -305 -142 1476 0 137 706 -790 
956 911 1406 888 1526 -142 1233 2383 1180 
-181 -94 -233 84 454 -328 -600 -311 -200 
397 352 822 74 1030 -641 715 846 -451 
-192 592 307 -266 200 -1555 -366 200 -1909 
-367 -600 -552 152 -312 40 52 -909 -635 
455 144 514 580 1422 0 70 909 -975 
-311 -406 -264 -278 454 -648 36 286 264 
-197 -135 -240 -279 484 -429 -139 102 -836 
229 172 92 -225 452 -358 11 337 -322 
568 -90 393 727 236 -650 446 462 -614 
-243 -139 -169 -181 284 -497 -117 669 -647 
263 179 265 105 970 -230 99 418 -345 
516 404 576 640 588 139 1276 1062 96 
-145 -337 -358 -211 780 -513 256 -622 -508 
662 372 588 80 968 -671 192 700 64 
-223 -350 189 10 226 -703 87 -76 -105 
-172 -28 -78 -180 412 -325 -90 410 -578 
279 93 169 43 939 -275 154 444 -307 
612 509 487 52 813 -144 269 1010 -4 
-123 -16 -91 -139 437 -197 144 459 -363 
326 274 297 62 675 90 177 385 -226 
-464 886 1318 391 2800 -1771 1580 914 -2857 
-390 -390 1377 -2085 1965 -425 1000 1485 -985 
632 2377 1387 -1400 1616 2100 -120 2890 -1200 
-1160 -1846 -1742 66 1044 -3618 666 566 -2615 
-641 -527 -705 -50 836 -1600 -1423 1120 -2293 
415 -25 312 740 3483 -500 800 704 -1380 
2037 3579 2680 520 2727 -500 919 200 -200 
-113 127 488 45 2306 300 660 275 15 
1102 929 1211 1137 1516 475 -92 1421 -1080 
-1562 -385 -1060 -750 -33 -2933 -33 1066 -819 
-1162 -340 -1157 -2050 1639 -2755 560 380 -1650 
20 571 400 -1866 -900 766 -66 -1033 -1400 
-796 -490 615 -1639 1415 -2720 -175 600 -2509 
-401 -138 -34 -246 1053 -644 -354 478 -1053 
234 389 380 48 1575 27 231 643 -451 
404 80 1200 -100 1400 -1133 575 1066 160 
-395 -570 -319 109 642 -137 -16 2218 -2188 
293 358 383 225 639 -700 -53 495 -714 
1593 266 2422 4800 2542 1225 533 1250 675 
-810 1000 -620 114 1814 -360 -166 666 -1571 
1384 -57 275 1100 60 1166 266 860 1875 
150 -628 -1133 -366 2633 -100 0 -300 -1000 
-240 -12 71 -168 1157 -535 180 1643 -617 
103 443 712 47 1295 -566 157 1194 -238 
2000 2169 2187 -166 2342 66 400 1200 384 
-33 316 45 -16 828 172 213 1164 -376 
701 736 918 341 1271 454 491 952 -150 
-115 502 93 775 2642 -3246 -1345 1144 15 
-540 -75 -1333 1800 1455 -955 -66 400 900 
400 1920 822 -1133 3850 220 1040 185 -1130 
-902 -1646 -779 -1700 -288 -2025 -300 -300 -1244 
-626 -464 -651 -400 735 -1068 -318 967 -553 
352 190 508 -266 1392 -1015 -128 86 -1359 
1516 882 591 342 1580 -2533 1019 900 -166 
-151 -150 728 95 531 -261 100 475 2236 
581 988 692 505 1042 -400 363 760 -1127 
-567 -432 107 -744 -653 -1708 -1233 -228 -477 
-463 -511 -653 -341 555 -660 -321 -657 -471 
119 -22 -72 -261 70 -637 288 170 -590 
-612 -583 -430 -497 54 -686 -164 14 -585 
-356 -290 -296 -181 347 -484 -234 -11 -665 
-6 -27 -3 -212 352 -529 16 171 -351 
38 72 477 57 977 -161 530 940 -300 
-397 -252 -143 -259 315 -648 71 398 -871 
157 104 127 -62 533 -419 103 344 -460 
-7 -958 -336 -880 54 -550 1350 -833 -700 
-258 -190 -76 -672 -226 -76 -180 300 133 
-97 611 -409 -341 361 -563 866 -109 37 
-189 -393 169 1200 -50 377 -200 -644 -430 
-347 -168 -157 -175 207 -392 -115 221 -927 
203 79 87 0 790 -350 206 292 -483 
548 407 626 -48 575 0 82 832 74 
-239 -211 -113 -321 490 -465 77 718 -577 
156 171 48 80 839 47 180 538 -402 
788 60 668 2672 1909 355 1133 3150 -100 
-229 283 66 200 2891 240 1780 -66 -300 
1309 1360 1166 360 657 300 60 1175 -875 
-160 -452 26 -2485 1100 -1688 425 475 -216 
-510 417 -509 -112 1325 -158 552 263 -305 
611 675 -666 72 1317 300 260 2400 -59 
1270 1933 1373 666 1929 600 3000 3333 828 
139 550 -27 294 1450 360 472 -400 307 
932 855 1385 334 1458 -160 357 1519 -504 
212 305 162 188 909 -740 287 1280 -978 
-194 -245 -472 10 561 -500 389 54 -752 
574 805 289 400 1021 -1125 257 1170 -535 
-99 -73 -72 -94 307 -442 331 386 36 
-63 -29 -5 0 409 -118 17 117 -520 
333 296 365 87 579 -219 254 474 -68 
575 223 474 379 748 -269 670 874 -340 
8 57 145 27 445 -188 158 591 -226 
447 357 518 150 1080 72 412 752 -77 
1135 626 1078 217 1786 165 1032 2433 1866 
-58 -20 557 114 1154 180 338 388 6 
934 911 1151 937 1053 -182 1242 1476 -50 
348 -63 76 52 517 -377 335 263 -67 
-42 -18 17 24 417 -101 135 356 -280 
405 207 284 225 806 -97 348 516 -70 
842 597 851 211 788 238 763 1316 428 
18 20 100 -22 364 -80 192 662 -191 
447 374 390 192 629 171 280 441 -201 
971 1136 328 295 2997 -2254 73 2787 -2027 
-302 -584 -1070 -458 1445 -1491 20 866 -1704 
1174 905 892 351 2149 -295 493 1495 -1477 
-1096 -642 -1085 -1440 663 -3100 -1828 522 -1832 
-473 -319 -649 -1179 495 -1902 -416 26 -1388 
-65 363 -336 545 1339 -1847 210 757 -1205 
1615 926 1839 1230 2095 -986 -766 2708 -1185 
191 543 104 -187 1113 -400 -400 610 -696 
716 790 997 -78 1269 -11 22 1508 -582 
-1062 -1255 -1347 -1075 1384 -3381 -1342 236 -2000 
-973 -1178 -2075 -1533 458 -2050 109 700 -2238 
16 523 -436 -1300 2066 -2342 592 990 -2333 
-1028 -1311 -1064 -764 825 -1375 -408 -1117 -1956 
-575 -871 -697 -458 44 -846 -549 -126 -1200 
26 -530 -46 -382 697 -133 -22 -179 -679 
411 -529 186 -414 160 -2540 -457 2280 -673 
-454 -405 -287 -66 396 -764 -400 -42 -1236 
275 -28 352 -521 494 -1062 191 -36 -673 
2104 738 1736 2225 1920 2325 2200 3383 -1050 
310 -58 -170 670 2056 -1780 1581 2171 -2568 
1344 1491 940 520 2354 500 2123 1317 -381 
56 -527 415 -459 2350 -314 60 2044 -162 
-310 -340 -27 -99 726 -832 -79 790 -774 
346 94 420 -139 235 -714 335 540 -960 
1200 349 1116 212 1025 -580 1257 1939 -500 
97 -48 113 62 733 -179 356 643 -290 
812 632 720 516 758 369 693 804 -76 
-101 -206 -491 -1311 -272 -2448 -88 2557 -1795 
-749 -702 -1410 -858 -435 -2463 -1626 350 -1400 
323 -236 1013 -1165 1238 -1000 -42 681 -1180 
-1121 -1022 -765 -2072 163 -2600 -876 293 -1968 
-838 -1044 -597 -935 -31 -1150 -466 -747 -606 
-152 -85 -568 -872 -454 -1422 -492 -433 -941 
317 -147 -277 292 1639 -1639 2127 1200 -357 
-332 -313 -490 -370 276 -1075 293 -109 -1420 
331 85 515 105 -342 -702 84 260 -516 
-377 -741 -572 -1165 -800 -1726 -300 1193 -1693 
-634 -785 -437 -535 -376 -615 -595 386 -1003 
124 -327 -66 -334 488 -619 -110 367 -600 
-559 -742 -533 -480 -27 -1230 -128 -23 -531 
-430 -500 -351 -333 -110 -492 -287 -196 -469 
-42 -194 -27 -88 155 -78 -20 -15 -233 
117 -10 40 -83 342 -232 429 912 -440 
-367 -374 -185 -345 -108 -487 -122 57 -507 
53 -41 59 -56 173 -214 -79 56 -255 
951 315 312 32 193 -813 780 1928 -866 
-259 -547 -385 -238 941 -877 -694 140 -459 
605 -127 386 143 1452 -260 -214 727 364 
-236 -488 300 -250 -554 -743 13 565 4 
-392 -434 -325 -447 -161 -407 -147 90 -379 
41 -77 81 172 392 -1 107 -16 -34 
441 -64 440 -19 78 -305 188 300 -424 
-343 -335 -140 -288 -116 -415 -164 177 -370 
185 78 159 -8 175 -302 46 124 -214 
1460 1243 1522 900 1040 -1292 1709 3538 225 
258 -200 250 600 1259 1111 457 563 -2175 
1701 813 2646 120 2307 -400 842 2933 547 
170 1190 506 25 986 -966 -200 1160 -1013 
-187 -301 -200 -653 1114 -178 -173 205 -741 
521 776 583 0 350 1100 851 662 -1329 
1575 1192 1361 883 1400 -100 1833 3327 975 
378 203 364 142 1169 207 911 420 -186 
736 675 914 442 958 750 648 866 165 
550 -288 328 -142 742 -85 1150 1466 600 
-51 -370 -316 -114 222 -610 622 1523 0 
691 842 917 -526 63 -333 -34 463 -1110 
-34 -327 -55 -9 403 -625 458 572 -369 
-143 -138 -55 -102 143 -143 32 306 -226 
432 153 379 75 417 15 325 380 48 
595 239 537 -169 625 408 665 700 -280 
-12 -167 152 -21 74 -28 -12 325 -273 
366 156 329 214 539 346 315 367 118 
1542 1194 900 1346 1528 -245 2200 3007 -466 
199 -245 357 131 1325 -182 604 722 160 
1133 686 946 722 813 460 740 787 261 
386 -28 250 88 545 -8 472 755 126 
-15 -92 30 10 186 -158 102 136 -172 
320 122 301 96 669 -91 369 433 113 
1035 576 881 128 659 136 904 918 327 
135 14 217 9 237 30 216 310 -17 
516 336 470 290 443 226 386 469 115 
2398 2923 2002 2875 4333 1072 1761 3435 482 
158 766 162 2200 1492 1353 1080 -500 -1881 
1587 3216 1195 2537 4046 -1466 1976 2078 400 
382 254 -800 333 3428 -1366 1200 1600 -866 
211 -120 -584 -125 1425 116 200 338 -139 
356 786 100 0 2200 800 1168 2727 215 
2722 2011 3120 720 2347 2233 500 1164 -1120 
533 84 2577 900 1770 929 -560 800 490 
1579 1527 1443 487 1570 887 1612 1528 -127 
1486 1412 786 1300 400 -475 4100 3942 -488 
-102 381 1800 775 2363 633 -514 1633 -1414 
1078 -160 552 300 2760 200 1127 1966 -495 
282 -275 70 -933 3279 -633 742 4200 -266 
-109 -285 45 115 255 -70 -271 -92 -767 
717 303 468 941 1034 145 503 511 -243 
974 -225 1400 -85 3488 1000 2133 1600 600 
138 419 480 307 1346 -516 183 377 200 
746 496 721 852 1357 209 479 490 -8 
2568 2131 2834 3511 4545 1875 3180 3945 -825 
1447 1850 1189 2244 2280 892 1257 1400 -2233 
1814 854 1736 1920 3300 -1371 720 2460 282 
1279 385 1182 766 4900 -766 971 2914 440 
187 731 168 590 918 -204 53 -160 -367 
536 29 75 1133 1690 900 277 -130 -457 
2204 2852 1651 763 1988 1125 3140 2000 -120 
259 46 374 531 931 43 702 488 -216 
1076 1153 941 878 810 253 1112 975 77 
2150 1653 1598 1766 3006 -1262 2394 3483 484 
620 866 -571 2094 3210 -1218 1548 1338 -1443 
1751 1004 1778 755 2858 175 2418 2232 292 
872 248 213 -254 2786 500 1900 1342 688 
-85 -75 -5 1033 997 -1327 773 400 -134 
993 259 545 520 1531 -1450 1189 1024 -149 
2755 1995 1472 1850 3637 1475 2440 3208 1247 
833 538 -60 1388 1223 -152 742 700 -630 
1335 834 551 630 1241 245 1132 1392 335 
1121 746 1198 1703 2028 -36 1950 2686 -249 
120 210 -63 572 828 -769 633 -254 -917 
1246 1164 1157 673 1358 793 791 1173 -325 
414 109 252 565 597 -238 958 812 19 
31 -96 -13 374 579 149 373 289 -135 
488 158 255 461 705 114 423 301 125 
1378 669 1039 1169 791 530 1198 1242 -234 
-35 -132 43 95 437 -195 394 578 -260 
484 178 267 320 738 320 391 319 44 
2111 1232 1944 2840 2162 660 3070 2454 1088 
742 630 470 1297 713 -406 595 66 -400 
1742 1178 1036 1208 2000 -305 1404 1033 312 
580 368 317 168 1238 876 608 316 133 
-98 -194 -151 -4 427 -191 313 244 -307 
317 -53 94 463 1058 103 319 344 41 
1225 1003 1045 539 903 810 782 1120 239 
-58 -178 -49 241 437 -173 582 737 14 
442 248 231 463 665 117 401 323 -28 
3019 2014 2397 2822 3792 95 2830 3754 1046 
724 1957 861 1355 3259 1755 3685 1620 -2320 
3002 2318 2135 1636 3536 -666 2446 2293 1506 
1775 1569 964 125 2416 -1400 2233 1475 -60 
321 322 350 811 1761 260 503 1138 376 
1461 936 1575 -480 1509 0 790 2566 -104 
2986 1533 2487 1461 4076 3377 2920 3071 320 
705 126 687 635 1531 933 317 700 -620 
1554 738 1380 784 1263 878 1071 1280 597 
1809 1269 2143 1183 725 1650 2000 2733 371 
441 356 740 -750 1623 -1377 768 640 -1100 
1176 523 1365 2176 1839 1133 1231 1375 0 
731 150 532 538 1538 329 1406 1149 338 
162 131 182 293 756 24 434 539 -103 
1043 438 624 406 890 294 747 500 200 
1740 970 53 1330 914 660 1463 325 1742 
380 111 260 750 1176 342 1028 1610 352 
929 552 660 737 1299 525 746 710 273 
2383 1242 1994 1035 1556 2158 2131 2447 841 
642 304 1032 809 1596 367 809 909 181 
1546 1096 1252 761 857 1090 913 610 748 
1309 1090 832 273 1301 878 597 746 246 
291 217 321 376 820 316 655 1084 276 
993 505 658 745 1542 327 1080 738 476 
1644 995 1260 1011 1174 1065 1258 1105 384 
346 281 299 337 757 166 995 937 334 
746 412 541 615 1025 501 634 596 189 
2701 2913 2724 3038 3564 -130 3633 2565 -387 
914 2011 2990 3428 2656 -283 2700 4142 129 
3118 4242 2553 1663 3850 1600 275 3100 517 
341 58 -54 -500 3942 -4742 -1000 2723 -2175 
396 256 0 275 1881 -2171 -188 -533 -1361 
1526 1883 780 -366 2844 -1333 440 2235 -1217 
3706 3300 3161 3240 2808 2371 900 2320 833 
1457 646 1300 823 2052 175 -533 233 1220 
2570 1816 2590 487 1218 -176 2016 2111 -14 
1207 1736 1410 5100 3466 75 2100 3152 0 
1015 687 929 1075 1628 -1644 850 150 -1542 
1352 377 2026 -228 4155 100 -75 3114 -1618 
688 -258 653 1120 1600 -1475 -960 75 -333 
-34 -55 444 190 681 -335 25 140 -491 
667 152 671 175 1440 -716 75 550 -465 
2283 2320 2171 1525 2666 600 -633 -300 459 
21 -452 -66 136 -217 -560 685 -200 -628 
992 480 1375 94 808 -433 105 697 -637 
3187 2417 3713 3946 3625 2420 2400 2840 -333 
1473 1900 695 3175 2963 900 942 866 171 
2236 2780 2039 1166 3569 -1250 1125 2660 661 
1512 -1300 1142 2600 1060 685 -33 1466 -533 
383 71 343 202 1250 17 740 750 -406 
533 314 1422 80 1363 2300 583 1222 125 
2505 3307 2400 -28 2171 1171 166 700 1225 
798 22 178 318 773 498 780 790 486 
1477 915 810 1102 890 641 1337 1235 217 
1562 340 1271 240 657 542 1420 3138 733 
155 800 200 -1266 2028 -25 -2942 3171 -2140 
1120 300 2584 -300 1275 0 0 1500 -546 
1611 1888 960 2600 766 1400 100 640 -375 
22 230 555 333 595 292 -309 933 -1380 
580 524 1780 75 1000 -250 410 1233 -330 
2312 1114 150 200 566 566 400 0 0 
187 525 0 -620 900 -1400 -166 0 -1466 
1175 1440 1717 344 258 -640 753 583 -606 
632 -98 383 -88 571 -764 324 -158 293 
-123 431 258 -260 78 184 249 2020 -36 
880 331 485 300 162 400 481 922 868 
-53 -245 -14 -12 219 -156 441 385 -22 
-146 -168 -86 -56 273 -110 -23 105 -441 
396 307 134 59 582 -107 298 334 23 
1267 523 1082 263 588 346 1272 628 470 
-53 -196 16 111 374 -205 154 854 -436 
470 20 246 199 784 -289 320 150 79 
1450 -388 2046 350 -450 -1028 1100 866 -325 
753 1075 436 500 1155 -650 -80 433 -366 
1213 980 1266 -600 1200 0 -1533 1244 -280 
605 -511 1300 -18 -85 400 2500 733 1500 
-11 107 14 206 401 -398 383 743 -427 
381 -10 109 406 1236 184 542 508 -81 
972 304 200 0 -566 552 1220 1254 554 
65 32 236 81 579 -37 641 672 228 
490 413 319 347 1074 137 575 588 76 
2638 1605 2434 2262 1935 475 2676 3083 1000 
755 493 1800 1675 1165 885 900 1222 -2442 
2804 1737 2145 2714 1300 125 2542 1485 10 
1183 1434 127 700 290 -714 1200 1311 -816 
217 261 536 408 771 289 40 1876 -807 
1344 1166 472 742 846 0 1062 1580 352 
2668 1960 2541 1690 911 1960 3109 1600 900 
610 360 1012 516 1123 187 833 -800 300 
1421 1113 1164 1312 1642 808 1208 1586 668 
1283 223 973 1035 1300 42 1058 1816 1875 
320 -297 -662 -124 1076 622 459 283 -778 
1029 77 829 523 957 742 900 1136 -157 
413 -29 618 285 636 127 578 507 193 
-14 -11 30 121 303 62 246 345 -74 
714 398 566 310 598 266 475 525 288 
1207 382 298 547 673 -100 1190 1492 658 
27 62 122 153 356 60 312 537 179 
621 395 523 367 695 623 402 497 207 
2344 1689 2116 1803 1686 628 1925 2478 490 
744 590 885 222 1110 268 704 1052 851 
1484 1065 1347 664 1411 1657 1357 1542 751 
957 309 1000 645 1000 400 893 377 75 
120 72 146 169 332 57 369 420 -10 
640 363 429 576 945 -93 619 474 314 
1588 1028 1284 419 945 798 938 1269 722 
209 108 205 165 329 13 609 364 105 
758 460 500 428 536 223 462 303 -33 
-8 507 -378 -215 2264 -1840 1204 2675 -929 
-848 -734 -734 -338 1741 -1262 5 1291 -772 
566 1739 853 573 2179 663 832 2297 -776 
-956 -803 -712 -875 1142 -1858 -500 887 -1446 
-768 -570 -424 -372 1183 -1006 0 541 -1171 
32 897 519 630 1789 -1342 324 895 -788 
1034 1534 1595 1568 1839 433 514 2365 -518 
-275 446 312 277 1604 -192 -369 1630 731 
598 1549 1509 852 1778 488 929 1550 379 
-1554 -1509 -952 -2020 -200 -3462 -1537 600 -2280 
-962 -778 -1513 -1141 -504 -1704 -1040 1857 -1522 
-243 -296 -415 306 869 -1428 200 800 -1111 
-1312 -1097 -891 -975 1054 -1680 50 1440 -1126 
-684 -393 -573 -675 411 -1021 -294 27 -770 
25 110 42 -337 222 -400 98 136 -377 
-163 0 495 600 977 -900 40 1615 -2400 
-387 110 -66 -506 -432 -503 293 723 -1027 
227 390 334 307 485 -13 506 1065 -381 
903 502 582 2000 1581 1660 1514 2092 -1942 
-10 226 169 78 1068 -284 385 3466 -188 
1170 923 1675 1108 1315 -116 853 1270 81 
-355 -22 100 -833 1528 250 1037 741 329 
-210 198 -7 -169 1013 -527 364 862 -490 
350 594 620 522 384 -293 548 577 -446 
494 255 1055 322 1424 0 1046 1284 257 
117 186 312 65 605 80 425 869 -500 
827 869 972 810 1178 594 823 1312 499 
-1455 -1514 -1364 -2457 100 -3800 -1215 625 -2121 
-1594 -1442 -1570 -1050 -52 -3150 -1200 -1171 -3657 
0 218 -120 -1210 215 -2725 622 1028 -1964 
-1713 -1351 -1011 -1325 725 -2566 -1533 466 -1115 
-1184 -596 -957 -720 383 -1425 -443 -375 -558 
-432 -175 -32 -705 400 -866 -13 -882 -1276 
-165 -103 -248 -1033 -133 -2066 377 2400 -707 
-267 -553 -303 51 756 -416 -766 457 -642 
82 345 120 25 624 -577 314 553 -691 
-1424 -841 -810 -2422 -1053 -2425 -1100 77 -1300 
-1257 -653 -535 -175 -16 -1115 -244 -435 -1395 
-348 -246 -274 -488 -53 -676 102 -63 -933 
-968 -799 -520 -847 89 -1235 -559 114 -811 
-504 -397 -270 -402 -83 -463 -319 -144 -422 
-132 -111 -22 -323 9 -248 -29 -68 -201 
-137 -305 -74 -559 -115 -479 -288 278 -783 
-421 -317 -175 -446 -169 -426 -294 77 -526 
-2 8 170 -225 141 -181 -47 135 -222 
49 61 -606 -1133 -750 -3371 575 1963 -911 
-740 -360 -1000 -533 653 -718 -150 -700 -2325 
33 328 371 175 200 -1160 350 -60 -1114 
-713 -445 -237 -511 205 -1019 -170 145 -168 
-437 -275 -224 -277 -92 -457 -87 -179 -373 
7 -5 173 -67 539 -4 119 167 22 
161 81 258 -388 -92 -865 -227 437 -425 
-385 -268 -76 -360 -120 -366 -198 184 -440 
175 131 317 -138 199 -166 27 136 -147 
148 564 133 310 1565 -1414 2066 2724 509 
-245 185 492 -117 1334 463 57 800 -52 
1413 1192 1900 238 1456 1300 -36 1716 -123 
-220 175 -80 -1240 8 -962 -28 1300 36 
-470 50 -342 29 1241 -192 397 120 -200 
367 676 608 153 957 -200 682 744 -444 
953 1686 1059 630 1223 -245 2111 3295 -777 
278 498 523 260 1075 -142 606 -542 -443 
702 921 933 300 1662 11 1104 1289 698 
-512 -421 -192 -1550 -529 -1700 -483 1483 -768 
-437 -237 -30 266 -345 -821 59 600 -231 
305 617 218 91 789 -777 -546 214 -376 
-367 -240 -102 -24 635 -84 105 261 -186 
-136 -105 23 -29 212 6 -41 210 -216 
332 241 389 96 341 53 318 423 226 
517 152 447 342 35 606 239 248 -50 
-88 -106 31 -137 77 -185 -168 428 -191 
408 207 499 96 296 137 251 393 194 
761 951 949 790 1639 -472 739 2406 342 
-50 476 359 357 343 129 532 612 362 
805 944 807 680 1312 -764 87 1192 103 
29 98 315 -155 683 -448 366 923 -66 
-14 53 148 52 277 36 116 132 -69 
455 310 504 329 724 165 438 520 232 
692 613 992 199 382 238 800 1067 291 
104 105 252 -8 255 104 177 219 21 
560 495 619 314 499 297 417 517 199 
-2851 -2137 -3060 -2188 423 -3957 -1985 980 -3074 
-2419 -3127 -3283 -2928 817 -3070 -2584 -4371 -3126 
-683 -533 -1406 -366 2500 -2320 -1533 450 -3112 
-2468 -3661 -2832 -1800 -3177 -3814 -880 -1060 -3652 
-2298 -2022 -2360 -2364 -228 -1742 -1930 -223 -2585 
-1128 -1022 -1307 -1533 685 -866 -1863 -1433 -2277 
607 533 2300 -900 440 -1200 -733 833 -2507 
-1580 -1218 -2476 -1637 933 -773 -1175 233 -2377 
-478 714 -978 554 2088 -2300 29 668 -1339 
-3002 -2776 -3241 -4377 300 -4342 -4088 -2828 -2446 
-3409 -2035 -2840 -2039 654 -2844 -2560 666 -3761 
-1395 -819 -2446 -2000 933 1100 -1620 -1250 -3834 
-2865 -1790 -2547 -3914 -300 -1888 -3325 320 -2847 
-1639 -1186 -1017 -1244 85 -1248 -754 -543 -1690 
-557 -428 -674 -1000 -412 -600 -401 -479 -1235 
-1350 125 -2028 -1050 0 -3885 -566 600 -700 
-1300 -1021 -1675 -1686 -648 -1800 -1366 -600 -1733 
-427 336 -403 -588 -82 -183 -144 -347 -1415 
-1590 -672 -813 -1866 -325 -1945 -66 -400 -833 
-340 -1100 -1560 -2750 1811 628 -566 1225 -2171 
973 400 304 542 800 -125 0 -100 -2615 
-671 -1100 -1083 233 -650 -20 -875 275 -640 
-608 -518 -459 -573 435 -217 -133 242 -1521 
-78 442 -113 -533 875 733 376 466 -891 
179 -275 -83 -942 1500 -1416 433 -1150 -866 
-514 -581 -286 -7 205 -194 -487 214 -1160 
149 192 221 30 821 -309 500 519 -664 
-2516 -2258 -1934 -1028 -160 -2526 -1381 108 -2387 
-2635 -1384 -2050 -833 -352 -2000 -1563 0 -2752 
-1381 -1300 1277 231 300 -1633 57 400 -2368 
-2411 -1504 -2020 -1525 -1850 -1377 -1100 -975 -1568 
-1749 -1404 -1264 -1092 -585 -1646 -477 -1455 -1530 
-771 -1080 -315 -714 1542 -666 -762 -127 -1757 
-394 -496 176 -3333 728 -2000 -560 828 -1460 
-1447 -1963 -888 916 374 -1261 -375 -500 550 
-93 200 142 -205 -424 -575 -276 297 -570 
-2209 -1569 -1786 -1362 -433 -2039 -1082 22 -1763 
-1675 -844 -1431 -2000 -476 -1264 -971 -1666 -1802 
-959 -895 -814 -783 -491 -1730 -1060 172 -1547 
-1561 -1240 -886 -1038 -504 -1165 -797 -579 -1221 
-807 -468 -455 -488 118 -232 -490 -319 -616 
-200 -116 -6 -510 -170 -489 -225 16 -300 
-816 -661 -589 -415 544 -1372 20 657 -1025 
-826 -472 -351 -720 -368 -545 -522 -254 -871 
-150 -166 0 -488 35 -309 -246 -54 -376 
-1457 -1300 -1503 180 457 -1061 100 614 -142 
-1146 -791 -575 -544 126 -666 175 20 -1633 
-287 443 -389 -451 337 -953 -263 -85 -422 
-1211 -883 -940 -1605 -104 -1210 -321 -176 -751 
-763 -473 -466 -598 -238 -599 -545 -459 -766 
-191 -278 -122 -390 352 -529 -154 -131 -318 
-257 -277 64 -445 220 -49 -194 369 -691 
-841 -469 -393 -588 -217 -349 -382 -212 -679 
-46 -61 139 -348 144 -362 -214 -53 -331 
-1672 533 -1729 -1288 -563 -2600 -640 666 -525 
-1307 -675 -800 -1600 360 -1760 0 -733 -1800 
552 -600 555 -575 933 -100 200 866 -1480 
-1342 75 -1685 -1000 1033 -766 -1000 -1066 -466 
-1304 -900 -1157 -1389 -175 -957 -363 1028 -527 
-514 755 400 200 0 66 854 -500 -563 
1654 2160 -1300 33 833 -400 -1100 2575 33 
-909 -928 -980 -1218 753 111 -214 933 200 
-61 866 633 -557 1512 -14 351 1541 152 
-1117 -1153 -572 966 500 485 550 775 133 
-1360 -692 -1166 -1175 -50 -266 -760 166 -276 
-566 550 -1466 533 1733 0 140 0 1133 
-906 -441 -261 -1338 -311 383 -655 782 -182 
-462 -100 -257 -381 -27 -601 -397 -84 -891 
19 145 70 -716 321 -1055 3 275 -374 
-224 -100 -200 642 1114 120 25 1460 -50 
-571 -53 151 -295 1 -335 -308 363 -530 
-94 26 -56 -337 294 -705 -188 202 -365 
-210 -480 113 692 -260 -60 1178 1037 911 
-1210 -881 -87 -276 81 66 -231 -480 -625 
8 215 -39 331 227 1057 192 684 107 
-1214 -736 -336 -726 -264 -876 66 -1880 -1190 
-466 -196 -58 -237 206 -202 -148 -175 -611 
75 370 371 -118 503 -342 -1 426 -296 
87 149 -84 -581 49 -318 12 348 -806 
-423 -272 -148 -380 89 -161 -193 139 -388 
221 127 355 -105 455 -201 95 163 -234 
-2387 -1036 -1517 -593 431 -3493 -3760 -490 -3553 
-2217 -2068 -3831 -1453 224 -2960 -600 0 -4350 
-952 -727 -168 -587 840 -2233 -1822 1960 -3175 
-2722 -1047 -2311 -2700 -637 -2513 -1000 -2057 -2811 
-2150 -1866 -1400 -1655 -3 -1524 -1587 -650 -1517 
-903 -400 950 320 1220 900 -540 -333 -2109 
-1641 1866 -480 -657 700 -844 457 225 -425 
-1564 -2082 -1250 -550 672 242 -288 466 -955 
44 230 -137 -880 1207 -575 120 155 -1554 
-2430 -2235 -1795 -2626 -142 -3833 -1254 -2066 -2000 
-1924 -1466 -2058 -3433 981 -3171 -646 600 -2294 
-588 -1173 -1247 -2288 450 120 819 -1571 -2400 
-2484 -2786 -408 -1925 -342 -1800 -1200 -340 -2105 
-1202 -711 -912 -895 119 -847 -654 -252 -1253 
-278 -122 -370 -356 -72 -1421 7 -52 -1273 
-1415 -957 430 -457 -25 -66 -233 66 -1500 
-675 -342 -630 -805 167 -563 -92 1166 -400 
-352 20 -547 -343 236 -655 159 242 -1278 
-1780 -777 -856 -1222 -520 -940 -377 1000 -333 
-973 -1038 -1323 -200 218 -1646 171 -200 -966 
-184 -575 -270 -211 177 -900 -876 2025 -2533 
-1207 -1742 -1200 325 -1600 -575 -275 -571 -700 
-904 -686 -802 -761 -180 -825 -794 -57 -1127 
-298 -144 -830 -352 1355 -233 -415 440 -1696 
363 -983 -2066 -977 0 133 -200 966 -20 
-292 -327 -370 -76 264 -671 -171 426 -663 
172 296 -122 -45 707 -236 600 438 -558 
-2566 -2374 -824 -3473 -1560 -2372 -1261 -1542 -3787 
-2359 -1660 -3964 -1514 -57 -1400 550 75 -3400 
-1982 -1400 -447 -635 293 -2160 475 711 -2815 
-2037 -2627 -1633 -1360 -975 -3755 -1945 -2580 -1716 
-1692 -1488 -1965 -1206 -672 -1541 -800 -733 -1780 
-151 -125 -533 -536 -171 -950 -275 -600 -1333 
-1094 -1325 -771 -1675 -628 -1257 -1000 -475 -2375 
-890 -1650 -1729 -761 -248 -129 -2450 66 -1525 
-356 968 -622 -274 64 -1366 -426 -86 -634 
-2205 -1331 -1524 -2954 -1171 -2566 -1712 -1295 -994 
-1927 -634 -1303 -1215 -550 -1180 -782 -443 -1252 
-917 -312 -592 -707 -264 -933 -181 -129 -955 
-1529 -1008 -1063 -1431 -743 -1476 -839 -333 -1264 
-799 -421 -413 -735 -161 -538 -750 -459 -1066 
-408 -230 -222 -866 -355 -977 -565 -128 -804 
-1023 -683 -253 -1316 191 -907 -1127 360 -1166 
-1029 -653 -544 -994 -496 -901 -789 -151 -1548 
-267 -212 -71 -596 -14 -807 -412 -139 -741 
-1634 -1650 -1317 220 -745 -2412 -800 -1142 -1769 
-1963 -729 -163 1076 -114 -777 613 125 -1533 
-248 87 -243 75 -309 -885 44 -333 -1952 
-1363 -1136 -913 -2763 -650 -1566 -1060 -1514 -1075 
-859 -527 -510 -732 -390 -939 -746 -411 -1494 
-420 -408 -315 -1025 60 -1230 -450 27 -945 
-453 -522 -520 -1191 -649 -687 -365 -92 -1022 
-862 -471 -502 -675 -216 -706 -508 -89 -1117 
-227 -163 -72 -453 242 -405 -178 -98 -677 
-1947 -1320 -1440 -1400 1084 -3377 -1123 805 -3322 
-2029 -1146 -2077 -1832 624 -1610 -1600 -836 -2347 
219 528 440 1186 2900 -1350 -355 1500 -2112 
-2230 -1404 -1593 -2857 -755 -2752 -2109 600 -1848 
-1744 -483 -1588 -1417 869 -1727 -1417 435 -1711 
-432 533 118 -900 425 -300 -1084 961 -1273 
-226 542 546 -4850 1160 -1900 54 2940 -3311 
-1190 -129 -1078 -1269 404 -125 -187 900 -740 
-143 1160 351 -296 1096 -900 87 1311 -867 
-1676 -1371 -1702 -2405 424 -2456 -2113 -66 -1491 
-1706 -210 -1381 -1468 -648 -1205 -1369 -1064 -705 
-776 -648 -966 -1404 -237 -1644 -492 -554 -1489 
-1149 -948 -897 -1185 -449 -1481 -788 177 -834 
-562 -219 -246 -438 38 -288 -512 0 -825 
54 200 119 -563 17 -857 -205 167 -369 
-741 -601 -466 -435 113 -885 -450 1027 -1262 
-338 -176 -130 -379 50 -259 -567 2 -1046 
-5 103 96 -222 263 -463 -143 216 -321 
-767 -744 -252 -767 127 -924 -223 98 -741 
-1316 -769 -723 -944 -127 -1429 -883 -235 -761 
-305 -132 607 -469 -101 80 -487 380 -543 
-1130 -883 -744 -1056 -287 -773 -1010 -610 -1181 
-513 -244 -211 -408 27 -259 -426 9 -666 
-104 42 90 -347 266 -406 -128 175 -453 
-159 -73 177 -649 61 -468 -446 573 -425 
-449 -202 -151 -443 -71 -290 -489 219 -620 
46 83 152 -350 133 -294 -327 -122 -558 
