179 0 0 0 0 0 0 0 0 
0 0 0 0 0 0 0 0 0 
0 0 0 0 0 0 0 0 0 
540 0 0 0 0 0 0 0 0 
103 0 0 552 1750 0 33 0 0 
-222 0 0 0 0 0 0 0 0 
-184 0 0 0 0 0 0 0 0 
516 0 0 -33 0 0 0 0 0 
138 0 0 -1500 0 0 -307 0 200 
-9 1415 -2380 0 0 0 0 0 0 
0 0 0 0 0 0 0 0 0 
0 0 0 0 0 0 0 0 0 
188 1468 -1133 0 0 0 0 0 0 
-100 250 766 328 -300 0 0 0 0 
-40 0 0 0 0 0 0 0 0 
-416 371 459 0 0 0 0 0 0 
480 0 0 0 0 0 0 0 0 
-239 1133 -75 0 0 0 -650 700 -33 
459 1702 -696 0 0 0 0 0 0 
0 0 0 0 0 0 0 0 0 
0 0 0 0 0 0 0 0 0 
560 -88 594 0 0 0 0 0 0 
486 0 657 1242 633 -466 0 0 -200 
-230 0 433 0 0 0 0 0 0 
252 120 -572 0 0 0 0 0 0 
-485 0 900 0 0 0 0 0 0 
89 0 538 -233 0 0 180 0 0 
-113 93 -888 -37 1700 100 633 511 0 
107 0 333 33 733 -400 1633 0 633 
-1266 -400 0 500 0 0 0 533 -400 
238 983 0 -260 0 -133 633 -600 0 
-211 -100 233 -1369 900 66 1266 0 0 
333 -33 0 0 0 0 0 0 -500 
-327 1112 -100 -400 0 0 0 66 0 
-2033 0 0 533 66 0 366 0 0 
-465 300 33 -850 400 633 333 0 666 
594 2035 -1040 2600 2843 1533 466 3693 0 
2285 1985 733 1700 4167 2754 766 0 1644 
1666 -2000 500 175 2820 0 33 3376 1725 
480 1092 0 233 1480 1285 0 0 0 
468 1209 325 2685 2876 400 1466 0 0 
733 300 0 0 0 0 33 0 0 
133 1479 -700 2800 342 -166 0 0 0 
640 600 -225 1675 1880 1320 0 0 0 
535 700 0 533 733 0 1300 2533 2773 
-1736 -2038 -883 -2346 -1839 -3188 1019 -3020 0 
-2469 -880 -160 -566 -2500 -3957 0 0 0 
-1200 -1892 0 0 0 -100 0 0 -1500 
-1194 -1705 -280 -3060 0 -960 0 -600 0 
165 -280 633 500 66 633 0 0 0 
-400 0 0 0 0 0 0 0 -66 
-1204 -2154 -1770 -2857 400 -325 0 -1650 0 
-340 -266 0 0 -766 -900 0 0 0 
-903 -2400 0 -333 400 566 966 0 -1300 
324 566 207 0 0 -366 1121 700 633 
1166 0 -233 0 1019 -566 1428 0 0 
-740 -33 0 -1166 -300 0 -1400 500 -100 
195 -733 1530 0 0 -233 -200 0 0 
-459 0 500 -1444 266 -150 1200 0 500 
450 533 0 0 0 0 -566 -33 -1500 
-300 0 -35 0 0 0 -325 300 0 
180 0 0 0 0 0 0 0 0 
-765 0 1150 -633 -600 0 -80 -666 320 
1977 1706 2357 714 0 3002 2582 3170 2031 
-733 0 1923 0 3900 0 3725 700 866 
1027 85 833 -666 -1733 0 0 2633 3414 
1285 933 1933 -800 66 0 3475 1700 66 
696 -166 1333 766 1000 800 366 1066 666 
900 100 0 0 0 0 0 0 -933 
1111 1309 1175 0 100 2000 1450 1860 0 
-333 0 1125 0 0 0 0 0 0 
112 733 800 -300 -600 0 266 1650 -1225 
-165 1876 -1882 -533 0 -2595 -2427 -1975 -2535 
914 0 -688 0 -1000 -3066 -2033 0 -2330 
-1847 -1000 -700 0 -2600 0 0 -2923 -3701 
41 1680 -695 0 0 -2000 -1270 100 -933 
0 233 -189 -900 -2894 -1933 133 0 0 
233 600 -75 0 0 0 833 0 -1600 
-275 133 -1267 0 0 0 -1184 -900 -733 
-466 0 -350 0 0 0 -366 0 0 
-720 866 -283 -1700 0 0 500 250 -2666 
-688 0 0 -627 0 0 -500 0 0 
-168 0 0 800 -780 1425 238 0 1600 
-833 0 0 -328 0 0 0 0 -874 
-164 0 0 14 0 0 743 0 0 
-232 0 0 -275 540 833 848 0 1955 
-317 0 0 -800 0 0 -1000 0 -1320 
-813 0 0 -921 0 0 0 0 0 
-510 0 0 -112 20 0 364 0 -266 
-475 0 0 -386 -500 0 315 233 -1209 
-873 -711 -2014 -710 1070 -1050 266 0 0 
17 492 1000 -300 988 250 300 0 1400 
1725 0 0 -433 1600 0 0 0 -508 
-462 -360 -750 -1118 -1142 0 1900 2025 0 
-104 -369 266 -304 1630 -466 1488 1150 1533 
90 1300 0 0 0 0 533 1033 -533 
-778 -664 -1066 -870 293 -766 -633 0 0 
63 0 -833 720 -90 0 66 0 0 
-397 -525 -933 1500 171 -1033 112 1200 -600 
-629 450 -2139 297 0 -42 -1025 0 -966 
-182 -1233 -1425 -488 -100 -676 352 0 -2680 
466 0 0 -1709 0 13 0 0 -2742 
-178 66 -950 -142 0 1166 955 566 -1564 
38 166 500 51 975 -473 630 0 -813 
79 0 -2080 0 0 0 1033 0 -466 
-487 233 -1109 -141 -866 -2220 0 0 0 
-80 0 431 -1309 333 -1200 1633 0 1166 
-36 0 -2577 -1333 133 -925 150 266 -1566 
-1021 -539 -20 -1061 553 -844 -133 0 0 
225 -114 680 -381 -200 680 100 0 100 
-1266 1050 0 -51 -800 -563 0 1033 -980 
-215 -203 0 15 0 -33 -533 1600 0 
134 -49 300 -209 280 487 1900 133 1288 
-27 0 0 0 0 0 900 0 0 
-620 -114 -166 -975 50 -166 0 0 0 
-307 114 475 -382 745 -142 -550 0 0 
-290 -742 0 670 -66 -1511 1647 22 483 
-1065 938 1125 233 1969 1523 1733 3344 -166 
473 1286 1017 2158 3667 1051 -480 1100 819 
1428 2768 -533 160 3038 1547 0 3363 682 
41 1542 96 -400 1984 483 1018 4800 366 
71 849 -47 -134 2938 457 288 4707 973 
4 2213 300 0 0 0 1433 1733 1060 
-418 563 -1312 -942 662 350 366 633 0 
28 1556 -1142 666 3254 257 266 0 133 
-373 123 66 -430 2711 848 1233 4321 1623 
-2023 -1757 -1847 -2207 -1915 -1646 -133 -1366 0 
-924 -1126 66 -1841 -1357 -1621 -20 -266 -100 
-1066 -100 0 -2742 -621 -1645 0 -33 -3138 
-741 -584 -723 -965 -633 -1531 -100 66 200 
-690 -411 61 -1355 7 -994 800 0 353 
-717 -750 -1125 0 0 0 333 0 -966 
-270 -1300 220 -1100 -610 -1630 0 0 0 
-245 13 -866 -1230 -1357 -1565 0 0 633 
-1895 -1266 -1533 -1230 -580 -483 1900 140 -1925 
-356 -200 -945 -211 0 -663 2180 0 800 
-44 -466 218 400 980 -707 0 0 20 
1242 -225 -33 -1357 0 633 0 0 -740 
-81 33 24 -66 0 -166 681 800 -75 
328 200 210 -705 3100 -40 1769 33 71 
-257 0 -288 -666 -666 0 200 0 0 
-114 0 542 -658 0 -1000 566 300 0 
221 0 50 -133 -33 -266 300 0 -100 
-678 0 -836 -200 100 133 1000 0 338 
-458 -831 -873 1419 1564 1975 -2300 1760 2266 
837 619 500 -333 -400 816 -100 -2280 400 
0 533 1000 833 475 0 0 0 -1004 
259 890 1055 -900 600 -1000 2690 2897 183 
698 -380 -100 1528 1877 769 2981 1323 222 
429 200 253 0 0 0 3100 -100 515 
-115 -1525 50 80 -444 -733 0 66 0 
426 100 -100 320 600 33 233 0 0 
116 0 -1714 1066 -66 -1233 2200 1415 -200 
-579 1584 -2468 -600 -366 -3079 -1826 -1366 -2765 
-669 -1780 -2219 -2257 -846 -2889 -885 -3600 -3007 
-2044 -1233 -1433 -4850 -2357 -3548 0 -1360 -3834 
288 1700 -1280 -866 0 -2175 -1000 -257 -1966 
-44 -233 -951 270 -627 -1959 525 -166 -2071 
320 -1633 -884 0 0 0 1433 0 -3190 
-35 200 -957 -600 -1266 -2784 333 33 -400 
221 33 -1026 -400 -2725 -2476 566 0 -900 
-364 -833 -2314 -566 -50 -1133 -1200 0 -2771 
897 0 0 -325 0 0 931 0 0 
-1542 0 0 0 1018 0 923 0 0 
260 0 0 -567 -1311 0 1112 520 -828 
906 0 0 0 0 0 623 0 0 
722 0 0 -25 1188 -300 793 0 -133 
424 0 0 -240 -366 0 595 0 0 
152 0 0 -538 0 0 -368 0 0 
301 0 0 -900 -166 0 0 0 0 
376 0 0 -966 -400 0 207 -366 253 
732 2154 2971 -866 700 0 352 937 -400 
-766 433 0 0 3381 0 1066 422 1000 
350 1560 -200 -706 307 0 375 2188 266 
301 872 -366 0 0 0 268 1514 -466 
35 1960 33 -579 1462 -633 -1133 400 0 
361 529 0 -740 -350 0 575 1550 525 
17 923 150 -1600 1100 0 66 583 0 
340 1768 0 233 -80 0 0 0 0 
395 1380 850 -1280 950 0 288 1041 245 
1092 1914 851 933 0 0 1265 866 -971 
0 0 533 0 351 0 455 0 -1816 
507 -266 -613 658 1200 -33 950 1266 40 
740 -33 897 0 0 0 1417 0 -400 
251 0 1400 -54 1258 -1600 -876 133 600 
115 100 520 400 300 0 1138 566 -375 
344 720 29 -1506 0 109 840 0 -175 
-63 266 123 533 -33 0 0 0 0 
268 0 736 -738 -133 -257 296 -800 -337 
454 775 1166 1250 366 0 594 1000 0 
-825 -900 600 -333 515 0 3611 228 633 
-6 708 1133 -381 -200 0 1955 -77 -133 
68 445 766 -375 0 -133 -186 171 0 
679 919 0 -1111 856 0 -700 733 -133 
-124 -690 -200 -166 0 0 66 -100 -133 
-77 293 0 -200 -866 0 -688 -400 0 
-460 228 833 -60 742 66 366 0 0 
-107 166 -366 -614 11 -500 -169 -120 -575 
725 2523 342 3163 2793 1300 1588 3808 960 
1611 2940 -2571 0 4280 2538 5690 4257 2292 
243 2092 900 1587 3576 1746 320 3758 1456 
-641 1106 0 0 0 -66 -525 1666 33 
572 2509 133 -500 3466 233 1900 980 -333 
-29 1586 266 -300 2480 0 0 3117 1000 
-130 955 -1171 40 2693 425 -640 2340 0 
-318 852 -166 1200 3702 933 0 0 0 
-143 885 -333 -661 1671 33 1056 3281 1063 
178 737 1160 -1366 -133 -1400 -900 625 -231 
600 -800 566 0 1089 0 1200 -233 1225 
-744 -488 -672 -1000 1171 1352 0 -150 -214 
222 0 459 0 0 0 640 -300 -1325 
-563 133 1133 -2257 811 -912 250 0 400 
755 -466 0 0 -66 0 1380 -233 120 
-1272 -717 -271 -3938 -1600 -1912 -175 0 371 
-921 -1350 -1620 -1266 733 -1033 0 0 0 
-800 471 166 -2800 -1446 -2448 -910 -600 -1869 
1272 -1300 762 -933 0 0 773 1400 87 
725 0 0 0 2066 -566 113 200 882 
607 -880 -137 -580 -466 0 3 625 -133 
1064 33 115 0 0 0 569 0 -955 
881 0 433 307 1951 -1320 425 633 266 
71 300 -226 0 0 0 262 -300 -353 
556 -200 154 -500 0 -566 692 900 0 
-441 0 -1171 433 1000 0 0 0 0 
89 400 78 -968 -1420 -740 289 960 -630 
2066 2289 1702 725 -1033 3575 1878 2400 1063 
866 0 -566 0 2415 0 2058 1090 736 
794 996 760 333 -140 -300 1833 1655 1569 
1208 672 -36 0 0 0 432 2250 -200 
2066 1375 733 1825 1547 311 716 1328 -428 
917 3171 614 333 0 0 1537 1704 1176 
804 1814 169 2225 1400 300 1275 1271 1218 
942 800 171 0 400 0 0 0 0 
538 900 85 -566 -260 -366 1944 918 344 
961 -839 -323 -2453 -857 -3623 -354 -1351 -1626 
-3166 -366 -2422 0 -1297 -3644 -2294 -790 -2934 
-300 -790 -1017 275 -1387 -33 346 -690 -2670 
805 -314 -756 -233 0 -833 341 -1960 -1354 
533 100 826 -342 -1189 -4317 -1760 -628 -3011 
130 -200 -231 -457 -700 0 509 -637 -1950 
472 -234 -1266 -200 -266 -2545 2375 -1476 -229 
-390 -866 -985 -625 -355 -2933 0 0 0 
-52 -329 -526 -1260 -913 -4429 55 -270 -2986 
-976 0 0 0 0 0 0 0 0 
75 0 0 0 0 0 0 0 0 
-716 0 0 0 0 0 0 0 0 
-523 0 0 0 0 0 0 0 0 
143 0 0 -521 -416 -1380 -499 0 -200 
-128 0 0 0 0 0 -184 0 -482 
-714 0 0 0 0 0 0 0 0 
54 0 0 -664 0 0 0 0 0 
-388 0 0 -347 0 0 -215 -341 -1204 
-1078 -331 -1725 0 0 0 0 0 0 
-208 196 228 0 0 0 0 0 0 
-529 -28 -133 0 0 0 0 0 0 
-628 316 -1580 0 0 0 0 0 0 
-248 162 -1066 -546 262 -644 -1178 -457 0 
-83 554 -933 0 0 0 -363 580 28 
-595 0 -766 0 0 0 0 0 0 
57 -27 0 -1142 333 0 0 0 0 
-439 295 307 -1825 0 0 -345 -44 -244 
-774 -281 -1531 0 0 0 0 0 0 
15 1338 -533 0 0 0 0 0 0 
-303 -533 -787 0 0 0 0 0 0 
-116 -379 -708 0 0 0 0 0 0 
59 274 -487 -118 150 -421 97 -33 -1120 
102 300 -211 0 0 0 -117 0 20 
-100 80 -785 0 0 0 0 0 0 
362 514 227 -375 0 266 0 0 0 
-239 -138 -590 300 0 0 15 -360 -820 
-1079 -617 -1333 -635 -320 -2733 0 -2514 0 
-471 -476 -140 -580 -1166 -1436 533 -100 0 
-630 20 0 225 666 -700 0 -566 100 
-460 -89 -566 -200 0 -1633 0 -919 0 
21 183 -815 -394 16 138 -666 -566 800 
-313 25 0 0 0 0 -455 300 -233 
-425 171 -166 -127 -33 -333 0 0 0 
132 -348 588 300 866 450 -33 0 100 
-365 135 -100 -242 -33 -533 -204 195 -333 
-956 345 -1028 -60 1742 470 -600 -1114 0 
-16 435 1912 750 1653 -70 2740 -266 2400 
173 358 0 0 2622 200 0 1942 2333 
-675 464 -911 -336 1560 -1120 0 666 0 
-69 271 818 -337 761 -276 200 -581 -175 
-258 485 -233 0 0 0 -1000 700 57 
-274 882 200 1120 766 -266 0 -633 0 
235 791 1000 1900 2106 516 20 0 966 
-422 96 -233 33 120 -200 -1561 145 115 
-2060 -1432 -1941 -3363 -1492 -2209 -233 -1873 0 
-841 -1219 8 -2676 -1013 -1750 133 0 266 
-503 -824 -1625 -828 -1533 -671 0 -133 -833 
-1099 -751 -1301 -1583 -375 -1442 -825 -2253 0 
-397 -294 -15 -605 25 -546 314 -33 350 
-73 306 -290 0 0 0 0 1033 66 
-869 -830 -256 -2266 -140 -1075 0 -266 0 
-123 226 714 -440 700 21 0 0 1000 
-635 -450 -1145 -266 -1066 -447 -609 -220 -1102 
-394 -1240 -698 -1000 0 -85 -600 -100 0 
124 -166 -419 0 -466 100 -254 -181 933 
-321 75 162 -1033 300 0 -66 33 -1733 
-221 -490 -296 -1800 0 -1533 -1224 40 33 
167 750 497 100 82 -227 -206 568 -266 
189 450 -37 -1300 -633 0 181 120 -381 
-155 0 -237 -833 0 -400 -971 66 0 
320 0 261 350 0 -400 33 0 100 
74 333 223 -166 -633 0 -186 347 -483 
158 156 1173 -633 -533 -450 2168 786 2105 
-158 -233 -107 0 -1125 -100 771 236 925 
239 453 591 -800 0 0 466 1639 -133 
121 893 650 -2266 0 2222 2007 950 1112 
93 256 157 568 451 -700 791 140 768 
218 268 696 0 0 0 -442 331 923 
429 509 734 0 66 -33 500 2960 100 
1014 833 480 266 -700 0 0 0 -333 
-69 327 305 -600 0 0 327 39 89 
-303 -1186 -1740 0 0 -2664 -2648 -1609 -2357 
-21 1400 -1213 0 250 -1900 -1980 -942 -1968 
-642 -857 -850 -1500 -800 0 -366 -2044 -3666 
-76 183 -1091 0 0 -2600 -1570 -175 -1842 
118 -152 -562 -346 -396 -309 -672 -86 -913 
344 -733 -546 -900 -100 0 -207 -1291 -1763 
-432 -233 -917 -266 0 -1050 -1244 -1971 -1933 
357 0 -240 200 -550 -285 -1166 0 -1375 
-179 -600 -569 -2300 0 133 30 -163 -1067 
-638 0 0 -589 0 0 262 0 0 
-392 0 0 -266 -19 -70 157 0 358 
-829 0 0 -966 -133 0 0 -133 -1020 
-524 0 0 -461 0 0 15 0 0 
-221 0 0 -8 -48 -235 131 0 252 
-134 0 0 -200 -300 0 140 0 -600 
-542 0 0 -362 0 0 57 0 0 
-240 0 0 -345 0 0 321 0 433 
-599 0 0 -467 -175 0 -118 98 -659 
-780 -359 -1183 -1026 -320 -2160 -1240 0 0 
-558 -353 -1055 -498 51 -116 181 -380 101 
-559 -513 -433 -576 96 0 -475 -233 -755 
-537 -252 -1190 -651 -173 -1223 -13 437 -950 
-288 -128 -890 -65 317 -365 194 700 230 
42 498 -82 1000 0 0 281 1307 383 
-498 -145 -1028 -575 253 -1900 914 0 0 
-173 92 -403 -189 245 -57 582 0 520 
-420 -217 -306 -351 139 714 -142 50 -487 
-557 -1069 -1472 -625 -1385 -1003 0 133 -2925 
-422 -400 -1068 -514 94 -910 111 -166 -71 
-454 -37 -759 -957 -133 -487 260 0 -1322 
-413 -606 -1042 -504 72 -812 130 314 -266 
-156 -249 -639 86 89 -228 138 -314 -105 
17 0 -360 -300 0 0 111 0 -414 
-364 500 -939 -384 -210 -757 80 0 -633 
-33 185 -421 -276 54 -302 504 0 82 
-365 -420 -863 -413 -314 -115 -77 319 -722 
-536 -584 224 -593 -425 -865 31 29 -225 
-523 -412 -205 -440 -25 -653 58 0 101 
-333 -85 376 -526 -65 -372 -910 -903 -976 
-417 -373 -30 -488 -624 -535 -457 -301 -328 
-242 -133 -126 -44 463 -103 121 -103 510 
57 104 328 -291 -317 0 218 -566 13 
84 -47 361 -328 -430 -358 333 255 425 
-225 -150 -49 -120 25 -324 196 0 457 
-241 -310 -85 -428 -256 -265 -366 -255 -335 
-634 -83 -99 -848 419 -365 80 1118 294 
-615 -332 -445 -527 831 -496 61 115 -27 
-89 486 329 -50 1153 251 -403 909 1 
-675 50 -137 -660 252 -381 -474 122 -450 
-253 -222 -296 -13 1519 57 220 312 169 
22 186 -161 -394 184 0 236 639 24 
116 554 65 -257 449 -55 404 977 362 
-147 78 -106 -283 1332 21 1109 0 595 
-87 55 -178 -357 682 143 -338 268 -211 
-993 -859 -1164 -1613 -860 -1179 -324 -614 -685 
-1193 -891 -1452 -1616 -410 -1270 -162 -720 -408 
-574 -611 63 -1162 -157 -372 -878 -614 -1083 
-955 -820 -791 -1035 -821 -1273 -517 -925 -1101 
-400 -465 -648 -298 387 -175 240 -324 -129 
-29 10 -121 -616 -189 0 185 13 -245 
-196 -388 -325 -806 -414 -996 360 400 140 
-294 -216 -489 -702 195 -276 587 0 273 
-147 -88 -378 -527 70 -50 -631 -554 -751 
-474 -1771 -455 -525 -280 -478 -270 -360 152 
-415 -1047 -516 -58 243 -388 95 -66 -69 
-344 -492 -513 -1152 240 -91 -535 -966 -1233 
-432 -360 -205 -378 485 -229 -67 -106 -627 
-121 -290 -220 650 797 185 379 207 186 
10 -47 -93 940 0 0 306 432 -199 
-85 -1133 -110 -339 -100 -340 107 66 696 
52 280 -209 259 982 571 537 0 230 
-52 -345 -367 -269 -142 219 -39 -257 -301 
-527 -305 -401 -65 -48 -1072 -327 289 -208 
-375 -715 -723 -1043 -88 -1213 -688 -635 -383 
-568 -337 -267 625 -450 680 -338 -536 -794 
-305 -38 -405 -438 101 -635 513 866 -324 
50 -300 -346 921 960 18 605 189 81 
352 217 8 0 -240 0 1043 166 216 
-10 304 10 -260 210 875 -628 1171 241 
-27 79 -225 -218 606 433 740 0 457 
-24 -53 -64 -252 31 205 229 -77 -600 
-463 -1420 -1286 -928 -1057 -2166 -1683 -1395 -1669 
-464 -605 -1151 -484 -392 -1893 262 -1509 -1220 
-205 -400 -574 -723 -771 -1244 -750 -1977 -2566 
-356 -172 -938 -344 -247 -1436 -129 -196 -1676 
-135 -320 -517 614 223 -318 456 -602 -583 
99 58 -35 1060 725 0 510 -587 -795 
-99 125 -741 -218 -94 -1916 -875 -300 -185 
103 46 -266 -1 605 -101 548 0 -220 
-43 -53 -207 73 546 -181 66 -480 -1207 
-46 0 0 342 0 0 -28 0 0 
54 0 0 -225 517 0 367 0 1161 
-86 0 0 -667 -919 0 -327 220 -925 
327 0 0 -971 0 0 -50 0 0 
614 0 0 130 759 123 499 0 1573 
449 0 0 -298 -687 0 286 0 298 
78 0 0 -303 0 0 0 0 0 
43 0 0 -528 351 0 1140 0 1786 
255 0 0 -583 -913 0 49 287 302 
-29 384 -644 0 266 0 -283 -11 -1100 
-73 36 0 33 522 0 277 4 700 
15 385 -616 -1000 66 -233 -217 162 0 
-138 268 145 -1733 -133 0 -182 -92 -659 
214 964 200 68 691 -595 316 162 536 
170 728 -66 -716 -1042 0 291 685 518 
-10 170 -125 -424 308 0 -206 180 100 
-174 396 -433 -372 116 0 280 0 640 
202 598 267 -995 -80 -200 16 266 215 
45 1133 -263 533 0 0 -92 -366 -730 
2 400 -562 -66 70 0 -63 -940 -985 
-113 -593 -363 -1091 -1254 0 -302 -69 -822 
295 182 -28 -166 0 -533 135 182 -752 
447 125 -42 130 558 -26 307 -212 -182 
350 742 23 -744 -1633 0 247 256 43 
160 1292 -66 -555 700 288 236 766 -729 
283 818 -257 -587 342 533 400 0 166 
329 519 9 -713 -1590 200 147 120 -155 
-136 -66 466 662 -380 -766 -472 -282 -66 
-719 -66 -860 -1314 -184 -766 -551 -569 780 
108 22 1485 -688 -26 -33 -752 -243 -900 
161 -137 -33 533 -420 0 -369 -211 -33 
239 364 184 159 292 771 464 -670 386 
49 341 100 -678 -683 0 -53 -522 -13 
257 73 766 -109 671 -66 225 -170 -133 
-142 62 -42 -283 -12 -444 1628 0 -266 
-42 420 -371 -789 -546 -504 -945 -182 -644 
-240 755 -666 -760 1200 100 -360 936 -323 
-380 65 1440 66 1335 1050 563 1 -248 
176 799 866 -466 1169 2011 -973 975 -129 
-38 426 -33 -466 553 -433 -463 245 -364 
10 300 866 85 1345 984 43 -99 -560 
-482 58 -784 -600 151 0 421 455 -440 
380 791 -445 228 1429 -377 1011 980 -146 
-460 -67 213 -290 953 92 -566 0 -66 
-4 374 -70 -1100 162 -170 -1242 111 -507 
115 164 300 -60 -800 -1371 -1867 -344 -385 
66 -262 0 100 67 -1040 -933 -1744 -262 
-22 -156 1280 -1033 391 214 -1094 -33 413 
-247 315 -333 -966 229 -1909 -1241 -331 -861 
-136 136 618 296 582 -30 23 -755 -825 
-627 92 -127 66 -400 0 193 -209 -417 
-21 -136 -389 -1514 -74 -178 880 -85 -95 
-577 -123 -236 -1380 42 -587 0 0 -200 
-249 227 -205 -1533 187 -476 -1515 -13 -1276 
5 -25 135 -408 0 -100 -145 -262 -54 
36 -650 -84 312 442 100 -239 -124 -205 
198 -120 103 -504 320 233 -211 255 -321 
170 114 298 -16 0 -840 -157 -277 -140 
565 -133 544 586 930 714 168 159 197 
446 272 290 -300 -1844 0 264 327 52 
171 -900 253 320 300 -168 -12 147 366 
2 459 -130 -243 1466 485 733 0 988 
395 427 168 -141 -225 -1122 49 -6 -249 
727 255 945 425 630 -800 -183 268 84 
192 466 11 720 591 1933 328 -260 -537 
598 558 554 228 173 0 783 683 175 
206 465 747 -133 -100 -450 174 -18 -96 
531 1098 410 980 849 1279 631 -213 -344 
183 914 -22 -1266 -752 0 460 68 -158 
545 505 676 170 615 1933 573 1092 114 
-72 72 -244 260 438 33 700 0 514 
439 1192 449 -1700 80 -566 383 31 -342 
60 -264 -725 -250 240 -2264 -131 -540 -1463 
-318 -505 -1131 -320 -242 -2000 -362 -969 -1580 
62 51 -80 -1186 -627 -225 -106 -254 -1490 
288 -180 -262 5 -165 -1490 182 -332 -881 
390 255 106 819 228 -4 230 -495 -865 
121 270 0 -1416 -1255 0 263 -8 -938 
341 -46 -372 743 647 -922 241 -89 -812 
190 212 -314 -514 -248 -1150 800 0 -585 
331 626 301 -533 -963 -938 240 -114 -1191 
1227 0 0 0 0 0 0 0 0 
716 0 0 0 0 0 0 0 0 
114 0 0 0 0 0 0 0 0 
1040 0 0 0 0 0 0 0 0 
556 0 0 444 1573 1783 140 0 0 
113 0 0 0 0 0 1694 0 0 
797 0 0 0 0 0 0 0 0 
242 0 0 863 1827 0 0 0 0 
111 0 0 951 -500 0 798 1473 1170 
872 1954 1280 0 0 0 0 0 0 
380 1250 1250 0 0 0 0 0 0 
115 618 -400 0 0 0 0 0 0 
343 1170 -540 0 0 0 0 0 0 
360 603 575 93 1375 -1160 1500 -133 0 
-231 668 -875 0 0 0 766 633 0 
407 795 30 0 0 0 0 0 0 
-35 306 320 94 220 -66 0 0 0 
-3 583 -516 -393 1290 -366 257 474 11 
1406 2129 713 0 0 0 0 0 0 
600 733 -753 0 0 0 0 0 0 
194 1050 283 0 0 0 0 0 0 
860 -1225 648 0 0 0 0 0 0 
523 1800 82 490 662 -38 285 0 0 
148 -425 -106 0 0 0 1300 133 400 
846 1164 101 0 0 0 0 0 0 
171 -177 -336 472 780 0 0 0 0 
277 233 48 1378 -500 33 497 371 -114 
534 677 1733 780 2333 1833 0 1888 0 
377 926 -840 100 675 -200 866 0 0 
218 132 0 -33 -200 -87 0 266 33 
475 331 1333 700 0 -600 633 0 0 
176 -131 1600 -84 627 -308 -600 0 0 
-105 12 0 0 66 0 425 0 -633 
307 371 1066 -125 -66 -475 466 775 0 
-109 -291 -133 -500 -250 -576 933 0 0 
-112 -141 -566 -25 -83 8 -74 435 420 
610 1712 1800 2572 2505 1284 900 3056 0 
336 865 1422 300 3233 1557 0 33 133 
-9 685 0 1081 1866 852 0 2442 1744 
616 692 -33 825 1293 475 0 1900 0 
14 400 2600 414 1093 180 566 0 633 
196 898 -233 100 1400 0 -233 -33 -275 
382 1097 1114 1368 1545 42 333 2400 0 
-79 318 363 505 1825 1180 0 0 633 
-83 467 425 296 1153 -96 -98 626 384 
193 -683 573 -1666 87 -948 2033 2036 266 
200 -752 -662 0 -320 -1875 0 0 0 
-72 242 371 -1466 33 -300 166 566 525 
-679 -1164 448 -2366 766 60 -66 0 0 
181 -235 647 360 323 -32 1533 0 0 
166 -306 272 0 -800 0 966 133 -25 
135 -540 343 -34 600 -360 1775 -1650 1333 
-268 -541 20 371 280 -565 0 0 0 
-226 -398 -232 -562 -1013 -17 0 336 -635 
1001 -866 203 -33 0 400 1514 1875 200 
624 466 213 0 0 0 260 0 0 
326 2266 628 0 0 -66 1200 1040 -400 
471 0 551 266 0 -100 180 666 -33 
481 33 125 605 1710 -230 333 80 -33 
-181 90 -231 100 100 0 233 -375 900 
748 500 292 -433 0 -1228 450 1500 800 
193 0 -197 -854 -533 333 0 0 0 
157 708 44 714 -166 300 632 70 36 
1895 2256 1777 -466 33 2500 2757 2670 2200 
677 50 702 0 0 400 -400 630 133 
606 682 1027 0 -1320 0 2533 2085 1260 
880 477 928 133 66 350 1171 1750 -466 
612 1011 780 870 2226 827 1420 -183 0 
462 1055 459 0 0 0 1133 1270 1533 
1098 1147 1111 50 -166 1821 1820 1950 1533 
180 1046 -50 987 -57 0 0 0 0 
399 660 288 133 -50 -400 646 766 351 
1049 -1240 -313 0 0 -225 342 -786 -1314 
173 0 -101 0 -60 -1433 -60 33 -1066 
287 -1156 -435 -433 -1100 -100 -911 241 -1987 
-156 466 -831 266 0 -1333 -1520 0 33 
519 200 -220 -123 28 302 -466 100 -333 
-202 -1220 -859 -1340 625 0 -1733 -2184 -1880 
847 -400 -586 433 0 -233 -1505 -1857 -1282 
-426 -833 -538 416 100 75 0 0 0 
290 -500 -360 -280 -333 -1666 163 -373 -1067 
115 0 0 128 0 0 -100 0 0 
104 0 0 402 576 330 236 0 505 
-5 0 0 -289 -2140 0 466 0 -442 
-122 0 0 70 0 0 243 0 0 
-250 0 0 -23 -243 -430 673 0 1660 
-119 0 0 -261 -100 0 479 0 -313 
-264 0 0 86 0 0 545 0 0 
-430 0 0 -279 -120 0 376 0 -815 
-584 0 0 -435 -766 0 -65 -181 -799 
65 608 688 -114 792 320 933 0 0 
217 507 10 363 641 -430 1024 -66 1000 
39 500 -200 123 843 740 533 0 26 
-145 150 -100 35 581 -260 402 868 0 
-267 -115 -890 -49 132 -373 603 487 975 
-134 216 -50 222 666 0 374 -325 133 
-255 179 -1160 26 549 -86 -40 850 0 
-294 -160 -657 -184 -10 -1276 418 0 1971 
-384 142 -200 -284 310 485 4 116 -571 
114 762 -320 404 1272 151 400 0 133 
18 -777 -181 443 623 75 674 0 100 
184 -500 -184 119 494 147 0 0 -419 
-152 0 -148 60 -233 -227 495 366 -537 
-188 -145 -649 55 -121 -243 605 0 230 
-39 66 -521 -85 450 0 189 0 -441 
172 415 -316 311 1000 127 1742 0 0 
-156 -652 -684 -234 77 -597 571 0 133 
-71 -28 -752 -246 -273 -145 61 68 -768 
-7 -189 571 2 -13 218 -307 -1488 0 
-100 -117 -53 189 448 -55 259 0 575 
2 326 -33 221 244 82 400 -100 -317 
-150 -290 711 -113 43 26 -174 -304 0 
-361 -196 -229 -82 234 18 731 211 147 
-159 246 250 -276 -62 0 121 -2016 -866 
-286 -506 0 134 138 86 -40 0 533 
-365 -219 -40 -204 -131 -422 -4 0 -1480 
-510 -574 -290 -204 -208 -115 -564 -630 -855 
-30 867 297 448 1300 432 984 2606 -66 
4 202 23 107 1783 213 700 206 681 
133 220 350 297 1437 925 900 2591 387 
-363 341 10 -323 578 -6 20 1591 -320 
-297 -116 -498 -117 1223 10 1106 1056 416 
-177 180 -171 720 2270 0 141 535 -51 
-215 440 64 -70 731 265 160 1400 200 
-244 37 -188 -237 1153 59 1541 0 1163 
-343 -92 -406 -129 937 559 -646 49 -279 
-650 -567 -479 218 -97 -275 380 1325 -375 
-681 -533 -443 -12 117 -590 666 0 509 
-434 69 223 429 632 244 766 -300 -361 
-323 -705 -586 -412 -551 -666 107 -866 -1400 
-492 -454 -734 -226 332 -56 1466 40 185 
-79 -90 -500 -425 -260 0 200 100 -419 
-341 -559 -200 111 16 185 1142 -2514 1166 
-141 -77 -543 -420 162 -116 950 0 546 
-440 -270 -853 -304 319 189 -657 -871 -908 
37 0 -43 388 0 156 242 700 -260 
-168 -100 -192 1143 1054 272 647 266 495 
393 -433 -58 152 -28 337 66 866 196 
-22 -450 -55 -269 0 43 -40 -266 -152 
65 -333 -363 921 819 143 539 81 504 
0 237 -140 685 0 0 147 103 -130 
-149 -433 -90 381 1325 74 -350 0 -680 
-69 400 -309 -84 459 471 -194 0 223 
-284 -362 -404 -242 -266 739 -92 -651 -290 
257 -166 -192 1565 400 558 33 1831 102 
191 -885 -135 1031 591 586 0 -448 -348 
175 133 583 1272 766 1744 400 1155 150 
80 463 -58 -529 57 -1057 1436 1895 -268 
235 78 -335 1445 1080 -31 381 231 197 
400 450 -131 0 144 0 780 231 205 
1088 -575 170 860 497 442 1000 2254 768 
206 -600 -123 70 716 365 66 0 -42 
127 -311 -191 370 376 925 615 -126 -566 
24 66 -460 845 332 -690 830 -1050 -1282 
-43 -1025 -747 770 -117 -807 672 -2600 -1412 
608 -766 168 657 608 403 -800 -1000 -945 
70 -168 -591 107 -7 -334 254 575 -1468 
-28 -9 -495 1228 440 -47 1009 4 106 
387 -307 -52 -33 -911 0 1586 -101 -911 
92 0 -433 622 334 -39 -775 -66 700 
321 18 -57 120 320 -198 2800 0 -273 
-84 -217 -265 -1 525 120 421 -466 -1321 
718 0 0 814 0 0 658 0 0 
995 0 0 777 891 0 1190 0 485 
413 0 0 -176 1 0 349 266 -305 
581 0 0 -42 0 0 562 0 0 
625 0 0 189 657 -30 498 0 1115 
235 0 0 -216 -332 0 357 0 390 
563 0 0 207 0 0 549 0 0 
47 0 0 -32 576 0 1771 0 -66 
257 0 0 -119 -102 0 112 217 130 
579 1355 454 -233 1728 0 615 929 1818 
643 1082 100 -50 1857 0 1379 773 866 
443 1230 569 -312 50 -233 510 941 -189 
427 1070 142 -1025 333 0 520 1167 500 
354 833 208 165 665 -376 511 59 269 
13 348 -406 -506 -220 0 225 296 262 
504 986 720 27 465 -400 628 938 700 
-65 226 -670 -83 492 -1066 -733 0 0 
195 712 350 -186 137 0 33 325 5 
877 1595 619 -333 0 300 987 1166 203 
909 1460 120 950 758 133 928 600 -453 
649 1086 296 -132 -232 900 486 640 52 
622 1450 364 -100 0 66 826 1500 43 
508 564 131 287 540 -49 443 216 -371 
197 560 -102 -365 -347 0 403 257 -123 
608 994 256 114 756 -505 623 340 270 
-49 156 -495 -221 351 -450 700 0 66 
359 631 39 -107 -128 48 195 275 -207 
537 407 765 333 109 571 430 400 -300 
436 422 700 901 1008 2866 1151 81 800 
403 549 1046 -144 -114 258 440 307 -221 
160 -27 900 -555 55 -1266 308 281 775 
134 277 312 111 256 122 206 -296 243 
-186 164 1125 -668 -229 0 -237 -694 -615 
428 177 830 -4 626 55 465 183 -125 
-87 9 -183 -216 113 -446 160 0 -366 
153 205 238 -381 -166 -286 -563 -163 -587 
479 1222 392 1575 1655 804 601 2222 1035 
349 625 1211 290 2377 800 2512 1297 216 
433 974 1008 165 1341 1562 606 2154 339 
211 500 -266 -520 1180 -1566 538 1763 542 
46 148 35 21 1216 627 -42 185 -783 
-212 219 -302 -488 326 0 -52 256 -496 
407 875 -86 73 1552 13 1081 1553 209 
-197 41 -221 -387 919 340 -700 0 700 
162 476 457 -216 587 614 -402 420 -330 
809 491 785 2136 340 -62 -20 1368 694 
800 19 647 1283 1061 754 466 -220 408 
562 652 698 490 520 589 -109 1209 500 
161 -89 614 -969 -7 -1400 272 626 200 
100 -18 351 21 596 18 560 -489 -10 
159 64 276 -583 -308 0 -51 302 -216 
278 294 139 -242 388 -624 576 577 -270 
-304 -60 -596 -762 -58 -360 0 0 1466 
152 260 320 -353 -46 -182 -456 203 -1052 
469 -84 431 -29 400 -42 592 825 464 
365 -137 267 922 953 1487 349 332 485 
654 84 389 -63 29 -25 476 757 70 
-101 31 166 -306 -490 -336 411 343 382 
250 153 342 346 473 336 537 225 534 
227 -61 202 -81 -323 0 92 279 -91 
389 267 291 572 892 368 565 547 498 
-96 -273 -195 -150 85 357 286 0 223 
254 137 135 -86 -75 387 80 91 -370 
984 1232 861 156 512 1271 2052 1173 843 
488 466 564 995 1279 1089 1432 327 -27 
1068 1486 874 200 433 366 1920 1092 622 
-48 285 447 -417 539 -930 1069 1162 723 
155 444 166 800 742 802 848 21 -62 
225 458 178 -546 -116 0 650 198 -57 
987 795 673 790 1326 1212 1389 1361 911 
68 227 -68 100 375 -253 792 0 981 
410 855 498 -222 279 614 467 190 -260 
591 57 147 186 -233 -1000 1180 342 -294 
93 -234 -375 616 184 -794 154 -594 -894 
636 586 370 127 -69 -214 1079 438 -625 
-100 -255 -540 -584 -203 -905 684 22 -293 
80 172 14 522 211 -237 618 -182 -533 
92 149 -86 -410 -598 0 446 -60 -1308 
639 50 -11 654 618 36 978 408 -88 
-110 144 -212 -163 -50 -692 1065 0 -345 
271 314 259 -128 -141 -319 143 -64 -1436 
