25 0 0 0 0 0 0 0 0 
0 0 0 0 0 0 0 0 0 
0 0 0 0 0 0 0 0 0 
-22 0 0 0 0 0 0 0 0 
814 0 0 -2095 0 0 0 0 0 
0 0 0 0 0 0 0 0 0 
220 0 0 0 0 0 0 0 0 
0 0 0 0 0 0 0 0 0 
-411 0 0 0 0 0 -993 0 0 
-226 2446 0 0 0 0 0 0 0 
0 0 0 0 0 0 0 0 0 
0 0 0 0 0 0 0 0 0 
274 0 0 0 0 0 0 0 0 
520 0 0 0 0 0 0 0 0 
0 0 0 0 0 0 0 0 0 
66 0 0 0 0 0 0 0 0 
0 0 0 0 0 0 0 0 0 
-406 0 0 0 0 0 0 0 0 
254 0 -2669 0 0 0 0 0 0 
0 0 0 0 0 0 0 0 0 
0 0 0 0 0 0 0 0 0 
-288 0 44 0 0 0 0 0 0 
-288 0 0 0 0 0 0 0 0 
0 0 0 0 0 0 0 0 0 
-888 0 0 0 0 0 0 0 0 
0 0 0 0 0 0 0 0 0 
6 0 0 0 0 0 0 0 0 
-2000 1467 0 -3364 0 -1044 0 0 0 
-322 0 -2020 0 1150 0 0 0 0 
0 0 0 0 0 0 0 0 0 
-373 222 0 0 0 0 0 0 0 
-300 0 0 0 0 0 0 0 0 
0 0 0 0 0 0 0 0 0 
-673 400 0 0 0 0 0 0 0 
0 0 0 0 0 0 0 0 0 
0 155 0 0 0 0 0 0 0 
-2421 3114 0 246 1796 -3085 0 0 0 
711 133 -2457 0 3178 288 0 0 0 
0 1133 0 -600 2688 0 0 0 -3885 
0 0 0 0 0 0 0 0 0 
0 0 0 0 0 0 0 0 0 
0 0 0 0 0 0 0 0 0 
0 0 0 0 0 0 0 0 0 
0 0 0 0 0 0 0 0 0 
0 0 0 0 0 0 0 0 288 
-2382 2644 -1675 -100 0 -4710 0 0 0 
66 0 -2597 0 383 0 0 0 0 
0 50 0 0 600 -600 0 0 0 
-444 0 44 0 0 0 0 0 0 
0 -400 0 0 0 0 0 0 0 
0 0 0 0 0 0 0 0 0 
-66 -400 0 0 0 0 0 0 0 
0 0 0 0 0 0 0 0 0 
0 0 0 0 0 0 0 0 0 
1808 0 -1462 0 0 -1573 1725 1600 0 
0 0 0 0 0 0 233 0 -266 
1238 4251 0 0 0 0 0 0 -88 
1848 0 -453 0 0 0 0 0 0 
0 0 0 0 0 0 0 0 0 
0 0 0 0 0 0 0 0 0 
866 0 -155 0 0 0 0 0 0 
0 0 0 0 0 0 0 0 0 
0 0 400 0 0 0 0 0 -44 
2406 2184 -2913 0 0 400 -636 3384 0 
0 0 0 0 2040 0 355 133 -891 
-600 5709 0 0 0 0 0 0 -1866 
0 0 0 0 0 0 0 0 0 
0 0 0 0 0 0 0 0 0 
0 0 0 0 0 0 0 0 0 
0 0 0 0 0 0 0 0 0 
0 0 0 0 0 0 0 0 0 
0 0 0 0 0 0 0 0 -688 
3052 0 -3124 0 0 -688 1044 944 -1117 
0 0 0 0 1000 0 83 0 -311 
462 1706 -383 0 0 0 0 0 -4449 
-77 0 0 0 0 0 0 0 0 
0 0 0 0 0 0 0 -400 0 
0 0 0 0 0 0 0 0 0 
0 0 0 0 0 0 0 0 0 
0 0 0 0 0 0 0 0 0 
0 0 0 0 0 0 0 0 0 
-153 0 0 -1859 0 0 0 0 0 
-26 0 0 0 -33 0 1133 0 0 
0 0 0 -616 0 0 0 0 -555 
-180 0 0 -1393 0 0 634 0 0 
60 0 0 -471 191 0 533 0 0 
-661 0 0 0 0 0 0 0 0 
-85 0 0 -970 0 0 0 0 0 
415 0 0 -666 300 0 900 0 0 
-1141 0 0 55 0 0 444 0 -466 
-293 3486 0 -3109 744 0 0 0 0 
-289 511 0 0 333 0 0 0 0 
0 0 0 -488 0 0 0 0 299 
-52 300 0 0 0 0 1130 377 0 
1569 0 0 -931 677 0 555 0 0 
-1245 0 0 0 0 0 0 0 0 
0 0 0 -642 1911 0 0 0 0 
2244 0 0 0 0 0 0 0 0 
-1032 0 0 0 0 0 117 0 355 
-156 0 -2174 -1332 0 -833 0 0 0 
27 0 -1222 0 88 0 1202 0 0 
0 0 0 -844 0 -355 0 0 -844 
-31 0 -1022 0 0 0 955 0 0 
-88 0 0 581 288 -488 0 0 0 
24 0 0 0 0 0 0 0 0 
-317 0 0 -1051 0 0 0 0 0 
424 0 0 0 0 0 0 0 0 
-1220 0 0 0 0 0 -527 0 -244 
-2253 1482 0 -3032 1957 -3944 0 0 0 
-2265 449 -3409 -22 -22 -800 -1411 0 -444 
0 0 0 -3120 3125 -2262 0 0 -1213 
-2850 2295 0 -144 0 -1200 -855 744 0 
-2658 766 -416 -1047 1866 -600 0 0 -355 
-1322 711 0 0 0 0 0 0 0 
0 1650 0 -600 583 0 0 0 0 
200 86 0 0 1333 -400 -622 0 0 
511 0 0 -344 633 -1000 -1977 1355 -1095 
-2982 2333 -2803 -716 2638 -3411 0 311 0 
-2119 1703 -3094 0 882 -516 0 742 -800 
0 1382 0 0 5042 -1055 0 0 -3350 
-3247 4431 -2455 0 0 0 0 0 -333 
0 244 -1555 -577 4963 -355 0 133 -311 
0 583 -344 0 0 0 0 0 -222 
0 1500 0 -355 166 0 0 0 0 
-600 2433 0 0 1004 -216 0 0 0 
-211 200 0 0 0 -177 0 311 -1007 
-1989 3180 -4100 -222 533 -3790 0 0 0 
-1581 1148 -3157 0 1322 -1566 0 0 -77 
0 0 0 -733 1348 -2928 0 0 -1419 
-866 66 293 0 0 -1050 0 166 -400 
-222 0 -1111 -800 1792 0 0 0 -355 
-622 0 0 0 0 0 0 0 -222 
0 0 0 -577 0 -958 0 0 0 
444 1920 -600 0 533 -820 0 0 0 
-355 0 0 -355 1800 -1022 -644 0 -933 
857 0 -2193 2343 0 -3079 1000 488 0 
-60 0 -3133 0 2650 0 155 266 -1433 
0 777 0 0 5003 -966 0 0 -3334 
1012 0 -2709 0 0 0 352 0 -773 
730 0 -600 555 706 -3177 333 0 -3733 
160 466 -3800 0 0 0 0 0 0 
412 0 0 1942 0 -333 0 0 0 
2670 0 -1066 0 0 0 0 0 -622 
360 0 -1000 0 0 0 1538 0 -444 
1441 1889 -3999 -1200 811 -600 -566 4328 0 
2551 0 -2022 0 700 0 311 1700 0 
0 0 0 0 2915 -1422 0 0 -1703 
638 355 -3465 0 0 0 855 870 0 
200 0 0 188 3076 -577 0 266 -466 
183 0 -311 0 0 0 0 0 0 
0 0 0 0 0 0 0 0 0 
1111 0 -166 0 0 0 0 0 0 
0 0 -311 0 0 0 311 600 -380 
2708 0 -3597 2111 422 -1390 1627 3900 -711 
1712 266 -2467 0 766 -783 333 0 -2549 
0 866 16 0 4600 -1688 0 0 -3758 
486 266 -4546 0 0 0 633 0 -3406 
-22 0 -544 522 878 -733 0 0 0 
-355 3600 -44 0 0 0 0 0 -2355 
0 0 0 -22 0 0 0 0 0 
-231 400 -1540 0 0 0 0 0 -711 
209 1800 0 0 0 -1455 0 577 -1496 
173 0 0 0 0 0 1285 0 0 
0 0 0 0 886 0 394 0 0 
86 0 0 -1720 0 0 0 0 -577 
214 0 0 0 0 0 1211 0 0 
1481 0 0 -104 0 0 -1066 0 0 
-560 0 0 0 0 0 -355 0 -444 
372 0 0 -1422 0 0 376 0 0 
546 0 0 0 0 0 0 0 0 
-203 0 0 -8 0 0 524 0 0 
-46 1441 0 0 0 0 80 533 0 
0 0 0 0 233 0 233 0 0 
-497 522 0 -88 0 0 0 0 0 
-586 0 0 0 0 0 528 300 0 
266 377 0 852 300 0 355 0 0 
-271 0 0 0 0 0 0 0 0 
400 2654 0 -266 0 0 0 0 0 
29 377 0 0 0 0 0 0 0 
194 0 0 -241 0 0 1221 1000 0 
377 0 -1925 0 0 0 2113 0 -300 
0 0 0 0 207 0 193 0 0 
111 0 -1703 0 0 0 0 0 0 
-41 0 -533 0 0 0 1411 0 -800 
867 0 0 1293 0 0 0 0 0 
-74 0 0 0 0 0 0 0 0 
-378 0 -1296 -1248 0 -355 222 0 0 
750 0 -600 0 0 0 0 0 0 
-94 0 0 400 0 0 1030 0 0 
-1769 1930 0 -1455 0 -2577 -2097 1868 0 
0 0 -1644 0 2603 0 122 892 -3088 
-1409 2829 0 -1313 5482 0 0 0 -2843 
-716 0 0 0 0 0 150 622 0 
688 0 0 -1244 2201 0 0 111 0 
-3140 323 0 0 0 0 0 388 0 
96 789 0 -1593 1800 -177 -766 888 0 
693 360 -355 0 0 0 0 0 0 
-935 66 0 -1511 4164 0 -599 -57 -600 
-2504 3540 0 0 0 -150 -2213 2033 -847 
0 -200 -377 0 2984 0 0 722 0 
-1990 3281 -466 0 5260 -333 0 311 -982 
0 511 0 0 0 0 -88 0 -933 
0 333 0 0 5681 0 0 0 0 
-733 1505 -233 0 0 0 0 0 -333 
-353 2997 0 -888 2855 88 0 0 0 
-377 2348 0 0 333 0 0 0 0 
200 773 -311 0 5400 0 0 833 0 
-1188 4740 -1611 0 450 -1033 -622 0 -885 
0 0 -288 0 88 0 0 0 0 
-1513 3964 -422 0 0 -44 0 0 -866 
0 0 0 0 0 0 0 0 0 
0 177 -688 0 0 66 0 0 0 
0 66 0 0 0 0 0 0 0 
-594 2057 -2066 0 0 -1253 0 0 0 
-1100 2460 -1288 0 311 0 0 0 0 
0 0 0 0 0 -1250 -288 0 -435 
2343 0 -1909 0 0 0 1729 1066 -1469 
0 0 0 0 193 0 4141 422 -3539 
2220 4084 -1263 1533 4266 0 577 2466 -3266 
166 0 0 0 0 0 933 0 -1350 
-123 0 -422 3684 4916 -1244 177 0 0 
710 177 -888 0 0 0 22 1447 -133 
2623 0 -1390 0 0 -488 0 0 0 
618 0 -911 0 488 0 0 0 0 
340 0 44 122 613 -1555 577 -177 -1322 
3058 1233 -2542 0 0 0 1016 3197 -2777 
0 0 0 0 2066 0 1266 1136 -1587 
1987 4848 -1408 0 0 0 0 3880 -1555 
0 0 0 0 0 0 0 1207 0 
-680 0 0 1033 3626 0 0 177 -866 
844 600 -450 0 0 0 0 933 0 
2175 777 -288 -1200 488 0 -211 1561 0 
1733 0 -377 0 0 0 0 0 0 
622 1111 155 0 886 0 2204 2453 -2652 
3753 1274 -2196 0 0 -3622 555 1899 -2740 
0 0 -979 0 604 0 88 -66 -1833 
3601 4189 -1825 0 1200 -600 0 4026 -2673 
-66 0 44 0 0 0 0 1233 -88 
333 0 -1550 0 5130 -711 0 0 -1400 
500 0 -866 0 0 0 0 166 0 
1342 988 -3718 500 1600 0 1666 444 -711 
81 0 -1114 0 866 0 0 0 0 
0 0 -1044 0 4322 -1200 0 1140 -1825 
-34 0 0 0 0 0 0 0 0 
9 0 0 0 0 0 0 0 0 
137 0 0 0 0 0 0 0 0 
-174 0 0 0 0 0 0 0 0 
258 0 0 136 1033 0 0 0 0 
67 0 0 0 0 0 0 0 0 
-152 0 0 0 0 0 0 0 0 
131 0 0 0 0 0 0 0 0 
-112 0 0 0 0 0 -2 0 -280 
-249 965 0 0 0 0 0 0 0 
2 275 0 0 0 0 0 0 0 
1132 0 0 0 0 0 0 0 0 
-114 695 0 0 0 0 0 0 0 
188 533 0 344 0 0 0 0 0 
688 0 0 0 0 0 0 0 0 
-706 422 0 0 0 0 0 0 0 
1222 0 0 0 0 0 0 0 0 
380 0 0 0 0 0 192 200 0 
136 0 -2014 0 0 0 0 0 0 
-371 0 -266 0 0 0 0 0 0 
-521 0 0 0 0 0 0 0 0 
-264 0 -1479 0 0 0 0 0 0 
-1415 0 0 676 0 0 0 0 0 
1216 0 0 0 0 0 0 0 0 
172 0 -244 0 0 0 0 0 0 
-60 0 0 0 0 0 0 0 0 
261 0 0 0 0 0 180 0 0 
-1945 1618 0 -666 0 -866 0 0 0 
-858 2300 -1650 0 0 0 0 0 0 
-2060 488 0 0 0 0 0 0 0 
-2399 909 0 -333 0 -644 0 0 0 
96 1152 -1200 -477 37 0 0 0 0 
-1781 1711 0 0 0 0 0 0 0 
-511 2444 0 0 0 0 0 0 0 
-2029 1644 -133 0 0 0 0 0 0 
-761 -162 0 0 0 0 -1225 101 0 
-2578 3781 0 -2391 0 -186 0 0 0 
-912 -11 0 0 355 -647 0 0 0 
0 355 0 0 0 0 0 0 -355 
-3241 3936 0 0 0 -1905 0 0 0 
-971 0 0 0 0 0 0 0 0 
0 0 0 0 0 0 0 0 0 
-666 266 0 0 0 0 0 0 0 
-177 1444 0 0 0 0 0 0 0 
-311 0 0 0 0 0 0 0 0 
-2260 3809 -2177 0 0 -2311 0 0 0 
-1150 0 -566 0 0 -400 0 0 0 
-533 0 0 0 711 -533 0 0 0 
-459 1255 -355 0 0 -575 0 0 0 
-561 -33 -1066 0 0 0 0 0 0 
0 0 0 0 0 0 0 0 0 
-755 177 0 0 0 0 0 0 0 
-455 0 -622 0 0 0 0 0 0 
255 0 0 0 0 0 -200 0 -622 
1546 0 -1768 0 0 -1111 355 300 0 
867 0 -4145 0 16 0 0 1022 -266 
1205 2133 -3255 0 0 0 0 0 44 
1305 0 -2342 0 0 0 0 0 0 
1268 0 -1552 1261 0 -483 0 0 -1700 
1169 2066 -683 0 0 0 0 0 0 
2972 0 -346 0 0 0 0 0 0 
803 0 -1180 0 0 0 0 0 0 
257 0 -1013 0 0 0 843 1400 -955 
1922 693 -2010 0 0 -2391 355 903 0 
711 0 -1711 0 0 0 0 0 -266 
247 2000 0 0 0 0 0 0 0 
485 0 -1155 0 0 -1422 0 1080 0 
511 133 -933 277 2133 0 0 0 0 
346 2133 0 0 0 0 0 0 -1422 
0 0 0 0 0 0 0 333 0 
311 0 0 0 0 0 0 0 0 
222 0 0 0 0 0 600 0 0 
2268 0 -3033 0 0 -1111 0 1253 -1533 
533 0 0 0 1444 0 0 0 -350 
33 1888 -533 0 0 0 0 0 -3473 
1925 0 -625 0 0 0 0 0 0 
247 0 -300 0 0 0 0 0 0 
577 711 -177 0 0 0 0 0 -355 
266 0 -733 0 0 0 0 0 0 
66 0 -1466 0 0 0 0 0 0 
-216 0 0 0 0 0 -133 0 -1466 
-53 0 0 -545 0 0 0 0 0 
-89 0 0 -419 1305 0 968 0 0 
33 0 0 -1798 0 0 0 0 -1894 
-74 0 0 -921 0 0 287 0 0 
34 0 0 149 2091 0 745 0 0 
-90 0 0 -122 0 0 1534 0 -2023 
-76 0 0 -234 0 0 0 0 0 
68 0 0 -2426 1537 0 1587 0 0 
-252 0 0 -3253 0 0 224 0 -2696 
1 821 0 -1647 288 0 0 0 0 
-49 1421 0 -575 733 0 266 0 0 
1895 0 0 -300 188 0 0 0 -266 
-126 2029 0 -1288 0 0 996 458 0 
818 2824 0 93 1324 0 726 1284 0 
-251 741 0 0 0 0 741 0 0 
-67 88 0 -164 355 0 0 0 0 
400 355 0 -341 488 0 0 0 0 
-244 0 0 211 355 0 1338 406 -248 
-51 0 -1194 257 0 -283 0 0 0 
436 0 -1297 48 1200 -133 1402 0 -222 
72 0 0 -1066 0 -711 0 0 -1066 
-154 0 -1753 -311 0 -166 1155 0 -311 
1097 0 -1186 133 1259 -826 2079 0 -300 
-246 0 -722 0 0 0 313 0 -444 
-402 0 0 -340 0 0 0 0 0 
20 0 -533 -355 0 -333 133 0 0 
288 0 0 -784 0 -377 2383 0 -1512 
-1980 1949 0 -2823 2504 -1928 -1435 100 0 
-2166 1767 -3933 -1024 2872 -3597 -1231 613 -3826 
-1930 786 0 -2915 3374 -1691 -3808 177 -2596 
-2177 1847 0 -1302 2940 -2066 -2019 1403 0 
-1445 2305 -2388 -2452 3826 -3311 733 2405 -1822 
-1264 1104 0 -2883 0 0 50 1028 -2658 
-2203 963 0 -1712 594 -733 -400 200 0 
-2253 2027 -277 -2784 1140 -138 16 0 -333 
-1647 844 0 -3337 4467 -302 -2158 3452 -3689 
-2942 2623 -2051 100 1961 -2834 -566 2776 -3409 
-3634 3281 -3489 0 5113 -991 -955 1256 -1635 
-1707 2151 -523 -666 4931 -2173 0 2133 -1961 
-3321 3940 -2981 0 1474 -1875 -727 913 -1809 
-2409 1190 -917 -748 5505 -2949 555 1063 -1690 
-396 1124 -1169 -600 1244 0 0 777 -4572 
-475 1059 -1537 -1886 2747 -2015 -211 711 0 
-2081 1294 -1666 -1230 1484 -500 166 0 -1000 
-464 2569 -1321 -1688 5605 -633 -1249 5407 -3817 
-2868 2529 -2750 -683 1046 -3679 0 0 -4342 
-1695 3495 -1366 -1041 606 -972 -355 0 -1691 
-1455 0 0 0 1125 -3871 -333 111 -2000 
-3148 667 -3906 0 420 -1623 -1044 0 -766 
-949 157 -2955 -1895 2840 -4227 0 200 -933 
323 616 66 -644 0 0 -711 0 -1133 
-133 590 -355 -1000 77 -933 0 0 -177 
-715 361 -613 0 646 -2371 0 0 -155 
-563 400 -1055 -1853 1333 -530 -1142 822 -3110 
1574 0 -2036 1920 0 -2202 0 377 -155 
1432 0 -3098 2202 1050 -2460 4159 2183 -2673 
-847 2700 -829 0 866 294 50 0 -4320 
1545 0 -2803 1900 0 -2326 2275 1622 -3336 
1587 0 -2665 2479 4283 -2955 3383 955 -1992 
971 1125 -3005 -600 0 0 1511 1266 -3533 
1825 0 -2934 825 0 -2736 0 0 -400 
1981 0 -2314 -1066 177 -1238 2005 0 -1155 
739 483 -138 44 983 125 3162 1275 -3185 
934 782 -2544 219 0 0 0 1283 -500 
451 322 -564 0 906 0 200 414 -2401 
66 0 -277 0 0 0 0 0 -599 
689 1177 -1136 266 0 0 1437 776 -483 
794 1330 -2747 1632 4250 -952 -244 722 -1120 
951 0 -1066 0 266 0 344 687 -500 
0 0 -166 311 400 0 0 0 -355 
177 177 -876 0 488 0 0 0 0 
764 0 -351 0 488 0 700 1365 -1772 
2437 0 -4092 1677 0 -650 0 1125 -777 
1442 188 -3614 277 780 -1375 666 566 -3178 
-28 0 -637 0 133 -3146 0 0 -2644 
377 1266 -3922 0 733 -2968 570 333 -1555 
1028 288 -3277 3410 3219 -2876 808 100 -1342 
3363 0 -2794 0 0 0 277 155 -2332 
200 0 -1497 555 400 0 0 0 0 
1172 0 -850 0 473 -155 0 0 -966 
1966 0 -572 0 255 -266 564 166 -2859 
39 0 0 0 0 0 1152 0 0 
54 0 0 0 2798 0 1671 0 0 
57 0 0 -860 0 0 439 0 -1061 
-86 0 0 0 0 0 870 0 0 
443 0 0 171 3303 0 2014 0 0 
150 0 0 -2276 0 0 810 0 -2119 
6 0 0 147 0 0 299 0 0 
-69 0 0 -754 1288 0 1927 0 0 
-22 0 0 -688 0 0 -5 0 -4726 
20 1036 0 0 0 0 -29 0 0 
223 0 0 0 2641 0 700 1450 0 
387 847 0 -341 0 0 811 -33 -166 
595 311 0 0 0 0 1340 -122 0 
699 1044 0 765 2613 0 1122 664 0 
321 0 0 -933 0 0 -22 388 -366 
-186 355 0 120 0 0 233 466 0 
-250 0 0 0 0 0 0 0 0 
-3 0 0 -420 0 0 -366 371 -608 
430 0 -1477 0 0 0 1302 0 -1257 
245 0 0 0 1437 0 1662 0 -277 
338 0 -892 -594 0 0 813 0 -283 
248 0 -654 0 0 0 3113 0 -1429 
379 0 0 1033 1820 -700 811 0 0 
-392 0 0 -177 0 0 -187 0 -688 
285 0 -400 -501 0 -100 683 0 0 
352 0 0 0 0 0 0 0 0 
-576 0 -358 -773 0 0 1065 0 -387 
-2378 2483 0 -666 0 -473 -1641 2585 0 
-1214 2107 -1477 0 3616 0 -800 573 -1786 
-2445 2931 0 -850 1000 0 -1113 513 -841 
-1580 1638 0 0 933 0 -2169 2067 0 
662 3401 -1000 -2681 2891 -1233 1776 1893 -1125 
-1874 3148 0 -488 244 0 -660 400 -1533 
-2032 2726 0 -344 22 0 0 -24 0 
216 1571 -266 -2550 1666 -1466 188 0 0 
-1816 2938 0 -450 2800 211 -3047 3557 -3089 
-2518 3293 0 -355 0 -980 -433 1600 -733 
-777 792 -200 0 5390 0 0 1323 -1185 
-1463 4540 0 0 155 0 -633 666 -1516 
-3060 2284 0 0 0 -311 -1244 985 -255 
-451 522 0 -600 2821 -816 0 833 -657 
-1384 743 -488 0 686 0 0 361 -1257 
16 3055 -1128 -355 0 0 0 422 0 
-433 191 0 0 1361 -859 0 0 0 
-3086 844 -266 -616 1055 -33 -1100 1393 -3932 
-1965 2750 -933 0 177 -3812 -526 0 -366 
0 0 0 0 4622 0 0 0 -300 
-400 3142 0 0 1173 0 -925 -333 -1355 
-575 0 0 0 200 0 133 0 0 
0 109 0 0 1116 -666 0 0 0 
-800 600 -200 0 0 0 0 200 -288 
-748 1266 -1933 0 540 -4333 0 0 0 
0 88 -355 0 0 -400 0 0 0 
-142 33 -1516 0 400 -437 -1266 900 -920 
1563 0 -2181 277 0 0 2917 1659 -2836 
2134 0 -2922 0 540 0 3278 609 -2056 
2020 2318 -2161 0 0 0 598 0 -4170 
1426 0 -1591 1377 0 -333 2545 751 -2046 
1809 0 -1012 2086 3674 -1772 3190 4426 -1859 
1877 4500 -2291 0 0 0 3381 666 -3135 
1417 0 -2277 257 0 -711 2164 233 -266 
929 0 -1230 0 66 0 1422 0 0 
1317 755 -1310 -622 0 -88 2854 749 -3467 
1337 1324 -1424 0 0 0 1702 4640 -919 
175 344 -833 0 2333 0 422 1794 -733 
1019 450 -1005 0 155 0 600 571 -173 
1907 0 -701 0 0 0 1508 635 -1526 
1552 133 -700 1256 1614 -600 1822 448 -850 
522 1383 -969 0 0 0 666 388 -466 
796 416 0 1400 0 0 0 977 0 
300 0 0 0 450 -177 0 0 0 
896 533 55 177 366 0 1278 803 -2405 
2645 1131 -3148 0 0 -3044 533 1536 -4418 
857 0 -2221 0 4360 -1466 971 1700 -4062 
3043 847 -2726 711 924 -2773 219 2021 -4145 
1052 1243 -3082 1377 1155 -1666 907 1446 -1252 
1002 1926 -696 1053 3215 -977 408 512 -2903 
640 784 -1584 0 333 0 716 438 -2396 
1910 591 -4333 0 0 -100 400 711 0 
-69 0 -716 0 22 0 0 0 -311 
1011 1207 -540 0 233 -755 509 807 -4508 
81 0 0 0 0 0 0 0 0 
80 0 0 0 0 0 0 0 0 
46 0 0 0 0 0 0 0 0 
311 0 0 0 0 0 0 0 0 
380 0 0 63 274 0 0 0 0 
-39 0 0 0 0 0 0 0 0 
329 0 0 0 0 0 0 0 0 
50 0 0 0 0 0 0 0 0 
-77 0 0 0 0 0 -4 0 -351 
117 2212 0 0 0 0 0 0 0 
-480 711 0 0 0 0 0 0 0 
254 200 0 0 0 0 0 0 0 
935 177 0 0 0 0 0 0 0 
1608 0 0 501 66 0 0 0 0 
453 66 0 0 0 0 0 0 0 
784 1285 0 0 0 0 0 0 0 
-73 44 0 0 0 0 0 0 0 
-996 0 0 0 0 0 -292 0 0 
161 0 -1346 0 0 0 0 0 0 
-5 0 0 0 0 0 0 0 0 
223 0 -53 0 0 0 0 0 0 
423 0 0 0 0 0 0 0 0 
576 0 -444 659 0 0 0 0 0 
-294 0 0 0 0 0 0 0 0 
765 0 -60 0 0 0 0 0 0 
555 0 -444 0 0 0 0 0 0 
1404 0 -488 0 0 0 -705 0 0 
-1640 2161 0 0 0 -300 0 0 0 
38 711 0 0 0 0 0 0 0 
-2148 2119 0 0 0 -1766 0 0 0 
-924 57 0 0 0 0 0 0 0 
-2315 511 -66 -1527 383 -333 0 0 0 
-2344 787 0 0 0 0 0 0 0 
-1184 2573 0 0 0 0 0 0 0 
-62 355 -66 0 0 0 0 0 0 
-1735 66 0 -333 0 0 -1044 511 -177 
-2618 2817 0 0 0 -706 0 0 0 
-911 355 -5428 0 88 -420 0 0 0 
-677 1162 0 0 711 -800 0 0 -745 
-1800 966 0 0 0 0 0 0 0 
-466 0 -1800 0 1083 0 0 0 0 
0 1293 0 0 0 0 0 0 0 
75 2227 0 233 0 -1666 0 0 0 
-166 0 -222 0 0 0 0 0 0 
-411 200 0 0 900 0 0 0 -3908 
-2024 2968 -1444 0 0 -1952 0 0 0 
-1155 0 -3555 0 0 0 0 0 0 
-1166 1109 66 0 666 -577 0 0 0 
-922 633 0 0 0 0 0 0 0 
0 0 -355 0 0 0 0 0 0 
0 0 0 0 0 0 0 0 0 
-1842 944 -622 0 0 0 0 0 0 
-714 0 0 0 0 -500 0 0 0 
-100 896 0 0 0 -700 0 0 -900 
1888 0 -1987 0 0 0 0 516 0 
866 0 -1366 0 0 0 0 0 0 
2278 2122 -1824 0 0 0 0 0 0 
773 0 -333 0 0 0 0 0 0 
946 0 -784 324 688 -888 0 0 0 
1543 0 -1283 0 0 0 0 0 0 
1541 0 -846 0 0 0 0 533 0 
659 0 -1733 0 0 0 0 0 0 
417 0 -633 0 0 0 677 0 -628 
1610 511 -3407 0 0 0 0 848 0 
0 0 -883 0 0 0 0 355 -1000 
927 1520 -1133 0 0 0 0 622 0 
914 0 -1800 0 0 0 0 0 0 
0 0 0 277 0 0 0 0 0 
273 0 0 0 0 0 0 0 0 
1023 0 -2377 0 0 0 0 1733 0 
0 0 0 0 0 0 0 0 0 
-341 900 0 0 0 0 0 -22 -1888 
1997 0 -2943 0 0 0 0 1186 -800 
0 0 -650 0 0 0 0 0 0 
837 600 -800 0 0 -1200 0 0 -741 
711 0 0 0 0 0 0 0 0 
0 0 -355 0 0 0 0 0 0 
311 0 -333 0 0 0 0 0 0 
1473 0 -766 0 0 0 0 0 -355 
0 0 -500 0 0 0 0 0 0 
491 0 -1380 0 0 0 0 0 -1680 
-11 0 0 -967 0 0 0 0 0 
76 0 0 -747 1155 0 850 0 0 
-5 0 0 -1912 0 0 0 0 -2277 
137 0 0 -452 0 0 871 0 0 
49 0 0 128 3186 0 1711 0 0 
52 0 0 -1090 0 0 1022 0 -911 
175 0 0 -737 0 0 0 0 0 
10 0 0 -1322 2034 0 1235 0 0 
-227 0 0 -956 0 0 10 0 -3711 
206 3466 0 -2387 422 0 0 0 0 
367 1064 0 -677 0 0 200 0 0 
-152 0 0 -902 255 0 0 0 -858 
621 1544 0 -444 0 0 827 675 0 
218 570 0 213 1127 0 1251 211 0 
687 344 0 0 0 0 0 0 0 
335 400 0 -1197 2922 0 0 0 0 
510 722 0 266 455 0 488 0 0 
-152 0 0 -511 408 0 -104 266 -834 
-25 0 -2373 -278 0 0 0 0 0 
893 0 -808 -290 22 -33 22 0 0 
-274 0 0 794 0 -1555 0 0 -708 
460 0 0 -288 0 0 1450 0 0 
935 0 0 1799 960 -280 283 0 0 
1379 0 -77 0 0 0 300 0 0 
672 0 -44 -792 0 -933 0 0 0 
1194 0 0 0 288 -178 133 0 0 
-962 0 -1011 -322 0 199 949 0 -459 
-1814 1826 0 -2311 1440 -4062 -800 0 0 
-1722 2199 -2622 -2084 2406 -1212 -257 0 -688 
-781 3511 0 -2682 3146 -2603 0 0 -1004 
-1312 2485 0 -1833 666 -666 -733 200 0 
-1230 394 -1577 -2393 3318 -4088 0 0 0 
246 192 0 -733 66 0 0 1496 -466 
-1336 2138 0 -2129 2661 -133 -355 0 0 
-402 1928 -2075 -3620 2081 -1128 0 0 -622 
-1941 543 0 -2293 3430 -696 -2455 3015 -4184 
-2494 3454 -2390 -4437 4441 -2760 0 777 0 
-2189 1817 -2087 -404 4889 -233 0 1214 -733 
-1344 644 -444 -2527 4404 -1790 0 0 -3341 
-3073 4742 -1376 0 444 -866 0 222 -383 
-519 658 -1438 -964 5246 -2180 0 1400 188 
233 1152 -1231 0 0 0 0 577 -444 
-496 1251 -1535 -914 3423 -2197 0 833 0 
-1293 3070 -1416 -455 2730 -750 0 0 0 
-916 1685 -2750 -2012 2444 -280 -1129 2570 -3903 
-2661 1590 -1222 -133 2266 -3740 0 0 0 
-1036 1750 -4107 -725 500 -943 0 0 -400 
-741 866 0 -1694 3729 -881 0 0 -1066 
-604 447 -911 -355 0 -1752 0 0 0 
-1229 -233 -1828 -968 1114 -882 -444 0 -111 
44 44 233 0 0 0 0 0 -1386 
-1311 688 -600 -1237 260 -2900 0 0 -1733 
-362 920 -1266 0 383 -2386 0 0 0 
-1190 133 -1811 -88 1219 -411 -1353 0 -3004 
2266 0 -2578 1750 0 -2631 0 0 -800 
2060 0 -3361 895 0 -550 1066 0 0 
2142 911 -1205 527 966 -1125 0 0 -2573 
833 0 -1615 0 0 -533 361 0 0 
-86 0 -3453 2853 2996 -2714 1726 4355 -800 
2422 977 -2977 0 0 0 1571 1333 -2060 
1426 0 -2152 835 0 -1949 0 0 -155 
1496 0 -2579 1833 66 -862 0 0 -622 
-925 450 -2605 -348 3450 -627 3498 1238 -2896 
133 577 -3202 2183 1333 -1444 0 1800 -133 
953 0 -1326 -100 2322 -288 0 233 -500 
0 0 -622 0 1241 0 0 888 -2102 
788 311 -1696 0 0 0 -133 633 0 
1417 1333 -882 1388 4189 -952 355 1030 188 
355 155 0 0 0 0 355 450 -155 
326 0 -417 0 355 -266 0 177 -720 
-33 0 400 0 0 0 0 0 0 
322 0 -275 0 400 0 355 1096 -1025 
2187 0 -3374 1133 1580 -2688 0 -11 0 
571 0 -1856 0 3844 -1322 0 0 -788 
1412 622 -172 0 100 -1155 0 0 -3052 
386 1499 -912 -355 283 -666 0 0 0 
713 466 -830 1656 1187 -906 133 0 -733 
266 0 -850 0 0 0 422 0 -1377 
542 0 -2171 0 658 -406 0 0 -200 
693 0 -2005 0 650 -433 0 0 -966 
33 0 -400 -488 742 -631 -44 622 -4919 
85 0 0 0 0 0 842 0 0 
74 0 0 0 2660 0 2121 0 0 
155 0 0 -1274 0 0 758 0 -408 
275 0 0 0 0 0 1016 0 0 
337 0 0 88 3384 0 2114 0 0 
0 0 0 -2243 0 0 2381 0 -854 
117 0 0 -1216 0 0 646 0 0 
189 0 0 -44 773 0 457 0 0 
87 0 0 -539 0 0 -87 0 -685 
110 3444 0 0 0 0 653 1168 0 
-459 266 0 0 711 0 908 1157 0 
118 1856 0 -2422 0 0 603 0 -755 
336 0 0 0 0 0 4025 666 0 
1033 541 0 458 1298 0 677 302 0 
-425 177 0 -1322 0 0 1096 1007 -288 
298 1684 0 -252 0 0 696 55 0 
788 745 0 438 2155 0 0 0 0 
179 1257 0 105 255 0 -392 522 -755 
648 0 -293 0 0 0 1291 0 -355 
56 0 -22 0 1654 0 394 0 0 
263 0 -730 -305 0 0 451 0 -366 
372 0 -133 0 0 0 1377 0 0 
784 0 -688 778 648 -200 866 0 0 
1727 0 13 -1555 0 0 1011 0 -300 
537 0 -1747 -145 0 -66 500 0 0 
2260 0 -195 508 813 0 0 0 0 
522 0 -46 212 0 -666 833 0 -875 
-1603 2307 0 0 1000 0 -1931 3305 0 
0 2837 -1133 22 3708 0 0 749 -1288 
-1253 2858 0 -2690 3047 -2027 -1840 2754 -3176 
-1515 2762 0 0 0 0 -1540 1580 0 
-753 461 -250 -3219 3063 -2438 266 606 -800 
-1969 3145 0 -2850 833 0 0 1516 -920 
-1221 2223 0 -2224 1276 -422 281 4266 0 
-860 3072 0 -630 2484 -893 233 0 0 
-1324 2346 0 -2996 3613 -773 -2998 4053 -1302 
-2540 4479 0 0 0 200 -2283 2335 -1188 
-226 1844 0 0 4654 0 0 988 -683 
-1753 4377 100 -1685 1535 -624 -566 895 -2443 
-511 4352 0 0 0 0 -1244 1025 55 
-1230 1313 -200 -88 3894 -683 0 591 -1066 
-262 3740 -100 0 1300 0 0 783 -884 
-2002 5065 -591 -2320 1554 -153 0 2133 0 
-328 4530 0 -433 5456 -66 0 0 0 
-584 2916 -914 -586 5440 -303 -1169 5550 -2638 
-2864 3880 -1666 0 -11 -3266 -600 177 -325 
-77 2184 -133 0 812 -3377 0 0 -466 
-1992 5441 -741 88 280 -2164 0 0 -4168 
-188 355 0 -211 0 0 -111 0 -111 
-258 851 -344 -522 5144 -1044 0 0 -355 
-1380 626 0 0 66 0 0 0 -566 
-1905 850 -1488 122 2907 -2768 -444 0 -177 
-483 688 -400 -588 375 -640 0 0 0 
-634 746 -561 -1244 1771 -972 -1284 733 -2839 
1777 0 -1902 1927 0 0 3784 5344 -1516 
2154 0 -1524 2778 3708 22 3572 4637 -2726 
2455 4255 -1639 2917 2853 -244 2631 3569 -3610 
2563 0 -1120 2550 0 -1177 1770 288 -522 
1463 0 -614 2433 4618 -3043 2698 4050 -3322 
2551 841 -2945 -11 711 0 3817 523 -2854 
1615 0 -1832 1271 0 -1190 2106 1035 -1577 
1738 0 -385 683 303 -711 998 0 0 
1639 1453 -2655 333 2550 -215 3312 820 -2884 
3677 4217 -2373 277 288 0 1862 4909 -444 
1513 1066 -177 0 1260 0 0 917 -706 
1892 4740 -1259 0 3717 -1422 1050 3838 -1652 
982 608 -842 0 0 0 1115 3258 -333 
2159 600 -520 2980 3520 -266 1506 794 -818 
1440 1888 -897 0 666 0 816 898 -1022 
876 854 -1482 -544 633 -783 300 1330 0 
371 655 22 255 941 -177 333 0 0 
783 1714 -303 0 909 0 1558 3820 -1029 
3556 684 -2619 0 533 -4181 1379 4222 -1164 
3436 1450 -2388 0 572 -3361 177 644 -2398 
4173 1009 -1478 0 3204 -2626 -11 1538 -4392 
811 1290 -1302 -566 466 0 2466 1500 -2044 
569 1635 -1488 1178 3323 -437 1333 541 -1438 
842 1225 -2152 -1133 600 0 1371 400 -1378 
756 780 -3510 2160 1019 -573 355 1555 -966 
1093 2273 -711 0 2737 -248 -22 0 -766 
3918 1120 -339 -33 656 -466 847 3248 -5142 
28 0 0 0 0 0 0 0 0 
0 0 0 0 0 0 0 0 0 
0 0 0 0 0 0 0 0 0 
1 0 0 0 0 0 0 0 0 
732 0 0 -996 300 0 0 0 0 
0 0 0 0 0 0 0 0 0 
109 0 0 0 0 0 0 0 0 
0 0 0 0 0 0 0 0 0 
-457 0 0 0 0 0 -557 0 0 
-147 2333 0 0 0 0 0 0 0 
0 0 0 0 0 0 0 0 0 
0 0 0 0 0 0 0 0 0 
-6 -37 0 0 0 0 0 0 0 
876 0 0 0 0 0 0 0 0 
0 0 0 0 0 0 0 0 0 
-89 466 0 0 0 0 0 0 0 
0 0 0 0 0 0 0 0 0 
-729 225 0 0 0 0 0 0 0 
225 0 -2337 0 0 0 0 0 0 
0 0 0 0 0 0 0 0 0 
0 0 0 0 0 0 0 0 0 
-106 0 -283 0 0 0 0 0 0 
-316 0 0 -16 0 0 0 0 0 
0 0 0 0 0 0 0 0 0 
-388 0 -200 0 0 0 0 0 0 
0 0 0 0 0 0 0 0 0 
-103 0 -150 0 0 0 0 0 0 
-1546 1435 0 -3302 0 -2266 0 -300 0 
-426 0 -1701 0 375 0 216 0 0 
0 116 0 -125 0 0 0 0 -316 
-1009 333 0 0 0 0 0 0 0 
-193 -33 0 0 0 0 0 0 0 
0 0 0 0 0 0 0 0 0 
-913 -994 0 0 0 0 0 0 0 
0 0 0 0 0 0 0 0 0 
-546 233 0 0 0 0 333 0 0 
-1806 2792 0 2583 2958 -2698 0 1481 0 
1361 350 -2137 0 3818 1521 -625 0 0 
0 1912 0 -41 3133 0 0 0 -2886 
16 116 0 -625 0 0 0 0 0 
0 0 0 0 266 0 0 0 0 
0 0 0 0 0 0 0 0 0 
-66 47 0 0 0 0 0 0 0 
0 0 -366 0 0 0 0 0 0 
-165 133 0 0 0 0 -275 0 1215 
-1996 2133 -2479 -1005 0 -4477 0 -910 0 
-170 0 -2875 0 358 183 0 0 0 
0 -625 0 -708 1583 -750 0 0 -708 
-793 8 66 0 0 -216 0 0 0 
116 -600 0 0 0 0 0 0 0 
0 0 0 0 0 0 0 0 0 
-250 -600 0 0 0 0 0 0 0 
0 0 0 0 0 0 0 0 0 
0 0 0 0 0 0 0 0 0 
1609 0 -1486 0 0 -406 3573 1166 0 
0 0 322 0 416 0 575 0 -400 
1907 2627 0 0 0 0 0 0 -83 
1346 0 -1155 0 0 0 0 0 0 
300 0 0 0 0 0 0 0 0 
0 0 0 0 0 0 0 0 0 
1781 0 -314 0 0 0 0 0 0 
0 0 0 0 0 0 0 0 0 
75 200 291 0 0 0 0 0 -16 
2200 2632 -2060 0 0 1897 -272 4146 0 
0 0 111 0 2713 0 1961 -75 -780 
925 5158 0 0 0 0 0 0 -433 
-637 0 -108 0 0 0 0 0 0 
0 0 0 0 0 0 0 0 0 
0 0 0 0 0 0 0 0 0 
302 0 -41 0 0 0 0 0 0 
0 0 0 0 0 0 0 0 0 
0 0 0 0 0 0 0 0 -1033 
2240 0 -2828 0 0 -1839 1297 1143 -2625 
0 0 7 0 1455 0 325 0 -1066 
-200 3257 -825 0 0 0 0 -1283 -4556 
-116 0 -333 0 0 0 0 0 0 
0 0 0 0 -1064 0 0 -900 0 
0 0 0 0 0 0 0 0 -216 
58 0 0 0 0 0 0 41 0 
0 0 0 0 0 0 0 0 0 
0 0 0 0 0 0 0 -300 -275 
-185 0 0 -1715 0 0 0 0 0 
-48 0 0 0 237 0 1129 0 0 
0 0 0 -1075 0 0 0 0 -1618 
-136 0 0 -1214 0 0 997 0 0 
8 0 0 -637 762 0 760 0 0 
-495 0 0 0 0 0 0 0 0 
-163 0 0 -904 0 0 0 0 0 
285 0 0 -1134 641 0 650 0 0 
-975 0 0 -423 0 0 56 0 -985 
-303 2597 0 -2581 1514 0 0 0 0 
8 1376 0 0 500 0 87 0 0 
0 0 0 -599 -21 0 0 0 -404 
127 878 0 0 0 0 2178 1691 0 
904 283 0 -701 2104 0 1490 16 0 
-1070 233 0 0 0 0 0 0 0 
-115 358 0 -1054 1266 0 0 0 0 
1018 266 0 0 0 0 0 0 0 
-1469 0 0 -225 0 0 190 66 220 
-191 0 -3024 -1552 0 -1104 0 0 0 
-88 0 -2043 0 133 0 1696 0 0 
0 0 0 -2428 0 -1054 0 0 -2635 
-18 0 -2414 0 0 0 1602 0 -91 
-179 0 -50 0 750 -775 412 0 -125 
-195 0 -618 0 0 0 0 0 0 
-491 0 0 -1658 0 -1285 0 0 0 
329 0 -533 -533 0 -233 0 0 0 
-2390 0 -450 -150 0 0 -856 0 -936 
-2124 1134 0 -2670 1728 -3325 0 0 0 
-1369 148 -3447 816 -308 -585 -1363 0 -666 
0 0 0 -2646 2724 -2592 0 0 -2580 
-2122 1648 0 -356 0 -1500 -591 1134 0 
-1612 1040 -1150 -1951 1933 -1125 116 70 -533 
-1598 661 0 0 0 0 0 0 -191 
-376 2109 0 -354 1315 0 0 0 0 
2 140 0 -300 941 -600 -83 0 0 
166 450 0 -1199 54 -491 -2816 1776 -2520 
-2431 1812 -2196 -1007 2658 -2214 0 1601 0 
-1689 873 -2349 0 2351 -348 50 1239 -1050 
516 956 0 -440 4260 -1445 0 0 -3077 
-2639 3831 -1676 0 0 -516 -376 250 175 
-358 830 -2466 -895 4756 -952 -41 558 8 
-222 990 -516 0 0 0 0 0 -158 
-150 1179 -216 -800 507 -283 0 0 0 
-1416 1873 0 0 1979 -458 0 0 0 
-634 629 -75 0 957 -433 -50 466 -1234 
-1930 2033 -3995 -949 912 -3436 0 -819 0 
-1525 380 -3584 331 2600 -1641 -266 0 -174 
0 116 0 -1441 1748 -2918 0 0 -3222 
-1106 341 -84 -333 0 -2289 -308 308 -600 
-1300 100 -2554 -2266 3146 -867 216 0 -533 
-1416 150 0 0 0 0 0 0 -358 
-325 0 0 -1081 91 -2485 0 0 0 
235 2223 -1416 -175 800 -1850 0 0 0 
-1283 0 -258 -800 2700 -1733 -1404 0 -2248 
789 0 -2056 1858 0 -2528 2916 733 0 
72 0 -2558 0 2757 1100 623 433 -2679 
0 1225 0 -141 3468 -1310 0 0 -3071 
667 0 -2412 0 0 -116 676 0 -1160 
838 0 -450 839 1741 -3027 903 0 -2183 
225 700 -3685 0 0 0 0 0 0 
1066 0 -216 1914 0 100 0 0 0 
1111 0 -1366 16 0 -175 100 0 -233 
126 0 -541 0 0 0 1295 0 -1383 
1573 2533 -2273 -175 1216 -900 -1100 3247 -225 
1972 666 -2037 0 1566 0 -227 1325 -133 
0 400 516 0 555 -533 0 0 -1499 
1303 1290 -3104 0 0 0 2748 1827 266 
356 0 -575 908 2897 -979 575 366 -741 
580 266 -466 0 0 0 0 0 -200 
0 0 0 0 66 -300 0 0 0 
416 0 -250 0 0 0 0 0 0 
0 266 -938 0 0 0 474 556 -787 
1762 0 -3178 2373 493 -2500 1021 1972 -2495 
743 681 -2722 0 1432 -1441 191 -20 -4012 
0 2112 25 0 2058 -3316 0 0 -3904 
1063 233 -4119 0 0 0 1281 0 -3236 
7 258 -1416 1193 1571 -1825 0 0 -416 
-527 1700 -874 0 0 0 0 0 -3533 
22 0 -325 208 0 -266 0 0 0 
230 756 -3035 0 137 -575 0 0 -974 
47 2700 -431 0 0 -2300 -25 799 -3480 
213 0 0 0 0 0 1371 0 0 
0 0 0 0 1648 0 1048 0 0 
70 0 0 -1539 0 0 0 0 -836 
247 0 0 0 0 0 1079 0 0 
1357 0 0 165 404 0 -33 0 0 
-231 0 0 8 0 0 -277 0 -666 
249 0 0 -1696 0 0 1555 0 0 
539 0 0 0 0 0 0 0 0 
-68 0 0 -705 0 0 583 0 -356 
122 3095 0 0 0 0 1682 1405 0 
0 0 0 0 1785 0 1744 475 0 
-120 646 0 -308 0 0 0 0 0 
-989 58 0 0 0 0 1179 716 0 
1028 1285 0 1254 1660 0 733 283 0 
56 266 0 0 0 0 456 641 0 
145 3490 0 -943 0 0 100 0 0 
344 1301 0 0 0 0 0 0 0 
179 225 0 -445 -45 0 993 643 -716 
347 0 -2277 0 0 0 1891 0 -1081 
0 0 0 0 580 0 307 0 -125 
31 0 -2162 -254 0 0 0 0 -166 
29 0 -800 0 0 0 2864 0 -1760 
1296 0 0 1174 570 -225 258 0 0 
-6 0 -683 0 0 0 150 0 -91 
-237 0 -2853 -3053 0 -766 341 0 0 
1153 0 -225 0 0 0 0 0 0 
-88 0 0 -206 0 -416 1032 0 -225 
-1228 1628 0 -2491 0 -1181 -1750 1293 0 
0 0 -1605 0 1690 0 83 998 -2520 
-893 2022 0 -2143 4493 -241 0 325 -2475 
-1137 12 0 0 0 0 456 608 0 
1790 216 0 -447 2060 0 0 166 0 
-1700 719 0 33 0 0 0 513 0 
-269 1099 0 -2042 900 -299 -137 291 0 
1763 19 -533 0 0 0 0 0 0 
-1284 427 0 -1650 2504 -158 -812 491 -1558 
-1963 3178 0 630 1021 493 -1795 2379 -836 
0 366 -649 0 3774 0 0 1198 800 
-1423 2637 -950 842 5134 -260 0 1154 -90 
-25 860 0 0 0 0 -420 533 -1034 
333 1258 0 -116 5125 0 0 266 0 
-1191 2980 -850 0 0 0 0 800 -500 
-1109 2548 0 -858 2677 -154 0 266 0 
-161 2100 16 0 1663 0 0 0 0 
310 1160 -466 16 4050 0 -216 2556 -766 
-1377 2819 -1995 -266 1475 -1513 -1200 708 -1328 
0 0 -433 0 823 0 -41 0 0 
-1297 2537 -1116 -158 0 -58 0 0 -700 
-41 0 0 0 0 0 0 0 0 
0 333 -1033 0 175 -550 516 0 -33 
0 100 -133 0 0 0 0 0 -91 
-955 2565 -3876 -1245 133 -2727 0 0 0 
-2250 3640 -1541 491 776 0 516 0 0 
0 0 0 0 616 -2539 -600 250 -941 
2034 0 -1476 0 0 0 1153 1810 -1387 
0 0 0 0 1030 0 2429 964 -2976 
1276 2758 -1018 787 1600 0 1366 2403 -1900 
980 0 250 0 0 0 1057 0 -1191 
242 0 -1000 3990 4921 -506 1424 100 0 
463 266 -561 0 0 0 41 2171 -716 
2279 0 -1432 0 0 -148 492 0 0 
666 0 -816 0 733 0 0 0 0 
1003 0 -58 75 1220 -3083 1204 -245 -2187 
2263 2333 -1926 0 0 195 525 3319 -2630 
0 0 0 0 2500 0 1485 1320 -1730 
1969 4192 -1072 0 0 0 375 3149 -853 
18 0 -1007 0 0 0 33 2658 -280 
-111 730 0 2961 4073 0 0 491 -2300 
1625 900 -1096 0 0 0 0 1861 0 
1641 1716 -755 -450 733 0 -316 3042 0 
1335 300 -566 0 0 0 0 0 0 
1391 2606 300 0 1465 -650 2736 2636 -1946 
2829 1622 -2028 -1100 0 -3727 1552 2498 -2508 
0 0 -965 0 965 0 703 -137 -2715 
2399 2025 -1549 0 1950 -750 0 2753 -3524 
-75 -41 53 0 0 0 200 1150 -958 
1183 316 -2655 483 2713 -2366 166 0 -3027 
994 133 -1885 -333 0 0 0 400 -1013 
1498 1893 -3405 750 1200 0 2033 1141 -974 
510 475 -2483 0 1700 0 0 0 0 
-12 350 -2088 0 1716 -2941 204 2042 -3263 
-96 0 0 0 0 0 0 0 0 
-12 0 0 0 0 0 0 0 0 
16 0 0 0 0 0 0 0 0 
-213 0 0 0 0 0 0 0 0 
238 0 0 143 1850 0 0 0 0 
107 0 0 0 0 0 0 0 0 
-268 0 0 0 0 0 0 0 0 
98 0 0 0 0 0 0 0 0 
-123 0 0 0 0 0 -22 0 -876 
-308 1436 0 0 0 0 0 0 0 
-139 712 0 0 0 0 0 0 0 
607 58 0 0 0 0 0 0 0 
-246 1455 0 0 0 0 0 0 0 
-49 1262 0 494 268 0 0 0 0 
346 225 0 0 0 0 0 0 0 
-847 908 0 0 0 0 0 0 0 
615 455 0 0 0 0 0 0 0 
95 -50 0 0 0 0 125 368 166 
62 0 -2201 0 0 0 0 0 0 
-252 0 -1156 0 0 0 0 0 0 
-60 0 0 0 0 0 0 0 0 
-291 0 -2447 0 0 0 0 0 0 
-553 0 -811 709 -100 -325 0 0 0 
826 0 -106 0 0 0 0 0 0 
-100 0 -983 0 0 0 0 0 0 
151 0 0 0 0 0 0 0 0 
47 0 8 0 0 0 -41 0 16 
-1726 1334 0 -1266 0 -1521 0 0 0 
-1101 631 -1175 0 0 26 0 0 0 
-1185 603 0 0 0 0 0 0 0 
-1514 849 0 -500 0 -1208 0 0 0 
-491 1028 -491 -1106 468 308 0 0 0 
-1048 3490 0 0 0 0 0 0 0 
-923 3368 0 0 0 -425 0 183 0 
-1235 2061 -50 0 0 41 0 0 0 
-567 -66 0 0 316 0 -2438 427 -275 
-2199 2687 0 -1132 1223 -796 0 0 0 
-1610 230 412 0 1471 -1664 -8 0 0 
-414 939 0 0 0 0 0 0 -616 
-2062 2741 0 283 0 -1258 0 0 0 
-1702 387 -200 -250 1220 237 0 500 0 
-133 702 0 0 0 0 0 0 -475 
-916 950 0 175 0 0 0 0 0 
-372 2460 -475 0 0 16 0 0 0 
-391 68 0 0 0 -433 -250 233 433 
-2232 2565 -3680 -409 0 -3368 0 0 0 
-2298 4 -1583 0 0 -886 0 0 0 
-300 212 0 0 1066 -383 0 0 -16 
-1179 2488 -416 -208 0 -1197 0 8 0 
-1158 650 -2683 -266 -112 -528 0 0 0 
-25 -125 0 0 0 0 0 0 0 
-1666 466 0 0 0 -108 0 0 0 
-933 216 -933 0 0 -150 0 0 0 
275 0 0 0 0 -66 -919 0 -933 
1029 0 -1764 0 0 -416 533 700 0 
549 0 -2685 0 287 0 -16 248 -400 
1001 1325 -1933 0 0 0 0 0 16 
984 0 -2118 0 0 0 0 350 0 
1005 0 -836 1549 884 -721 0 266 -1541 
586 3075 -753 0 0 0 0 133 0 
2832 0 -807 0 0 0 183 0 0 
524 0 -964 0 0 0 0 0 0 
621 316 -878 0 0 0 1180 2500 -1591 
1736 1863 -1439 0 0 -1579 1790 1695 0 
1247 291 -2130 0 375 0 0 -27 83 
808 3383 0 0 0 0 0 0 0 
1097 311 -1967 0 0 -250 -100 2266 0 
943 466 -1385 941 3200 0 0 300 0 
664 3466 -20 0 0 0 0 450 -533 
458 216 75 0 0 175 266 1150 0 
399 400 -206 0 0 0 0 0 0 
689 25 -362 0 0 0 1375 250 175 
1870 0 -2722 0 0 -754 166 2068 -3710 
839 0 -552 0 2533 0 0 5 -1025 
126 3370 -520 0 0 0 0 -166 -4500 
1491 0 -1486 0 0 0 55 686 0 
457 0 -910 0 0 -458 0 409 -318 
969 1066 -636 0 0 0 0 -225 -1300 
533 0 -1654 0 0 0 0 0 0 
371 0 -2522 0 216 0 0 0 8 
-545 0 -250 0 0 0 537 0 -2786 
-104 0 0 -504 0 0 0 0 0 
-153 0 0 -402 1674 0 1015 0 0 
-175 0 0 -1202 0 0 0 0 -1333 
-112 0 0 -786 0 0 367 0 0 
6 0 0 147 2129 0 858 0 0 
-97 0 0 -450 0 0 788 0 -1710 
-138 0 0 -218 0 0 0 0 0 
-12 0 0 -2406 1142 0 1037 0 0 
-284 0 0 -1722 0 0 131 0 -2136 
-112 1032 0 -1338 759 0 0 0 0 
-234 1019 0 -808 1383 0 583 0 0 
709 166 0 -829 411 0 0 0 -580 
-238 2117 0 -1539 375 0 578 1283 0 
362 1973 0 140 2692 0 1232 2162 0 
-234 1588 0 -158 0 0 1298 0 -350 
-309 289 0 -360 1173 0 0 0 0 
164 467 0 -958 894 0 45 0 0 
-493 225 0 -87 758 0 296 813 -555 
-61 0 -2445 -144 0 -1064 0 0 0 
29 0 -2863 -346 2010 -800 1421 0 -450 
34 0 -483 -2623 0 -1258 0 0 -2458 
-164 0 -2691 -619 0 -875 1336 0 -1041 
473 0 -2523 283 2429 -1555 1507 0 -1058 
-250 0 -1432 0 0 0 830 0 -1116 
-289 0 -280 -235 0 -550 0 0 0 
-52 0 -1160 -1155 350 -745 861 0 41 
-386 0 -800 -1482 0 -640 866 0 -2355 
-1324 1379 0 -2124 1418 -2404 -1247 150 0 
-1557 870 -3186 -1292 2234 -3611 -1374 1389 -2731 
-1176 1255 0 -2431 2356 -1558 -2968 158 -2155 
-1464 1421 0 -1640 2266 -3444 -1924 1231 0 
-850 1238 -2466 -1592 3083 -2054 2559 2103 -2573 
-501 1176 0 -2309 183 0 -254 1102 -1984 
-1587 1157 0 -1372 874 -1480 -16 381 0 
-1373 1116 -999 -1700 1655 -610 -4 0 -500 
-973 854 0 -2509 3159 -364 -1794 2556 -3232 
-2170 2098 -1494 -516 2388 -2524 -1350 3209 -2518 
-2494 1738 -2921 -727 4118 -1785 -1577 2158 -1991 
-1131 2077 -1101 -520 3991 -1956 -1071 1180 -2278 
-2433 2960 -1996 -380 2221 -2206 -1798 1755 -1917 
-1811 1040 -1859 -509 4844 -2016 730 1857 -1563 
-677 945 -1916 -356 1566 0 250 1490 -2827 
-923 2227 -1683 -2096 2257 -1975 -474 1562 0 
-1649 1641 -1102 -2045 3205 -679 -66 0 -1842 
-848 2410 -2321 -2222 4589 -1025 -2528 3628 -2974 
-2357 1633 -2716 -1705 887 -3044 -150 0 -3947 
-2419 1546 -3083 -2583 1147 -2095 -670 8 -2410 
-2072 664 -250 -350 1970 -2533 -1745 166 -3207 
-2816 1180 -3616 -862 682 -3281 -2773 270 -1920 
-1758 248 -3930 -2205 2676 -2874 -350 983 -1905 
113 959 8 -1176 0 0 -1499 -66 -2200 
-701 971 -1056 -2559 -37 -2375 0 0 -1566 
-1327 616 -1851 -747 1236 -2050 0 0 -595 
-1163 689 -2824 -2525 2280 -1049 -2699 1604 -2922 
770 0 -1580 768 0 -2192 0 566 -452 
606 0 -2380 1721 2233 -1931 2863 2221 -2200 
-544 1806 -716 -66 1491 316 41 0 -3236 
672 0 -1822 727 0 -1772 1360 1204 -2817 
765 0 -1849 2738 3653 -1769 2735 1620 -1543 
528 986 -1771 -41 0 0 877 2250 -2117 
1133 0 -2000 1253 0 -2056 0 0 -16 
862 0 -1378 -1800 916 -800 1814 0 -1351 
566 1225 -374 -273 1835 217 2230 2447 -2440 
1024 1310 -2636 801 518 -733 0 1561 -885 
883 719 -1233 383 1692 -1050 165 754 -2088 
59 166 -580 0 437 0 0 0 -545 
878 1858 -1733 400 100 -333 2982 1739 -1189 
1513 1419 -2094 3679 3587 -608 694 1394 -1883 
1459 385 -1657 0 650 0 1222 1162 -1199 
12 450 -825 635 600 -91 0 0 -878 
334 324 -1459 0 1333 100 0 0 -58 
1564 0 -519 0 1411 0 1663 2085 -2143 
1568 0 -2917 1874 273 -1831 83 1515 -1570 
740 78 -3190 695 1352 -2990 1100 -80 -3450 
83 0 -1502 0 480 -2186 0 0 -3111 
656 2071 -3000 204 300 -3573 1250 738 -3399 
706 693 -2702 3979 2584 -2338 1753 113 -2325 
1616 133 -2034 8 0 0 1449 263 -2922 
657 0 -1677 924 741 -1161 0 33 -566 
411 588 -1710 0 1283 -700 350 0 -2105 
1284 0 -1125 0 815 -705 1222 509 -3355 
6 0 0 0 0 0 1003 0 0 
97 0 0 0 2583 0 1583 0 0 
-17 0 0 -1047 0 0 305 0 -1377 
-101 0 0 0 0 0 716 0 0 
477 0 0 136 2845 0 2090 0 0 
176 0 0 -1976 0 0 646 0 -1987 
8 0 0 -98 0 0 334 0 0 
65 0 0 -1332 1858 0 1959 0 0 
49 0 0 -977 0 0 48 0 -2800 
-23 1893 0 0 0 0 723 215 0 
260 -25 0 0 2954 0 1793 1273 0 
249 1714 0 -1102 166 0 1142 43 -269 
84 736 0 0 0 0 1031 118 0 
576 2376 0 656 2977 0 2465 1182 0 
62 821 0 -1037 0 0 876 983 -1071 
-70 542 0 67 50 0 404 1050 0 
-38 -8 0 -500 0 0 0 0 0 
-59 1013 0 -1576 33 0 -189 891 -1366 
185 0 -2257 0 0 0 935 0 -2432 
212 0 -193 0 1296 0 1497 0 -1076 
25 0 -1599 -1334 0 0 483 0 -1230 
35 0 -1541 0 0 0 1821 0 -2355 
658 0 -331 581 1760 -1025 1595 0 -396 
-120 0 -286 -447 0 0 -33 0 -1246 
210 0 -1014 -1067 0 -208 1650 0 41 
331 0 -655 -116 409 0 466 0 0 
-177 0 -587 -1636 0 150 659 0 -1197 
-1948 1489 0 -1108 0 -710 -1280 1581 0 
-1469 1305 -970 0 2226 0 -141 802 -3729 
-1812 2040 0 -2080 1725 -41 -2111 643 -2367 
-925 1034 0 0 666 0 -1634 1103 0 
310 2153 -1820 -2101 2225 -2132 3810 1211 -2433 
-1035 2056 0 -741 441 0 173 655 -2483 
-1043 1502 0 -735 328 0 408 115 0 
166 1507 -685 -1684 1374 -2450 158 0 0 
-811 2307 0 -976 2650 214 -2538 2086 -3331 
-2298 2271 0 -766 491 -1971 -1162 2980 -1178 
-1166 1474 -300 0 4032 0 0 2026 -1844 
-1159 3242 0 -8 1137 66 -1591 1780 -1615 
-2426 2055 0 0 0 -266 -466 2095 -1049 
-774 1239 -183 -1531 3611 -1370 800 1500 -1519 
-1273 1354 -900 0 1815 0 0 1009 -2428 
-265 2045 -1756 -1283 1037 0 0 1352 -50 
-661 562 -320 125 2682 -1638 0 0 -241 
-2062 1681 -525 -1300 2455 -533 -2619 2219 -3190 
-1414 1929 -1816 0 494 -3067 -1675 350 -950 
-541 0 0 0 2183 -266 0 0 -566 
-1075 2028 0 0 1837 -130 -1795 -112 -1118 
-1085 538 -8 0 412 0 -58 180 -450 
-105 436 -287 -522 2220 -1460 -100 -5 -764 
-1031 474 -491 0 508 0 0 450 -1208 
-1478 2444 -1150 0 948 -2525 0 0 -83 
-120 97 -608 -200 -25 -1315 0 0 -366 
-567 119 -2441 0 1131 -1152 -3032 1747 -2065 
860 0 -1861 358 0 0 1443 2317 -2128 
1257 0 -1794 212 1200 -116 1646 1066 -1958 
1083 1731 -1073 -145 -50 0 518 358 -2693 
710 0 -994 583 0 -500 1507 1814 -1730 
1180 0 -658 1999 3221 -2162 2007 2794 -1730 
1183 3136 -1402 141 0 0 1517 1290 -2593 
806 0 -1430 567 0 -516 1115 750 -1150 
411 0 -362 0 75 -345 739 0 -358 
1125 1470 -1203 -298 0 -133 1633 1350 -2717 
1829 2368 -2053 0 425 0 3115 3404 -1475 
1014 966 -1546 0 2915 0 1075 1733 -1591 
2035 1289 -1248 0 233 0 1553 1418 -670 
2566 257 -1190 0 0 0 2046 1588 -1166 
2058 1360 -1250 2884 2490 -1387 3950 895 -1644 
971 2953 -1168 0 250 0 1966 814 -624 
1537 1142 141 2773 0 -300 -8 1948 171 
738 131 66 0 1133 -399 0 0 0 
1740 1629 -204 266 931 0 2598 1547 -2381 
1555 1164 -2758 200 0 -3981 1183 1727 -3634 
1376 140 -2463 0 2745 -1760 1384 1848 -3747 
1638 1383 -1851 1066 594 -1601 425 2126 -4234 
987 1308 -2990 575 758 -1096 1829 1606 -2225 
912 2550 -1347 2379 2616 -1653 1166 889 -3682 
524 1512 -1697 -333 508 0 1496 818 -3168 
1386 979 -3379 -433 0 -150 893 1351 -175 
-50 142 -1596 -275 376 -403 0 0 -699 
606 2199 -899 0 538 -1083 1134 1311 -4314 
136 0 0 0 0 0 0 0 0 
104 0 0 0 0 0 0 0 0 
45 0 0 0 0 0 0 0 0 
381 0 0 0 0 0 0 0 0 
298 0 0 115 996 0 0 0 0 
8 0 0 0 0 0 0 0 0 
337 0 0 0 0 0 0 0 0 
-41 0 0 0 0 0 0 0 0 
-91 0 0 0 0 0 -32 0 -744 
136 2406 0 0 0 0 0 0 0 
-269 266 0 0 0 0 0 0 0 
171 707 0 0 0 0 0 0 0 
430 1483 0 0 0 0 0 0 0 
804 531 0 437 683 0 0 0 0 
153 158 0 0 0 0 0 0 0 
504 2733 0 0 0 0 0 0 0 
-219 338 0 0 0 0 0 0 0 
-663 666 0 0 0 0 -554 33 -266 
307 0 -1393 0 0 0 0 0 0 
-167 0 -125 0 0 0 0 0 0 
388 0 -165 0 0 0 0 0 0 
559 0 100 0 0 0 0 0 0 
598 0 -749 250 0 -585 0 0 0 
-185 0 -609 0 0 0 0 0 0 
649 0 -476 0 0 0 0 0 0 
1 0 -666 0 0 0 0 0 0 
675 0 -1572 0 0 0 -1185 0 -425 
-1170 1784 0 -8 0 -1088 0 0 0 
-473 266 -116 0 0 0 0 0 0 
-1249 2486 0 -125 0 -920 0 0 0 
-511 370 0 0 0 0 0 0 0 
-1943 773 -212 -1336 1425 -958 0 0 0 
-2054 1168 0 0 0 0 0 0 0 
-785 2306 0 -233 0 -316 0 0 0 
-608 683 -233 0 0 41 0 0 0 
-915 419 0 -616 316 -158 -1197 833 -1680 
-1693 2575 0 683 1247 -1982 0 0 0 
-1832 693 -2771 0 1222 -313 0 0 0 
-341 2549 0 0 1566 -283 0 0 -2034 
-908 1151 0 116 0 -216 0 0 0 
-750 583 -608 -516 2665 25 0 0 0 
-33 2296 0 0 0 0 0 0 0 
-924 2445 0 650 516 -625 0 241 0 
-428 -50 -450 0 1441 283 0 0 0 
-836 754 0 -300 1350 -450 0 483 -2435 
-1704 2736 -1682 187 0 -2158 0 0 0 
-1739 0 -4519 0 0 -150 0 0 0 
-1018 2290 133 0 1083 -866 0 0 0 
-1992 179 -350 0 0 -183 0 0 0 
-145 -155 -291 -316 680 -116 0 0 0 
-100 243 0 0 0 0 0 0 0 
-1760 1524 -941 0 0 -687 0 0 0 
-1384 100 0 0 0 -725 0 0 0 
-307 1990 -258 0 0 -1392 -804 83 -1392 
1724 0 -1548 0 0 0 530 1270 0 
831 0 -1115 0 345 0 275 0 0 
1784 775 -1214 0 0 0 0 150 -400 
275 0 -346 0 0 0 0 0 0 
689 0 -920 812 1033 -1410 0 0 0 
754 0 -2625 0 0 0 0 -31 0 
1335 0 -805 0 0 0 0 1165 0 
345 0 -1166 0 0 0 0 0 0 
206 25 -1030 0 0 0 1286 0 -1325 
1686 1995 -2175 0 0 490 725 2128 0 
300 0 -1169 0 0 0 0 800 -1500 
1996 2880 -1126 0 0 0 0 1940 0 
1798 0 -891 0 0 0 0 466 0 
124 0 -91 962 0 0 0 -58 0 
464 0 -62 0 0 0 0 0 0 
2103 400 -1793 0 0 266 508 3564 0 
-15 0 31 0 0 0 0 0 0 
-105 2066 -253 0 0 0 356 233 -933 
1612 0 -2396 0 0 0 387 1714 -1580 
108 0 -1058 0 200 0 0 0 -158 
1560 1560 -1657 0 0 -1200 0 500 -1759 
470 0 -270 0 0 0 0 0 0 
265 0 -425 241 0 -33 0 -87 25 
958 0 -1072 0 0 0 0 0 154 
952 0 -1343 0 0 0 0 216 -914 
83 0 -868 0 166 0 0 0 0 
1010 212 -2137 0 0 0 83 -300 -3470 
2 0 0 -803 0 0 0 0 0 
102 0 0 -414 2283 0 956 0 0 
-58 0 0 -1663 0 0 0 0 -2208 
78 0 0 -441 0 0 857 0 0 
3 0 0 59 2486 0 1602 0 0 
-1 0 0 -1479 0 0 1643 0 -1206 
160 0 0 -584 0 0 0 0 0 
-84 0 0 -899 1662 0 1660 0 0 
-338 0 0 -1402 0 0 27 0 -2885 
121 2718 0 -1694 1181 0 0 0 0 
303 2111 0 -528 839 0 668 0 0 
-116 -72 0 -982 960 0 0 0 -1098 
263 2953 0 -916 116 0 676 1075 0 
233 1026 0 166 2259 0 1622 166 0 
278 966 0 -558 0 0 318 383 -400 
229 1123 0 -798 3437 0 0 0 0 
296 1554 0 169 1213 0 1023 0 0 
-491 697 0 -1184 956 0 -80 778 -901 
54 0 -2025 -549 0 -437 0 0 0 
317 0 -1796 -582 338 -289 976 0 -8 
-216 0 -575 -875 0 -2086 0 0 -2035 
238 0 -505 -448 0 -266 1822 0 0 
526 0 -994 814 1788 -653 1038 0 0 
756 0 -304 -266 0 0 658 0 0 
537 0 -468 -473 0 -1788 0 0 0 
683 0 -384 -659 873 -870 656 0 -233 
-692 0 -2727 -1269 0 -97 361 0 -1445 
-921 1444 0 -1571 1031 -3317 -680 0 0 
-1092 1164 -2567 -1260 1300 -2422 -277 650 -1033 
-479 3084 0 -1715 2280 -2126 -450 0 -1695 
-754 1743 0 -1199 980 -1016 -357 594 0 
-1098 707 -1945 -1658 2624 -2722 -35 175 0 
44 464 0 -1468 166 0 0 1650 -1428 
-850 1288 0 -1170 1413 -570 -800 0 0 
-438 1079 -2467 -2085 1462 -1299 7 0 -233 
-1130 419 0 -1589 2444 -1302 -1866 2248 -3703 
-1843 2282 -1814 -4198 4023 -2036 0 2116 -316 
-1536 979 -1838 -785 3940 -481 0 2034 -1470 
-1480 1340 -608 -2394 4295 -1498 0 595 -2232 
-2011 3194 -716 -381 535 -400 -195 508 -658 
-943 1137 -2341 -1763 4746 -2022 33 2635 303 
216 2499 -1182 0 258 0 0 1584 -858 
-859 1972 -1365 -1633 2856 -2066 33 1555 -266 
-1012 2324 -1448 -1126 3513 -1177 0 0 -332 
-720 2794 -2843 -2647 3502 -524 -2399 2776 -2800 
-2488 1855 -2062 -620 2005 -2919 0 0 -200 
-1959 1102 -3725 -1958 874 -1980 -362 0 -700 
-1720 2483 0 -1641 3486 -1202 0 0 -2230 
-1545 857 -1996 -1053 135 -3439 -225 0 -75 
-1402 -243 -3473 -2055 2321 -1694 -666 0 -305 
12 316 350 0 0 0 0 0 -2937 
-803 1214 -1150 -2303 456 -2895 0 0 -3233 
-617 1550 -2689 -1105 863 -1993 0 0 0 
-2181 415 -3902 -983 2254 -818 -3017 521 -2729 
1930 0 -1697 996 0 -1962 183 0 -737 
1559 0 -2148 1262 681 -967 1794 0 -100 
1844 1516 -1782 191 1770 -1298 0 275 -1959 
805 0 -918 -25 0 -991 898 0 -100 
287 0 -2249 2813 3680 -1984 1663 2554 -200 
1059 1966 -2000 16 0 0 1019 1800 -2510 
669 0 -1272 226 0 -1374 0 0 -500 
769 0 -1422 -199 212 -1139 600 0 -428 
-510 917 -1704 -1685 3105 -628 2594 1790 -2302 
107 1452 -2518 2645 1025 -1041 0 2000 -335 
1686 183 -1452 1824 2900 -583 0 737 -1092 
483 0 -194 0 2311 0 0 1500 -1807 
1403 1441 -1842 0 183 58 531 1462 -260 
2050 1816 -1781 3358 3528 -1829 800 2024 569 
725 233 -267 0 183 0 633 1257 -293 
382 0 -1070 175 1383 -657 0 599 -1051 
507 -16 698 0 400 0 0 0 83 
538 150 -501 33 1033 -566 1089 2168 -2046 
2007 0 -2573 2258 2475 -3218 0 -183 -1003 
1053 -37 -2436 356 2197 -2799 350 183 -1850 
832 1233 -920 0 377 -589 0 150 -3480 
982 1411 -1712 -533 593 -2078 241 33 -508 
524 981 -1693 3635 2220 -1694 462 -36 -1490 
644 -31 -1560 0 -66 0 866 -50 -2786 
1154 0 -1182 0 1012 -1444 0 475 -612 
1233 218 -1640 0 1593 -1105 200 0 -1450 
104 -133 -858 -1250 1797 -1294 188 769 -3892 
128 0 0 0 0 0 680 0 0 
245 0 0 0 2105 0 1509 0 0 
185 0 0 -1007 0 0 544 0 -1054 
284 0 0 0 0 0 680 0 0 
389 0 0 69 2719 0 1245 0 0 
54 0 0 -1842 0 0 2296 0 -888 
133 0 0 -677 0 0 702 0 0 
158 0 0 -234 1767 0 652 0 0 
76 0 0 -786 0 0 -36 0 -1469 
123 3117 0 0 0 0 554 2484 0 
-67 616 0 0 2046 0 2344 2110 0 
183 3208 0 -1681 591 0 673 254 -643 
195 710 0 0 0 0 2135 1811 0 
671 1983 0 475 2523 0 1866 552 0 
-26 821 0 -1704 0 0 2138 1912 -733 
247 2604 0 -605 233 0 974 391 0 
347 1743 0 432 2244 0 -33 0 0 
116 2529 0 -23 1003 0 -317 1139 -1550 
418 0 -631 0 0 0 1296 0 -451 
325 0 -233 0 1487 0 1060 0 -241 
396 0 -682 -554 0 0 670 0 -768 
356 0 -771 0 0 0 1476 0 -558 
836 0 -1191 630 1234 -848 1700 0 -516 
641 0 -558 -2663 0 0 1881 0 -911 
416 0 -2128 -461 0 -240 1255 0 -181 
1076 0 -907 -319 1405 0 0 0 0 
264 0 -464 190 0 -1266 497 0 -1955 
-990 1663 0 0 993 -150 -1055 1774 0 
91 1994 -831 25 3080 0 -25 1155 -883 
-579 2029 0 -2068 2106 -2425 -873 1625 -3122 
-979 1540 0 -50 0 0 -797 1549 0 
-518 743 -852 -2196 2259 -1729 225 640 -500 
-1313 1848 0 -2734 1370 0 200 1086 -1313 
-579 1543 0 -1580 1987 -633 -211 2090 0 
-442 1486 -150 -1156 1820 -1458 525 0 0 
-674 1760 0 -2525 2122 -1282 -2662 2375 -2741 
-1977 3411 0 208 861 369 -2477 3046 -2147 
-402 2712 -258 0 4453 0 266 2425 -915 
-934 3245 150 -2657 3130 -357 -1431 2288 -1774 
-863 3277 0 0 158 0 -466 2720 70 
-1076 2280 -483 -363 3915 -550 400 1227 -1970 
-519 3882 -403 -434 1412 0 0 1659 -1952 
-1480 3610 -796 -2515 3413 -111 0 3979 -241 
-594 3187 -466 -1103 4328 -204 0 0 -50 
-609 2561 -1132 -1267 4140 -468 -2474 4101 -2619 
-1652 2884 -3034 16 365 -2200 -1476 606 -706 
-137 1929 -366 50 1665 -1266 0 0 -225 
-1661 3887 -1410 -508 691 -1668 -175 300 -3573 
-257 1083 -462 -466 -25 0 -258 300 -583 
-670 1178 -691 -1561 4079 -1910 733 0 -626 
-1199 1054 -678 -800 293 0 0 87 -1615 
-1194 1566 -2809 -756 3102 -2359 -1033 0 -499 
-874 1112 -1110 -1943 790 -1210 0 0 0 
-1182 1298 -1056 -1661 2936 -1856 -3073 1243 -2837 
1294 0 -1440 1583 0 0 2004 3431 -1476 
1791 0 -920 2741 2671 -83 2485 3138 -2287 
1657 3014 -904 1410 978 -202 1551 2869 -2478 
1603 0 -884 3122 0 -1766 1666 324 -1056 
1118 0 -748 1999 3654 -2206 2175 2189 -1899 
1337 1363 -1742 -66 1466 0 2078 1000 -1822 
1128 0 -1246 1958 0 -1291 1090 2273 -1704 
602 0 -687 1548 819 -1274 1215 0 -75 
962 890 -1240 236 1775 -1033 1888 1310 -2674 
2952 3724 -1813 716 1006 0 2179 3680 301 
3132 2075 -283 716 2778 0 116 1284 -1210 
2555 4431 -719 316 3304 -533 2715 3003 -1650 
1755 1623 -968 0 0 0 2944 3357 -361 
2114 1898 -895 3783 3273 -728 3038 1360 -1360 
2394 3358 -1501 0 1366 0 2144 1643 -1870 
1991 1835 -2129 1771 1944 -1675 1177 2804 276 
782 567 -86 691 1939 -266 638 0 0 
1547 3365 -408 -130 1648 -300 3107 2757 -1390 
2631 1062 -2083 193 1109 -3513 2055 2585 -2391 
2106 2543 -2331 1191 1052 -3108 585 819 -2731 
2726 1796 -830 -75 2579 -1933 585 1411 -3701 
1686 1153 -1900 -850 700 -325 3051 2429 -2377 
1090 2253 -1594 2508 2741 -840 2800 763 -2918 
1416 2095 -2006 -1780 976 0 2898 681 -2950 
1380 1342 -2902 2306 2120 -1525 1666 2829 -2004 
1014 2937 -1264 123 2133 -748 527 0 -1725 
1885 2152 -682 -295 1147 -1149 1574 2340 -4641 
42 0 0 0 0 0 0 0 0 
0 0 0 0 0 0 0 0 0 
0 0 0 0 0 0 0 0 0 
121 0 0 0 0 0 0 0 0 
610 0 0 -146 666 0 0 0 0 
0 0 0 0 0 0 0 0 0 
-44 0 0 0 0 0 0 0 0 
0 0 0 0 0 0 0 0 0 
-453 0 0 0 0 0 -304 0 0 
-15 2230 0 0 0 0 0 0 0 
0 0 0 0 0 0 0 0 0 
0 0 0 0 0 0 0 0 0 
-213 18 0 0 0 0 0 0 0 
655 121 0 -233 0 0 0 0 0 
0 0 0 0 0 0 0 0 0 
-129 1151 0 0 0 0 0 0 0 
0 0 0 0 0 0 0 0 0 
-639 283 0 0 0 0 -108 0 0 
145 0 -2064 0 0 0 0 0 0 
0 0 0 0 0 0 0 0 0 
0 0 0 0 0 0 0 0 0 
163 0 -988 0 0 0 0 0 0 
161 0 -125 -138 300 0 0 0 0 
0 0 0 0 0 0 0 0 0 
120 0 -651 0 0 0 0 0 0 
0 0 0 0 0 0 0 0 0 
-221 0 -871 0 0 0 158 0 0 
-891 1459 0 -2146 0 -4040 0 417 0 
-147 0 -1358 0 -25 -141 433 0 0 
0 568 0 -172 0 0 0 0 -2002 
-785 409 0 -58 0 -33 0 0 0 
-68 33 0 0 216 0 225 0 0 
0 0 0 0 0 0 0 0 0 
-952 -1688 0 -108 0 0 0 0 0 
216 0 0 0 0 0 0 0 0 
-1490 116 0 400 0 -125 774 0 0 
-1067 2642 0 3953 4020 -1067 0 4139 0 
1792 635 -569 0 4307 3273 -1050 0 0 
0 2105 0 366 4580 0 0 0 -1176 
-155 723 0 -1875 0 -141 0 0 0 
360 160 250 0 1100 0 0 100 0 
0 0 0 0 0 0 0 0 -141 
-333 456 0 233 0 0 0 0 0 
0 0 -733 0 683 233 0 0 0 
-605 346 0 0 0 0 -550 158 2689 
-1850 1207 -2827 -2016 0 -4443 0 -2803 0 
-650 0 -2604 0 -1088 224 258 0 0 
0 -1953 0 -2932 2391 -150 0 0 -2669 
-931 -48 -83 0 0 -550 0 0 0 
318 -200 0 0 175 0 0 0 0 
0 0 0 0 0 0 0 0 0 
-612 225 -241 0 0 -158 0 0 0 
0 0 0 0 0 0 0 0 0 
-73 -225 0 0 0 0 0 0 0 
1123 0 -1351 0 0 71 3756 550 0 
0 0 509 0 1914 0 608 0 -316 
1304 1409 0 -83 0 0 0 -83 -543 
953 0 -1001 0 0 0 280 258 0 
725 0 -93 0 -83 100 0 0 0 
25 0 0 0 0 0 0 0 -725 
1696 0 -495 0 0 0 91 0 0 
0 0 0 0 0 0 0 0 0 
319 600 13 0 0 -125 86 0 -520 
2052 3226 -808 0 0 3796 1578 4562 0 
0 0 587 0 4245 0 4403 -191 445 
2783 4170 0 -266 0 0 0 -250 1179 
-870 -50 -247 0 0 0 150 191 0 
220 0 0 0 -66 0 250 108 0 
0 0 0 0 0 0 0 0 0 
945 270 -70 0 0 233 0 712 0 
0 0 0 0 0 0 0 0 0 
291 0 -33 0 0 0 608 112 -516 
1249 0 -2591 0 0 -3252 -579 -7 -3540 
0 0 -179 0 31 0 462 0 -2516 
-2142 2396 -992 0 0 0 0 -3543 -4621 
65 0 -1109 0 0 0 0 8 -716 
110 0 41 0 -3216 0 0 -800 0 
8 0 0 0 0 0 0 0 -550 
419 0 -556 0 0 0 0 83 -66 
0 0 0 0 0 0 0 0 0 
-204 0 -214 0 0 0 150 -600 -825 
-264 0 0 -1513 0 0 0 0 0 
-85 0 0 0 585 0 891 0 0 
0 0 0 -1347 0 0 0 0 -2014 
-122 0 0 -1076 0 0 1322 0 0 
-100 0 0 -594 1535 0 1106 0 0 
-452 0 0 0 0 0 0 0 -25 
-317 0 0 -967 0 0 0 0 0 
66 0 0 -1196 633 0 431 0 0 
-837 0 0 -1361 0 0 41 0 -1433 
-372 1705 0 -2334 1853 0 0 0 0 
233 2201 0 0 1208 0 525 0 0 
0 0 0 -1090 562 0 0 0 -1487 
58 1520 0 -41 0 0 2574 3525 0 
234 560 0 -563 3574 0 2530 50 0 
-618 483 0 0 0 0 0 0 0 
-317 696 0 -1650 855 0 0 0 0 
76 545 0 -212 -58 0 -8 0 0 
-1178 0 0 -550 8 0 -34 250 -770 
-265 0 -3287 -1531 0 -2206 0 0 0 
-132 0 -2818 0 225 0 2312 0 -545 
0 0 0 -4197 0 -2436 0 0 -4592 
80 0 -3253 -183 0 0 2131 0 -600 
-185 0 -291 -290 1542 -1804 1350 0 -625 
-558 0 -2172 0 0 0 0 0 0 
-228 0 -283 -1842 0 -3933 0 0 0 
190 0 -1404 -1460 0 -733 225 0 0 
-2319 0 -2178 -300 0 -241 -458 0 -2152 
-1895 840 0 -2010 1571 -3062 0 -200 0 
-532 -1 -3088 1577 -238 -869 -1110 0 -333 
0 0 0 -1809 1854 -2211 0 0 -3008 
-1382 1217 0 -576 0 -758 -108 924 0 
-170 394 -1362 -1702 1589 -1883 680 247 -100 
-1461 795 0 0 0 0 0 0 -525 
-1107 1817 0 -427 1620 0 0 0 0 
-362 426 33 -781 172 -490 275 0 0 
-1035 831 0 -1614 -466 -270 -2072 649 -2697 
-1843 1440 -1488 -785 2512 -909 0 3629 0 
-924 673 -1008 450 3775 859 116 842 -535 
1033 426 0 -1108 3065 -1504 0 -250 -1912 
-1580 3027 -1238 -535 50 -1158 -1309 1756 991 
-875 1271 -1808 -759 4257 -1018 -150 2293 1074 
-327 1421 -358 0 0 0 0 0 499 
-675 1354 -641 -1190 871 -903 0 500 0 
-1552 1730 -621 -100 3442 -556 0 0 0 
-958 1293 -333 -175 2339 -727 -275 2110 333 
-1898 810 -3736 -2047 1058 -3156 0 -2273 0 
-1421 -139 -3118 -307 1771 -1837 -441 0 -258 
0 341 0 -2259 1137 -2803 0 0 -4465 
-1489 488 -1371 -666 0 -3083 -516 -208 -1500 
-2418 89 -2839 -3320 2471 -2323 602 -83 -569 
-1872 125 -266 0 0 0 0 0 -216 
-884 365 -216 -1426 430 -3818 0 0 0 
-608 1191 -1404 -1407 608 -2452 0 0 0 
-2444 -33 -1849 -1016 1260 -1543 -2313 191 -3289 
524 0 -1690 810 0 -1815 3916 716 0 
218 0 -1408 0 3582 2588 1258 226 -3266 
-16 1280 0 -722 1019 -849 0 0 -2364 
462 0 -1613 -75 0 -676 966 216 -705 
642 0 -554 367 2489 -1228 1391 25 -961 
-17 433 -2550 0 0 0 150 0 0 
1301 0 -643 1120 0 157 0 0 0 
411 0 -1980 -160 0 -525 416 0 -25 
-680 170 -524 0 0 16 513 91 -2445 
1436 2950 -1172 912 1022 -459 -1875 2611 -725 
1905 2328 -1057 0 2483 358 -230 199 -541 
0 1016 908 225 -1486 0 0 0 -1833 
1473 2393 -1798 0 0 0 4662 2673 1208 
804 133 -1350 2147 2846 -283 2458 745 -847 
1021 533 -327 0 0 0 459 -25 -166 
22 0 0 -25 258 -600 0 0 0 
-127 0 8 0 -25 0 0 0 0 
461 800 -1461 0 0 0 1498 410 -955 
867 0 -2858 1232 -791 -3496 -416 244 -4713 
218 976 -2698 -1100 1075 -2287 -476 -646 -4619 
-191 2075 -804 -1516 4 -4926 0 0 -4320 
1082 788 -2930 0 0 0 1075 -125 -2468 
56 516 -1889 1483 1459 -3062 75 0 -1779 
-204 700 -2276 0 0 0 0 0 -3603 
272 0 -1122 476 -100 -1745 0 0 0 
946 662 -3204 0 468 -1308 58 0 -883 
-334 1350 -1562 0 0 -1658 41 141 -4655 
280 0 0 0 0 0 1343 0 0 
0 0 0 0 2273 0 1479 0 0 
65 0 0 -1056 0 0 0 0 -650 
313 0 0 0 0 0 1018 0 0 
1101 0 0 152 1300 0 1417 0 0 
-25 0 0 -158 0 0 605 0 -633 
151 0 0 -1622 0 0 1601 0 0 
531 0 0 0 50 0 0 0 0 
68 0 0 -1077 0 0 518 0 -791 
297 3671 0 0 0 0 2144 2417 0 
0 0 0 0 4043 0 3948 2080 0 
102 1625 0 -666 316 0 0 0 -233 
-612 426 0 0 0 0 1665 1865 0 
1547 2716 0 1032 3696 0 716 616 0 
64 1622 0 0 0 0 1362 1553 0 
34 3499 0 -1487 585 0 150 33 0 
446 2566 0 0 0 0 0 0 0 
23 1245 0 -640 502 0 451 1332 -1407 
379 0 -1979 0 0 0 1668 0 -1970 
0 0 0 0 1064 0 526 0 -609 
-34 0 -2035 -849 0 0 0 0 -358 
290 0 -557 0 0 0 3244 0 -2185 
1207 0 -266 340 1632 -841 616 0 -175 
133 0 -1516 0 0 0 500 0 -300 
-78 0 -3053 -3785 0 -1200 350 0 -8 
877 0 -266 0 0 0 0 0 0 
46 0 -216 -2013 0 -2145 1031 0 -1210 
-501 1598 0 -1749 0 -430 -1063 1194 0 
8 0 -1667 0 807 0 469 590 -1225 
-426 1230 0 -1362 2766 -483 0 454 -1611 
-723 261 0 0 0 0 670 607 0 
2739 563 0 -16 1916 0 258 214 0 
-774 1004 0 146 0 0 208 226 0 
-445 1443 0 -2269 491 -199 256 -83 0 
2203 -119 -416 8 0 16 0 0 0 
-896 913 0 -1994 944 -754 -1450 1269 -2208 
-985 2809 0 1975 3354 1545 -513 3428 69 
-161 1423 -516 0 4051 0 1566 2739 2050 
-558 2167 -850 1454 4927 667 0 2783 1660 
-25 1125 0 0 0 0 -816 2289 -1103 
1030 2487 0 -470 4891 0 0 900 0 
-843 3216 -975 0 0 0 0 2270 -250 
-1522 1980 -213 -1368 2385 -499 0 1243 0 
572 1458 -266 0 3670 0 0 0 0 
53 933 -233 -196 1686 -116 -638 4409 -1486 
-1517 969 -2336 -1356 1929 -2006 -964 1619 -797 
16 0 -216 0 2034 0 49 0 75 
-1861 659 -1712 -1035 425 196 0 -400 -1198 
-222 41 0 0 0 0 -133 0 -361 
-308 285 -541 -633 669 -1691 1291 0 -91 
-100 33 -266 0 0 0 0 0 -183 
-1220 1439 -3277 -3652 229 -3563 58 -33 0 
-2305 3502 -1726 290 672 0 1033 0 0 
-97 136 0 -650 1287 -3093 -21 935 -1609 
1622 0 -792 0 0 -83 1292 2007 -1467 
0 0 -533 0 1828 0 1005 1487 -1487 
631 630 -620 362 1000 0 1436 2396 -512 
1815 0 498 0 0 0 1061 233 -962 
1190 0 -966 2718 4105 -271 2972 233 -8 
452 33 -651 -141 0 0 66 1414 -1258 
1684 0 -1016 -66 0 -320 1213 191 -75 
666 0 -547 0 791 0 0 0 0 
1322 -16 -223 -364 1293 -2891 1371 448 -2464 
1996 3360 -994 0 266 1328 1377 3233 -1630 
0 0 -66 0 3337 0 2365 1323 -468 
1742 3434 -324 550 250 0 1629 2509 -622 
140 83 -2109 0 0 0 791 3425 -761 
1978 2548 -100 4719 4110 175 266 1108 -2666 
1546 850 -1503 0 0 0 871 2150 33 
1428 2081 -1121 205 633 -116 99 3187 -91 
1167 700 -258 0 385 0 0 0 0 
1639 3638 211 0 1126 -1291 3384 1715 -804 
1913 1656 -1710 -3000 0 -4228 2088 1901 -2545 
33 0 -1026 0 331 183 1469 43 -3032 
1142 0 -1621 250 1804 -375 -272 371 -4006 
375 -100 -33 0 0 0 1075 658 -2264 
1933 883 -2480 1386 -406 -4464 883 75 -3346 
949 324 -2264 -666 0 0 191 25 -2842 
1423 1667 -2978 525 91 -1386 2283 1844 -1018 
759 900 -3021 0 1415 0 0 0 0 
109 735 -1927 -283 -335 -4629 904 1622 -3870 
-239 0 0 0 0 0 0 0 0 
-8 0 0 0 0 0 0 0 0 
-195 0 0 0 0 0 0 0 0 
-286 0 0 0 0 0 0 0 0 
236 0 0 84 1518 0 0 0 0 
90 0 0 0 0 0 0 0 0 
-477 0 0 0 0 0 0 0 0 
36 0 0 0 0 0 0 0 0 
-205 0 0 0 0 0 -50 0 -1686 
-424 1462 0 0 0 0 0 0 0 
-281 860 0 0 0 0 0 0 0 
154 145 0 0 0 0 0 0 0 
-320 1671 0 0 0 0 0 0 0 
-192 1559 0 185 1028 0 0 0 0 
52 900 0 0 0 0 0 0 0 
-783 1155 0 0 0 0 0 0 0 
94 1202 0 0 0 0 0 0 0 
-90 50 0 0 0 0 -86 537 470 
-113 0 -2423 0 0 0 0 0 0 
-111 0 -2163 0 0 0 0 0 0 
149 0 -15 0 0 0 0 0 0 
-297 0 -2627 0 0 0 0 0 0 
65 0 -2076 607 -73 -923 0 0 0 
544 0 -343 0 0 0 0 0 0 
-320 0 -1929 0 0 0 0 0 0 
147 0 -766 0 0 0 0 0 0 
-130 0 -376 0 0 0 -158 0 -731 
-1426 602 0 -1987 0 -2977 0 -550 0 
-943 -221 -1702 -25 -75 -96 0 0 0 
-577 1123 0 0 0 -158 0 0 -216 
-896 706 0 -600 0 -1049 0 125 0 
-532 612 -325 -1343 1117 424 0 0 0 
-456 2597 0 0 0 0 0 0 0 
-927 2320 0 -58 0 -850 0 549 0 
-367 1231 -450 0 0 -16 0 0 0 
-335 270 0 -191 633 -25 -2431 841 -781 
-1713 1716 0 -147 3339 -1278 0 775 0 
-1424 520 1111 -116 2803 -2122 -16 166 0 
-861 1359 0 150 0 0 0 0 -802 
-1164 1380 0 566 880 -408 0 266 0 
-1353 817 -600 -595 2714 480 0 1064 0 
-402 1709 0 0 0 0 0 266 -1258 
-1229 1498 0 350 220 -50 0 183 0 
-469 1640 -991 0 700 250 0 0 0 
-193 202 0 0 450 -783 -978 719 1299 
-2267 803 -4236 -1727 0 -3524 0 -1085 0 
-2423 -33 -2141 -150 -158 -1338 0 0 0 
-684 325 0 0 533 -541 0 0 -266 
-1773 2223 -1040 -683 0 -2056 0 -1326 0 
-1292 1483 -3607 -678 -198 -1500 0 0 0 
-28 -305 -475 0 0 0 0 0 0 
-1965 583 -216 0 0 -416 0 -216 0 
-1020 546 -733 0 0 -712 0 0 0 
-227 43 -512 0 0 -386 -1931 200 -1302 
452 0 -1638 0 0 -595 -345 850 0 
259 0 -1384 0 837 -25 -73 -38 -433 
497 1466 -691 0 0 0 0 0 -256 
515 0 -1539 0 0 0 233 875 0 
674 0 0 1926 2692 -479 -185 636 -958 
464 1958 -424 -175 0 0 150 309 0 
1293 0 -1022 0 0 0 366 0 0 
359 0 -626 0 0 0 0 0 0 
736 983 -259 0 0 0 1275 2210 -2144 
1330 2461 -1126 0 0 -1092 2880 2061 0 
846 840 -1695 0 900 -141 216 124 1266 
1241 2466 50 0 0 0 0 166 0 
1018 694 -1403 0 0 749 -200 2582 0 
830 970 -679 2062 1913 -91 -50 647 -33 
715 2833 46 0 0 0 0 1141 0 
1120 458 -35 0 0 350 533 2008 0 
313 1108 -525 0 0 0 0 0 0 
1054 400 -620 0 0 0 1680 746 75 
961 0 -2335 0 0 -1645 -559 1329 -4969 
528 0 -1573 0 1979 -150 -350 -75 -1767 
223 2541 -1019 0 0 0 0 -1001 -5100 
956 0 -2020 0 0 -208 -607 1750 -708 
508 0 -1461 180 -33 -1136 8 1197 -1081 
778 608 -1045 -266 0 0 0 -1114 -3133 
442 0 -2090 0 0 0 0 -58 -1187 
728 0 -1923 0 400 0 0 0 -637 
-477 -116 -688 0 0 0 1591 188 -2867 
-213 0 0 -496 0 0 0 0 0 
-247 0 0 -375 1312 0 712 0 0 
-483 0 0 -907 0 0 0 0 -983 
-196 0 0 -623 0 0 313 0 0 
-52 0 0 119 1824 0 763 0 0 
-121 0 0 -833 0 0 335 0 -1894 
-264 0 0 -308 0 0 0 0 0 
-130 0 0 -1838 605 0 622 0 0 
-401 0 0 -717 0 0 39 0 -1647 
-297 914 0 -1161 947 0 0 0 0 
-455 537 0 -781 1242 0 634 0 0 
-225 300 0 -1256 714 0 0 0 -840 
-335 1523 0 -1429 1022 0 374 1831 0 
-49 983 0 51 2901 0 955 1535 0 
-149 1833 0 -349 0 0 1028 0 -1075 
-440 442 0 -635 2030 0 0 0 0 
-49 967 0 -1420 970 0 431 0 0 
-597 622 0 -940 1209 0 -308 941 -800 
-130 0 -2753 -529 0 -2016 0 0 0 
-273 0 -3369 -598 1384 -1568 1033 0 -790 
-190 0 -1735 -3658 0 -1219 0 0 -3288 
-186 0 -2875 -733 0 -1548 1003 0 -1842 
24 0 -2896 302 2365 -1557 977 0 -1917 
-73 0 -1516 -16 0 0 1209 0 -1971 
-219 0 -1165 -324 0 -1447 0 0 0 
-95 0 -1703 -1874 794 -839 1647 0 -129 
-597 0 -2222 -2101 0 -516 -71 0 -2535 
-743 601 0 -1214 261 -2094 -964 8 0 
-1010 -3 -1992 -1047 1429 -2581 -1114 1234 -1859 
-860 896 0 -1785 1411 -954 -2571 91 -1832 
-752 683 0 -1273 970 -2522 -1593 745 0 
-299 267 -1795 -650 2401 -859 2278 1472 -1810 
30 927 0 -1467 558 0 -603 1124 -1118 
-877 684 0 -979 855 -1533 216 54 0 
-644 273 -1506 -682 1549 -1092 -155 0 -500 
-640 681 0 -1657 1215 -237 -1280 1156 -2503 
-1481 1289 -689 -1724 2205 -1813 -1767 2613 -1804 
-1373 274 -1904 -1971 2795 -1674 -1088 1658 -1553 
-787 1582 -1368 -559 2858 -1417 -2542 1109 -1678 
-1661 1955 -850 -1407 2322 -2115 -2358 1921 -2023 
-1022 500 -1930 -462 4253 -734 563 1494 -992 
-537 510 -1398 -694 2187 0 577 1500 -1292 
-1041 2232 -1083 -2295 1821 -1546 -804 1975 0 
-870 1001 -753 -1689 3843 -463 -483 0 -1497 
-781 1458 -2001 -2574 3307 -607 -2683 1665 -1863 
-2036 629 -2770 -2691 163 -2348 -1013 -450 -2834 
-2612 -114 -3869 -3755 951 -2481 -1010 16 -2506 
-2491 1260 -1355 -1893 1417 -1676 -3541 -16 -3900 
-2433 841 -2821 -2501 276 -3569 -3891 194 -2785 
-1609 -34 -3984 -2312 2062 -1360 -465 1839 -2000 
-330 539 -347 -1399 58 0 -1784 185 -2210 
-1580 1024 -1750 -3794 -447 -3554 0 0 -2858 
-1218 404 -2979 -2204 1211 -1329 0 0 -1172 
-1262 346 -4161 -3497 1729 -975 -3589 1502 -2595 
39 0 -922 -99 0 -1636 -277 526 -662 
-56 0 -1495 948 2371 -1199 1363 957 -1567 
-474 906 -608 -286 2167 563 -97 0 -2276 
-65 0 -820 66 0 -1031 505 1215 -2190 
109 0 -918 2523 3059 -476 1899 1249 -774 
199 150 -502 341 0 0 544 1871 -1185 
318 0 -821 773 0 -1130 216 0 91 
73 0 -665 -1472 1871 -151 1568 0 -1134 
130 1773 -532 -781 1774 114 1061 2044 -1456 
655 1317 -1888 1007 1190 -2092 -885 1457 -785 
913 721 -1478 1122 1662 -2835 121 445 -1386 
-96 633 -691 -575 1004 0 -171 350 -847 
616 1862 -1754 33 346 -1066 3190 2133 -1661 
1326 912 -1163 4481 2882 -21 2949 1294 -1302 
1058 868 -1011 0 937 0 2546 858 -1462 
2 1075 -1541 301 416 -433 -16 0 -1200 
261 274 -1039 66 2516 783 0 0 122 
1493 256 -267 -433 2045 -116 2195 1590 -2082 
648 0 -2032 955 426 -3103 -777 284 -3398 
60 -543 -2586 680 890 -3793 820 -717 -3368 
95 16 -1849 -780 764 -1897 -462 6 -3810 
429 1310 -2220 387 164 -3420 1195 986 -4316 
271 700 -1899 3726 1677 -1704 2085 -158 -2590 
396 139 -984 74 -75 0 2794 246 -2805 
927 0 -1783 535 793 -3447 0 66 -2198 
6 1208 -1672 41 2022 -1215 716 0 -2505 
469 -186 -1044 0 1431 -967 1431 640 -3401 
-58 0 0 0 0 0 737 0 0 
103 0 0 0 2038 0 1506 0 0 
-107 0 0 -952 0 0 29 0 -1326 
-81 0 0 0 0 0 478 0 0 
562 0 0 97 2213 0 1894 0 0 
214 0 0 -1347 0 0 619 0 -1408 
-18 0 0 -195 0 0 328 0 0 
148 0 0 -1094 2147 0 1949 0 0 
98 0 0 -1212 0 0 71 0 -1381 
-112 1997 0 0 0 0 771 826 0 
173 30 0 0 2502 0 2400 1295 0 
104 1795 0 -2074 839 0 833 273 -550 
-288 1091 0 0 0 0 549 730 0 
396 3071 0 349 2759 0 2890 1032 0 
-142 2194 0 -1597 0 0 2250 1412 -1259 
-78 989 0 -262 150 0 223 1461 0 
78 292 0 -1150 166 0 16 0 0 
-27 2606 0 -2581 74 0 -45 1262 -1633 
-2 0 -2250 0 0 0 676 0 -2370 
154 0 -669 0 1024 0 890 0 -1901 
-244 0 -1534 -1590 0 0 168 0 -2530 
-49 0 -1915 0 0 0 807 0 -2622 
699 0 -849 287 1337 -609 1749 0 -1174 
179 0 -701 -1189 0 0 641 0 -1165 
77 0 -1259 -1081 0 -166 2095 0 -195 
263 0 -1518 -644 819 158 1166 0 0 
133 0 -457 -2039 0 287 336 0 -1870 
-1170 406 0 -601 0 -346 -1150 548 0 
-1063 530 -556 -108 898 0 410 164 -3623 
-870 846 0 -2552 1184 -420 -2683 116 -3328 
-303 360 0 -291 700 0 -617 274 0 
219 857 -1606 -1159 1446 -1669 4488 264 -2541 
-376 885 0 -698 408 0 836 308 -1949 
-330 387 0 -607 1207 0 695 205 0 
165 842 -973 -902 1454 -1922 -108 0 0 
-93 1305 0 -1432 1223 -156 -2097 652 -3086 
-1664 1562 0 -648 1833 -1825 -1648 3005 -721 
-799 1608 237 0 2761 -290 0 1446 -1066 
-766 2307 83 -533 2335 238 -2545 2382 -1708 
-1407 1429 0 -133 183 191 -296 2311 -1698 
-511 1425 -556 -2112 3612 -979 2685 1269 -2016 
-1075 937 -700 -520 2234 0 383 1470 -2330 
-687 1299 -1178 -2304 2533 -8 -8 2012 -338 
-501 724 -298 -8 2794 -1655 0 0 -641 
-673 1706 -726 -2237 2958 -1082 -3516 2188 -2175 
-694 1098 -2192 -25 684 -2255 -2720 811 -1588 
-1152 65 -50 133 337 -996 -191 -265 -322 
-1593 887 164 0 995 -556 -2268 555 -1328 
-977 1285 -33 0 353 -475 -1039 513 -1116 
-232 663 -635 -1682 2279 -1655 228 -118 -2175 
-1712 244 -633 -41 1041 0 166 623 -2038 
-1394 2073 -1253 -191 732 -1500 -241 300 -466 
-467 -4 -673 -1133 5 -2047 0 0 -1375 
-1067 224 -1658 -358 1393 -1564 -4155 1701 -2659 
313 0 -1250 200 0 8 453 2087 -1254 
451 0 -886 365 1463 -200 420 817 -1363 
396 865 -406 -297 -100 0 266 983 -1480 
208 0 -411 341 0 -283 454 2244 -963 
755 0 -32 1605 2590 -1424 847 1121 -969 
595 1177 -516 -53 200 0 484 1227 -1777 
281 0 -671 735 0 -373 365 1022 -1568 
68 0 126 383 0 -1088 765 0 -952 
773 1326 -677 -217 -50 -79 602 1130 -1850 
1827 2249 -1721 200 944 -41 2675 2263 -887 
1944 1512 -1279 0 2374 0 2200 1131 -1743 
2122 1965 -1222 360 416 0 2110 1866 -1191 
2073 804 -508 0 -33 0 1962 2318 -459 
1799 3240 -934 3661 2580 -1636 4560 807 -1552 
774 3392 -841 -41 520 0 3229 767 -1121 
1457 1681 207 2901 -8 -766 366 2259 426 
862 301 -9 0 1370 -399 16 0 283 
1666 2828 -403 41 1392 0 2720 1419 -1818 
744 595 -2106 475 -16 -3994 1403 952 -2628 
843 326 -2012 -158 1021 -3120 1142 667 -3455 
546 876 -1056 433 -512 -1015 404 1165 -4104 
736 741 -2410 174 247 -1989 1807 1064 -2578 
776 1820 -1234 2849 1576 -1239 1712 513 -3627 
318 1405 -1378 -716 -65 0 1658 618 -3508 
615 593 -2223 -536 406 -667 972 1216 -612 
84 380 -2010 -550 867 -1309 233 0 -1599 
349 1938 -594 275 476 -632 1379 827 -3941 
269 0 0 0 0 0 0 0 0 
208 0 0 0 0 0 0 0 0 
33 0 0 0 0 0 0 0 0 
569 0 0 0 0 0 0 0 0 
281 0 0 174 1961 0 0 0 0 
45 0 0 0 0 0 0 0 0 
370 0 0 0 0 0 0 0 0 
-67 0 0 0 0 0 0 0 0 
-131 0 0 0 0 0 31 0 -819 
230 2489 0 0 0 0 0 0 0 
-123 456 0 0 0 0 0 0 0 
80 1283 0 0 0 0 0 0 0 
144 3151 0 0 0 0 0 0 0 
131 1560 0 249 1838 0 0 0 0 
-88 441 0 0 0 0 0 0 0 
285 2996 0 0 0 0 0 0 0 
-345 626 0 0 0 0 0 0 0 
-331 1777 0 0 0 0 -469 38 -539 
498 0 -1198 0 0 0 0 0 0 
-31 0 -703 0 0 0 0 0 0 
471 0 -289 0 0 0 0 0 0 
597 0 94 0 0 0 0 0 0 
482 0 -553 156 40 -1440 0 0 0 
20 0 -1466 0 0 0 0 0 0 
538 0 -1187 0 0 0 0 0 0 
-150 0 -733 0 0 0 0 0 0 
305 0 -2345 0 0 0 -649 0 -1345 
-526 1485 0 158 0 -2007 0 462 0 
-405 105 -618 0 650 0 0 0 0 
-557 2068 0 -557 0 -583 0 0 -345 
-139 678 0 -25 0 0 0 0 0 
-957 385 -341 -1037 2345 -1441 0 0 0 
-1677 479 0 0 16 0 0 0 -50 
-389 1647 0 -554 0 -558 0 0 0 
-724 476 -666 0 0 11 0 0 0 
-472 656 0 -966 633 -527 -1566 338 -3468 
-734 2349 0 2254 3340 -2474 0 1110 0 
-1568 531 1113 33 3341 977 0 0 0 
-431 3038 0 -33 2404 -21 0 166 -2483 
-509 1424 0 283 450 -491 0 0 0 
-560 1271 200 -1347 3441 855 0 0 0 
-336 2036 0 175 333 0 0 266 6 
-921 2369 0 1637 1754 -37 0 841 0 
-627 -117 -564 -25 3902 1308 0 0 0 
-898 1310 0 -625 1412 -1006 -168 886 -1190 
-1138 1920 -1557 102 0 -2288 0 326 0 
-1059 58 -3272 0 -483 -441 0 0 0 
-180 2365 86 0 866 -710 0 0 0 
-2159 37 -716 0 0 -433 0 0 0 
-396 -392 -533 -567 1760 -313 0 0 0 
-216 350 -66 0 0 0 0 0 0 
-1359 962 -958 475 0 -1947 0 -133 0 
-1399 195 -300 0 0 -711 0 0 0 
-455 1942 -1136 0 300 -1419 -1841 74 -1032 
1420 0 -1091 0 0 331 1541 2400 0 
936 0 -572 0 881 0 364 41 0 
1192 793 -703 0 0 -25 191 487 -593 
544 0 -141 0 0 0 216 258 0 
384 0 -561 1500 1030 -825 0 50 0 
21 0 -2587 16 0 0 0 -175 0 
1008 0 -588 0 0 41 91 1436 0 
343 0 -768 0 225 0 0 0 0 
186 400 -730 0 0 0 1192 135 -1411 
2101 3547 -673 0 0 1906 2385 3211 0 
791 0 -289 0 0 33 216 1037 -758 
2296 3090 -1053 0 0 0 366 3000 240 
1831 66 -416 0 0 266 0 1650 0 
422 116 19 1842 185 -14 0 -249 0 
612 75 100 0 0 0 0 338 0 
2355 1419 -688 0 0 1476 1024 4069 0 
5 350 -20 0 0 0 0 0 0 
840 2770 -636 0 0 0 923 971 -261 
1186 0 -1677 0 0 -366 1078 1851 -2021 
249 0 -899 0 685 0 0 0 -316 
1466 994 -1633 0 0 -925 75 1512 -2481 
555 0 -801 0 0 0 0 100 0 
638 0 -737 1211 143 -291 0 -43 -166 
1286 -50 -1482 0 0 0 0 275 -349 
842 0 -1174 0 0 -75 484 266 -1930 
180 0 -963 0 333 0 0 0 0 
1081 715 -1251 433 0 -572 461 -468 -3696 
47 0 0 -606 0 0 0 0 0 
143 0 0 -13 2379 0 866 0 0 
-94 0 0 -1454 0 0 0 0 -2052 
42 0 0 -347 0 0 584 0 0 
-61 0 0 2 1589 0 1302 0 0 
-128 0 0 -2063 0 0 1172 0 -1811 
99 0 0 -377 0 0 0 0 0 
-199 0 0 -600 847 0 1627 0 0 
-479 0 0 -1627 0 0 22 0 -2036 
71 1924 0 -935 1716 0 0 0 0 
333 2216 0 -175 2332 0 1204 0 0 
-121 134 0 -754 1705 0 0 0 -1089 
53 2740 0 -951 658 0 782 1085 0 
71 841 0 -1 2331 0 1981 -16 0 
-155 1399 0 -1224 0 0 1050 774 -783 
73 1688 0 -476 2910 0 0 0 0 
-6 1677 0 -442 1591 0 1547 0 0 
-614 1612 0 -1546 1410 0 -25 1151 -958 
190 0 -1823 -538 0 -1213 0 0 0 
60 0 -1943 -510 843 -636 2508 0 -199 
-70 0 -1383 -2741 0 -1721 0 0 -2781 
130 0 -1170 -338 0 -604 1432 0 -50 
127 0 -2407 155 1748 -954 1848 0 -250 
231 0 -870 -789 0 0 905 0 -750 
442 0 -1105 -158 0 -1657 0 0 0 
288 0 -1262 -1805 1536 -1832 1745 0 -458 
-296 0 -3836 -2399 0 -440 57 0 -2395 
-298 1247 0 -822 578 -2517 -828 0 0 
-455 534 -1596 -517 517 -2355 200 1300 -516 
-235 1870 0 -765 1152 -1131 -831 0 -1987 
-229 800 0 -395 393 -922 -212 927 0 
-734 654 -1616 -751 1791 -1252 49 191 -316 
-89 484 0 -1872 -26 0 466 537 -2339 
-340 473 0 -364 440 -1127 -1107 275 0 
-388 333 -1504 -854 734 -1056 471 0 0 
-620 66 0 -776 995 -1016 -1308 949 -2908 
-1037 1632 -746 -2807 3061 -1014 -350 3317 -958 
-703 630 -1025 -756 3375 -306 150 1661 -1181 
-971 1556 -58 -1289 3873 -565 0 1829 -1124 
-940 2107 11 -1112 1110 -188 -245 846 -604 
-805 869 -1647 -1587 4119 -1171 49 2335 240 
-147 2526 -1021 175 1794 0 -1000 2274 -944 
-716 1990 -512 -1398 2168 -1264 49 2135 -674 
-575 1341 -834 -1434 3784 -645 0 0 -748 
-562 1854 -1829 -2118 3774 -316 -2677 1799 -1567 
-1901 1406 -2483 -1292 822 -2136 25 0 -815 
-1791 380 -2431 -2533 829 -2218 -666 0 -566 
-2106 3354 -350 -2512 1876 -1181 -333 0 -2355 
-2017 751 -2257 -1436 72 -3554 -900 216 -343 
-1327 -14 -3608 -2357 2521 -1555 -333 -25 -394 
-118 536 -241 0 360 0 0 0 -2978 
-587 1349 -1184 -1999 320 -2512 0 0 -2741 
-474 985 -3202 -3069 1055 -1088 260 0 -100 
-1894 521 -4593 -2556 1953 -771 -3724 1342 -2446 
1215 0 -694 519 0 -1031 430 166 -1065 
851 0 -889 2079 1620 -711 2375 195 -185 
1340 983 -1046 -160 2222 -569 -8 700 -1217 
381 0 -139 29 0 -808 1115 -8 -565 
304 0 -941 2373 3161 -861 1501 710 271 
29 1617 -859 33 0 0 726 480 -2230 
84 0 -308 -187 0 -570 391 0 -975 
53 0 -415 -1794 495 -785 1437 0 -97 
-331 850 -845 -3559 1829 3 1132 868 -1489 
50 1748 -1302 2801 1093 -362 -266 1999 -528 
1995 401 -793 3624 3222 -536 141 995 -1223 
1349 0 15 83 1987 183 0 1205 -1049 
1667 2622 -1100 83 681 116 1818 1864 -619 
1783 1535 -1655 4651 2918 -1690 800 1796 792 
778 302 -605 0 566 0 1000 1759 1 
234 68 -1131 775 1872 -706 0 1024 -487 
1552 33 501 0 1339 -83 0 0 70 
423 318 -433 116 1749 -1321 1849 2007 -2095 
1498 0 -1813 2308 1590 -3139 5 -541 -2732 
918 -83 -2353 1008 1022 -2916 1258 66 -2443 
846 1033 -1550 -258 724 -638 175 762 -3038 
1169 1127 -1916 -58 634 -2757 638 0 -1658 
375 1152 -1731 4363 2034 -1591 1407 -149 -1728 
749 -162 -1234 0 -277 0 783 219 -2792 
1170 0 -784 295 682 -2243 0 1012 -1117 
1071 658 -878 -125 2064 -1508 1006 0 -736 
110 -347 -887 -2173 2400 -1330 1049 -27 -3146 
219 0 0 0 0 0 558 0 0 
529 0 0 0 1477 0 1034 0 0 
247 0 0 -553 0 0 418 0 -1078 
322 0 0 0 0 0 499 0 0 
486 0 0 57 1893 0 723 0 0 
129 0 0 -1035 0 0 1826 0 -466 
190 0 0 -236 0 0 756 0 0 
117 0 0 -263 2261 0 746 0 0 
94 0 0 -688 0 0 -3 0 -1646 
212 2602 0 0 0 0 624 2893 0 
327 1258 0 0 3342 0 3499 2007 0 
283 3543 0 -903 1591 0 784 924 -475 
159 2041 0 0 0 0 897 2805 0 
421 3398 0 320 2600 0 2653 577 0 
109 1754 0 -1655 594 0 2194 1727 -969 
234 2590 0 -723 900 0 963 1179 0 
16 2172 0 -203 2199 0 75 0 0 
69 2934 0 -418 2065 0 -220 1438 -1689 
359 0 -659 0 0 0 1362 0 -741 
626 0 -562 0 1298 0 1574 0 -724 
556 0 -576 -477 0 0 864 0 -799 
372 0 -1453 0 0 0 1292 0 -1559 
720 0 -888 440 1271 -1478 1679 0 -1520 
90 0 -1326 -1931 0 0 1772 0 -1321 
365 0 -1517 -710 0 -576 1680 0 -537 
222 0 -1779 -469 1309 0 0 0 0 
174 0 -611 -136 0 -1001 300 0 -2421 
-245 867 0 412 1367 -500 -236 683 0 
314 1105 -848 126 2442 0 375 849 -1466 
18 1218 0 -1281 850 -1465 198 558 -2363 
-266 473 0 -283 -125 -33 -184 1033 0 
22 679 -1274 -968 1299 -194 322 359 -500 
-577 619 0 -1670 931 0 567 326 -825 
22 730 0 -830 2341 -666 -464 593 0 
-101 246 -414 -986 993 -1125 183 0 0 
-102 925 0 -1742 579 -974 -2154 613 -3032 
-979 2345 0 860 2645 421 -1734 3378 -1534 
-255 2671 -729 -116 4081 -421 1248 3490 -274 
-180 2336 309 -1677 3390 396 -1847 3447 -805 
-565 2095 0 0 1488 -33 82 4240 -23 
-534 1708 -589 -763 3555 736 841 1275 -1900 
-527 2346 -641 -1354 1441 0 231 1746 -2299 
-625 2409 -370 -1666 4386 -145 -121 4113 -523 
-490 1481 -973 -1450 2921 -345 0 0 -150 
-335 1910 -224 -1570 2558 -63 -2858 2338 -1965 
-542 1835 -2617 1113 1160 -1778 -1738 1548 -891 
89 1150 -608 606 2009 0 558 0 968 
-998 1984 -1247 -1716 956 -820 -744 1050 -2385 
-159 1607 -825 -500 302 25 240 1335 -1250 
-780 413 -1023 -2372 2494 -1554 2179 132 -1187 
-528 789 -1282 -1641 391 0 25 251 -2531 
-504 1392 -2403 -2244 1984 -1926 -307 450 -813 
-706 725 -1393 -3331 860 -1168 0 0 -366 
-1029 1041 -942 -2983 1935 -1749 -4026 907 -2710 
740 0 -679 906 0 12 829 1494 -952 
1304 0 -382 2566 1649 -234 1311 1482 -1327 
1041 1370 -107 220 216 -224 807 2021 -1325 
689 0 -423 2447 0 -962 1260 156 -954 
827 0 -369 1379 2590 -965 1478 738 -702 
449 880 -688 -132 1416 0 568 967 -921 
618 0 -540 1944 0 -950 610 2467 -659 
-78 0 -574 1713 1229 -1134 1187 0 -8 
420 498 -109 -293 1628 -931 638 1100 -2255 
2328 2973 -897 1461 1683 1138 2843 2364 319 
3420 2756 -181 2245 3503 -25 1305 1257 -894 
2616 4047 67 1252 2328 66 3992 2096 -969 
1604 2340 -23 266 337 0 4338 3061 213 
1572 3382 -442 3970 2726 -950 3553 982 -993 
1766 3282 -1189 -216 1390 0 3191 1389 -1674 
2462 2139 -1436 3705 3235 -1325 2620 3285 660 
849 961 -277 1195 2107 -233 1007 0 8 
1532 3669 15 -343 1561 -962 3150 1365 -1455 
1607 846 -1405 702 1215 -2798 2046 1036 -2612 
1123 2125 -1812 2869 1023 -2589 1320 284 -2598 
1500 1577 -221 131 1349 -1102 1725 1100 -2708 
1754 747 -1811 353 715 -914 2803 1750 -2220 
1033 2036 -1058 2824 1764 -854 3152 275 -3122 
1028 1674 -1468 -1151 468 0 3077 531 -3485 
1295 970 -2048 2164 2498 -2264 2957 2548 -2166 
539 1719 -946 280 1235 -1212 1555 0 -2296 
543 2060 -402 -699 830 -1057 1457 908 -4099 
56 0 0 0 0 0 0 0 0 
0 0 0 0 0 0 0 0 0 
0 0 0 0 0 0 0 0 0 
272 0 0 0 0 0 0 0 0 
500 0 0 177 577 0 0 0 0 
0 0 0 0 0 0 0 0 0 
-161 0 0 0 0 0 0 0 0 
0 0 0 0 0 0 0 0 0 
-364 0 0 0 0 0 -390 0 0 
92 2162 0 0 0 0 0 0 0 
0 0 0 0 0 0 0 0 0 
0 0 0 0 0 0 0 0 0 
-153 199 0 0 0 0 0 0 0 
322 323 0 -622 0 0 0 0 0 
0 0 0 0 0 0 0 0 0 
-112 1202 0 0 0 0 0 0 0 
0 0 0 0 0 0 0 0 0 
-413 -144 0 0 0 0 -288 0 0 
58 0 -1949 0 0 0 0 0 0 
0 0 0 0 0 0 0 0 0 
0 0 0 0 0 0 0 0 0 
321 0 -1325 0 0 0 0 0 0 
541 0 -333 -302 800 0 0 0 0 
0 0 0 0 0 0 0 0 0 
264 0 -937 0 0 0 0 0 0 
0 0 0 0 0 0 0 0 0 
-150 0 -1723 0 0 0 422 0 0 
-443 1532 0 -1139 0 -4442 0 2313 0 
21 0 -1455 0 1116 -377 288 0 0 
0 1048 0 39 0 0 0 0 -4072 
-495 647 0 -155 0 -88 0 0 0 
-106 222 0 0 577 0 600 0 0 
0 0 0 0 0 0 0 0 0 
-913 -925 0 -288 0 0 0 0 0 
577 0 0 0 0 0 0 0 0 
-1787 0 0 1066 0 -333 733 0 0 
-594 2750 0 3694 4297 606 0 5112 0 
2178 826 702 0 4594 3798 -300 0 0 
0 2496 0 244 5104 0 0 0 -132 
-480 1462 0 -2500 0 -377 0 0 0 
960 426 666 0 1866 0 0 266 0 
0 0 0 0 0 0 0 0 -377 
-622 1027 0 622 0 0 0 0 0 
0 0 -488 0 1822 622 0 0 0 
-953 391 0 0 0 0 -366 422 3467 
-2004 548 -2409 -1756 0 -4648 0 -3836 0 
-1455 0 -2083 0 -2803 -133 688 0 0 
0 -2509 0 -4985 2444 200 0 0 -4286 
-1088 -162 -311 0 0 -600 0 0 0 
382 266 0 0 466 0 0 0 0 
0 0 0 0 0 0 0 0 0 
-900 1400 -644 0 0 -422 0 0 0 
0 0 0 0 0 0 0 0 0 
-194 -600 0 0 0 0 0 0 0 
733 0 -1137 0 0 -543 2628 1533 0 
0 0 69 0 3438 0 257 0 -311 
803 1476 0 -222 0 0 0 -222 -1360 
967 0 -529 0 0 0 746 688 0 
734 0 -250 0 -222 266 0 0 0 
66 0 0 0 0 0 0 0 -1933 
865 0 -519 0 0 0 244 0 0 
0 0 0 0 0 0 0 0 0 
552 800 -197 0 0 -333 230 0 -1386 
2116 3252 -214 0 0 4134 2754 4649 0 
0 0 1122 0 5294 0 5320 322 742 
2822 3717 0 -711 0 0 0 -666 2077 
229 -133 -226 0 0 0 400 511 0 
588 0 0 0 -177 0 666 288 0 
0 0 0 0 0 0 0 0 0 
1312 720 -22 0 0 622 0 1900 0 
0 0 0 0 0 0 0 0 0 
777 0 -88 0 0 0 1622 300 0 
723 0 -2586 0 0 -4069 -2557 -818 -3411 
0 0 -507 0 -1740 0 266 0 -3688 
-3060 185 -879 0 0 0 0 -4316 -4564 
331 0 -1624 0 0 0 0 22 -1911 
293 0 111 0 -4319 0 0 -133 0 
22 0 0 0 0 0 0 0 -600 
884 0 -1484 0 0 0 0 55 -177 
0 0 0 0 0 0 0 0 0 
-546 0 -571 0 0 0 400 -400 -1100 
-349 0 0 -1416 0 0 0 0 0 
-112 0 0 0 533 0 761 0 0 
0 0 0 -1259 0 0 0 0 -1674 
-147 0 0 -1017 0 0 1268 0 0 
-183 0 0 -456 1812 0 1209 0 0 
-453 0 0 0 0 0 0 0 -66 
-467 0 0 -1024 0 0 0 0 0 
-87 0 0 -1318 322 0 650 0 0 
-766 0 0 -1714 0 0 239 0 -1747 
-449 1326 0 -2184 1863 0 0 0 0 
244 2408 0 0 2555 0 1050 0 0 
0 0 0 -1244 1584 0 0 0 -1703 
-136 1741 0 -111 0 0 2117 4144 0 
-6 361 0 -497 3825 0 3009 66 0 
-258 355 0 0 0 0 0 0 0 
-384 424 0 -1533 1304 0 0 0 0 
-132 388 0 -566 -155 0 -22 0 0 
-669 0 0 -566 22 0 -162 400 -1516 
-367 0 -3145 -1425 0 -3575 0 0 0 
-117 0 -2730 0 422 0 2119 0 -1453 
0 0 0 -4858 0 -3701 0 0 -5083 
58 0 -3109 -488 0 0 2265 0 -1233 
-127 0 -577 -295 2269 -2446 1950 0 -1166 
-613 0 -3317 0 0 0 0 0 0 
-81 0 -755 -1375 0 -5347 0 0 0 
107 0 -1611 -1761 0 -1022 600 0 0 
-1504 0 -4009 -200 0 -644 92 0 -2971 
-1635 595 0 -1515 1771 -3373 0 -533 0 
-158 -20 -2475 850 507 -1180 -733 0 0 
0 0 0 -1328 1039 -1641 0 0 -2552 
-932 930 0 -689 0 -155 433 906 0 
27 -43 -700 -925 972 -1422 1348 379 444 
-1015 542 0 0 0 0 0 0 -633 
-1445 788 0 -788 1394 0 0 0 0 
-508 475 88 -884 -194 -506 133 0 0 
-1383 416 0 -883 -511 -255 -614 48 -1493 
-1628 1349 -1322 -931 2622 -681 0 4517 0 
-134 1266 -85 1200 4191 1619 111 260 -428 
688 -226 0 -1196 2803 -1227 0 -666 -670 
-980 2639 -863 -1426 133 -1022 -1984 3684 611 
-900 1046 -1177 -756 3913 -330 -233 4416 1588 
17 2160 -266 0 0 0 0 0 1075 
-1200 1144 -844 -1395 959 -1274 0 1333 0 
-874 1964 -1657 -266 4166 -517 0 0 0 
-861 1733 -588 -466 2409 -917 -533 4228 1800 
-2035 154 -3466 -2551 305 -3081 0 -2782 0 
-1265 -382 -2408 -2143 -386 -1866 -111 0 -299 
0 444 0 -3191 321 -2652 0 0 -4694 
-1568 201 -2144 -444 0 -3264 -144 -1122 -3200 
-2138 -161 -1800 -2988 1176 -2723 738 -222 -807 
-1816 -266 -711 0 0 0 0 0 -33 
-1058 973 -577 -1789 781 -4075 0 0 0 
-784 523 -479 -3052 555 -2419 0 0 0 
-2806 -88 -3899 -933 -240 -1271 -3131 511 -3511 
229 0 -1403 -160 0 -1367 2777 933 0 
199 0 -572 0 3873 2501 1484 -62 -2644 
-44 845 0 -1360 -111 -556 0 0 -1513 
322 0 -884 -200 0 -1336 1113 577 -333 
390 0 -579 -490 2500 123 1430 66 -764 
-307 222 -1592 0 0 0 400 0 0 
849 0 -848 -89 0 19 0 0 0 
556 0 -2080 -494 0 -700 711 0 -66 
-877 453 -731 0 0 44 342 244 -1876 
1172 2878 -1258 1332 1104 -26 -2866 2620 -1033 
1953 3541 132 0 3155 955 762 -1055 -911 
0 1111 355 600 -1592 0 0 0 -1899 
1271 2644 -725 0 0 0 4859 3301 2155 
1187 355 -1300 2849 2908 850 4255 1588 -1160 
1136 355 -250 0 0 0 1226 -66 355 
59 0 0 -66 422 -400 0 0 0 
-340 0 355 0 -66 0 0 0 0 
1229 1066 -1388 0 0 0 2562 491 -922 
329 0 -2842 123 -2396 -4050 -1463 -303 -5431 
123 942 -2463 -2933 206 -3466 -702 -1641 -4686 
-511 550 -2177 -4044 -488 -5403 0 0 -4603 
580 1568 -2157 0 0 0 275 -333 -1995 
29 344 -1549 1272 1121 -3799 200 0 -3077 
141 466 -2747 0 0 0 0 0 -3453 
637 0 -1692 348 -266 -3586 0 0 0 
954 341 -2568 0 700 -1188 155 0 -1299 
-244 0 -2441 0 0 -1044 211 -511 -4479 
333 0 0 0 0 0 1246 0 0 
0 0 0 0 2181 0 1387 0 0 
70 0 0 -751 0 0 0 0 -698 
403 0 0 0 0 0 994 0 0 
951 0 0 14 1850 0 2313 0 0 
25 0 0 -455 0 0 1300 0 -800 
160 0 0 -1229 0 0 801 0 0 
485 0 0 0 133 0 0 0 0 
152 0 0 -975 0 0 429 0 -683 
376 3173 0 0 0 0 1646 2959 0 
0 0 0 0 4574 0 4484 3649 0 
122 2726 0 -900 844 0 0 0 -622 
-22 904 0 0 0 0 1669 3307 0 
1411 3612 0 591 4414 0 400 511 0 
-83 3259 0 0 0 0 1808 1575 0 
104 2652 0 -1258 1560 0 0 88 0 
265 3148 0 0 0 0 0 0 0 
12 2421 0 -890 1520 0 171 2477 -885 
420 0 -1292 0 0 0 1611 0 -2129 
0 0 0 0 1346 0 947 0 -1125 
-34 0 -1868 -1247 0 0 0 0 -288 
488 0 -419 0 0 0 2449 0 -1986 
763 0 -711 -451 2072 -1344 611 0 -466 
86 0 -1311 0 0 0 733 0 -433 
29 0 -1912 -2876 0 -1555 455 0 -22 
329 0 -711 0 0 0 0 0 0 
97 0 -577 -2945 0 -4055 908 0 -2326 
-76 1769 0 -522 0 -286 -220 1523 0 
22 0 -1380 0 358 0 1408 40 -316 
-294 809 0 -314 1572 -322 0 -88 -1036 
-122 646 0 0 0 0 563 119 0 
2897 635 0 -121 1444 0 688 350 0 
-539 1097 0 257 0 0 555 106 0 
-300 1277 0 -2033 911 -44 83 -55 0 
1593 -63 -400 22 0 44 0 0 0 
-330 990 0 -1652 400 -1377 -1462 1189 -2055 
-247 2850 0 2747 4859 1545 -210 4368 139 
-429 1862 -177 0 4309 0 4177 4290 2266 
-89 2229 -333 507 4844 1486 0 4050 2082 
30 1604 0 0 0 0 -850 3973 -979 
1414 2933 0 -788 4990 0 0 1333 0 
-415 2678 -133 0 0 0 0 2855 0 
-1036 1744 -569 -1550 2826 -361 0 2248 0 
662 1544 -777 0 4469 0 0 0 0 
-296 941 0 -591 896 -311 -835 4866 -897 
-1501 770 -2092 -2549 1044 -1651 -259 1486 -355 
44 0 0 0 2487 0 299 0 200 
-2193 -161 -1788 -2127 1133 580 0 -1066 -2084 
-425 111 0 0 0 0 -355 0 -962 
-822 138 -66 -1688 1084 -2044 1377 0 -111 
-266 -44 -177 0 0 0 0 0 -122 
-1060 362 -1499 -4757 77 -3606 155 -88 0 
-1548 1285 -2092 -1192 -69 0 688 0 0 
-260 363 0 -1733 967 -3093 1187 1493 -2269 
1431 0 -287 0 0 -222 1583 1542 -1508 
0 0 -1422 0 1862 0 860 1798 -485 
388 -500 -432 116 2666 0 675 1976 -166 
1589 0 328 0 0 0 780 622 -866 
1711 0 -266 1192 3553 -564 2939 222 -22 
531 -266 -824 -377 0 0 99 876 -1022 
1150 0 -416 -177 0 -993 1265 511 -200 
474 0 -615 0 1133 0 0 0 0 
875 -44 -184 -783 1022 -1600 1150 1467 -2001 
2221 3479 -441 0 711 2762 2511 3091 -1046 
0 0 -177 0 3833 0 3322 1683 1102 
1421 3469 259 1466 666 0 2845 2179 -579 
298 222 -1596 0 0 0 1977 3329 -910 
3001 3875 -266 4875 3840 466 711 1700 -1377 
999 1066 -1422 0 0 0 2323 2024 88 
1278 1794 -1123 548 711 -311 688 2576 -244 
1259 666 66 0 1026 0 0 0 0 
1295 3719 -13 0 691 -844 3453 1340 32 
1684 1442 -1441 -3600 0 -4408 1584 1173 -2447 
88 0 -1711 0 -563 488 1460 399 -2778 
410 -187 -1710 666 1811 -400 -727 -750 -3813 
1033 -100 -123 0 0 0 2066 422 -2561 
1755 1088 -2193 1764 -1787 -5283 1688 200 -2415 
552 333 -1965 -444 0 0 511 -866 -3524 
1048 829 -2639 400 -822 -3696 1844 2128 -1661 
307 500 -2579 0 440 0 0 0 0 
340 560 -962 -755 -1138 -5377 1592 714 -3735 
-383 0 0 0 0 0 0 0 0 
15 0 0 0 0 0 0 0 0 
-378 0 0 0 0 0 0 0 0 
-343 0 0 0 0 0 0 0 0 
247 0 0 -22 780 0 0 0 0 
37 0 0 0 0 0 0 0 0 
-632 0 0 0 0 0 0 0 0 
-2 0 0 0 0 0 0 0 0 
-292 0 0 0 0 0 -57 0 -2113 
-515 1016 0 0 0 0 0 0 0 
-304 543 0 0 0 0 0 0 0 
35 155 0 0 0 0 0 0 0 
-335 1416 0 0 0 0 0 0 0 
-228 1240 0 -218 1668 0 0 0 0 
-48 1500 0 0 0 0 0 0 0 
-689 1137 0 0 0 0 0 0 0 
-43 1387 0 0 0 0 0 0 0 
-155 333 0 0 0 0 -259 758 588 
-304 0 -2413 0 0 0 0 0 0 
-64 0 -2208 0 0 0 0 0 0 
-12 0 -40 0 0 0 0 0 0 
-281 0 -2242 0 0 0 0 0 0 
171 0 -2293 432 203 -1162 0 0 0 
427 0 -490 0 0 0 0 0 0 
-343 0 -2188 0 0 0 0 0 0 
77 0 -2044 0 0 0 0 0 0 
-214 0 -1038 0 0 0 -85 0 -2016 
-1261 65 0 -2900 0 -3876 0 -1466 0 
-625 -25 -2857 -66 -200 -364 0 0 0 
-640 1314 0 0 0 -422 0 0 -577 
-819 457 0 -933 0 -544 0 333 0 
-223 350 -866 -1068 1255 -100 0 0 0 
-447 695 0 0 0 0 0 0 0 
-823 488 0 -155 0 -566 0 733 0 
-156 171 -1200 0 0 -211 0 0 0 
-228 334 0 -511 422 -66 -1797 939 -983 
-1369 1342 0 -427 4014 -968 0 2066 0 
-1005 424 1313 -311 3011 -1594 -11 444 0 
-641 1289 0 400 0 0 0 0 -1094 
-986 958 0 377 2346 -122 0 711 0 
-685 629 -800 -586 2356 331 0 838 0 
-540 1750 0 0 0 0 0 711 -1455 
-1278 1262 0 233 586 -133 0 488 0 
-470 310 -744 0 1866 600 0 0 0 
-194 265 0 0 1200 -355 -1609 985 1733 
-2355 117 -3507 -2965 0 -3393 0 -2895 0 
-1868 -108 -1644 -400 -422 -1620 0 0 0 
-1424 16 0 0 0 -711 0 0 -644 
-1846 997 -1640 -988 0 -2991 0 -3569 0 
-1060 1222 -3153 -741 -79 -1885 0 0 0 
22 -313 -1266 0 0 0 0 0 0 
-1595 400 -577 0 0 -677 0 -577 0 
-810 591 -711 0 0 -1300 0 0 0 
-684 116 -1366 0 0 -765 -2271 533 -2228 
172 0 -1562 0 0 -1588 -1633 666 0 
185 0 -865 0 1150 -66 -128 438 -622 
143 1811 -577 0 0 0 0 0 -683 
204 0 -1053 0 0 0 622 933 0 
493 0 383 1872 3641 -328 -495 631 -355 
639 1188 -184 -466 0 0 400 292 0 
138 0 -883 0 0 0 244 0 0 
407 0 -312 0 0 0 0 0 0 
509 1355 100 0 0 0 942 1493 -1840 
916 1883 -1120 0 0 -1163 1942 2331 0 
111 1074 -1176 0 900 -377 577 439 1977 
1066 1044 133 0 0 0 0 444 0 
711 608 -496 0 0 866 -133 2142 0 
486 1253 -5 2843 836 -244 -133 526 -88 
639 2222 203 0 0 0 0 1244 0 
1153 355 -395 0 0 233 355 2088 0 
479 1355 -575 0 0 0 0 0 0 
942 966 -203 0 0 0 1380 990 -500 
324 0 -2181 0 0 -3036 -2159 285 -4543 
185 0 -1986 0 922 -400 -933 -221 -2012 
224 850 -1438 0 0 0 0 -2003 -4938 
619 0 -1943 0 0 -555 -1840 1923 -1888 
515 0 -1456 480 -88 -1196 22 1554 -1608 
508 200 -952 -711 0 0 0 -2071 -4577 
112 0 -1889 0 0 0 0 -155 -3166 
724 0 -908 0 200 0 0 0 -1732 
41 -311 -834 0 0 0 1561 503 -2368 
-322 0 0 -536 0 0 0 0 0 
-314 0 0 -371 693 0 392 0 0 
-693 0 0 -1027 0 0 0 0 -1086 
-281 0 0 -566 0 0 182 0 0 
-108 0 0 90 1435 0 543 0 0 
-155 0 0 -911 0 0 213 0 -1995 
-365 0 0 -421 0 0 0 0 0 
-214 0 0 -1285 361 0 523 0 0 
-530 0 0 -635 0 0 -6 0 -1412 
-450 593 0 -1182 642 0 0 0 0 
-562 289 0 -651 712 0 425 0 0 
-492 135 0 -1234 1013 0 0 0 -987 
-383 821 0 -1088 1225 0 390 1581 0 
-197 568 0 -75 2265 0 522 580 0 
-73 1501 0 -299 0 0 514 0 -1466 
-463 376 0 -799 2143 0 0 0 0 
-128 1244 0 -1321 964 0 967 0 0 
-516 760 0 -1313 1614 0 -266 883 -907 
-230 0 -2338 -623 0 -2254 0 0 0 
-346 0 -2723 -642 450 -1516 679 0 -1197 
-402 0 -2695 -3529 0 -1063 0 0 -3203 
-231 0 -2333 -724 0 -1296 566 0 -1991 
-50 0 -2374 227 1627 -1236 761 0 -2080 
61 0 -1204 -44 0 0 1155 0 -1900 
-250 0 -1988 -506 0 -1659 0 0 0 
-86 0 -2036 -1798 718 -589 1482 0 -511 
-391 0 -2726 -2254 0 -326 -66 0 -2169 
-582 109 0 -800 -115 -1597 -686 -177 0 
-825 -299 -1301 -722 939 -1604 -619 187 -1838 
-943 281 0 -1363 1054 -657 -2506 322 -1817 
-509 212 0 -878 -48 -1216 -1232 425 0 
-161 -32 -1032 -295 2157 -520 770 849 -932 
51 554 0 -1041 755 0 -388 1146 -788 
-583 133 0 -808 328 -1100 44 -580 0 
-449 -48 -1127 -323 986 -1028 -328 0 -666 
-659 309 0 -1245 140 -164 -972 304 -1927 
-1261 810 -366 -2135 1726 -1274 -1580 2071 -1101 
-1073 -180 -1240 -2346 2100 -1290 -415 815 -943 
-792 1107 -1338 -407 2651 -812 -2495 1434 -1123 
-1315 1515 -352 -2232 1872 -1761 -2004 1755 -1884 
-620 18 -1380 -523 3987 -162 803 813 -486 
-309 186 -738 -1325 3211 0 541 1148 -867 
-985 1279 -531 -2280 1565 -1031 -1091 1861 0 
-491 285 -766 -1244 3365 -184 -355 0 -622 
-548 692 -1337 -2505 2663 -52 -2039 891 -1212 
-1918 28 -2792 -3086 -265 -2009 -2102 -1200 -1865 
-2289 -577 -3452 -3845 375 -2123 -1434 11 -2032 
-2399 703 -2615 -3650 399 -1544 -3794 -266 -3792 
-2147 196 -2100 -3221 -312 -2884 -3462 -563 -2811 
-1056 -456 -3502 -2092 1612 -679 157 1771 -1445 
-488 66 -694 -1603 155 0 -1602 761 -1626 
-1939 541 -1864 -3880 -732 -3711 0 0 -2066 
-800 61 -2992 -2889 873 -828 0 0 -1364 
-968 -233 -4022 -3527 824 -523 -3343 878 -2336 
-223 0 -557 -234 0 -1069 -740 647 -581 
-251 0 -999 562 1590 -814 664 -16 -1153 
-620 658 -644 -497 3281 636 -227 0 -1949 
-289 0 -417 119 0 -691 189 1578 -1841 
-60 0 -490 1980 2908 8 1320 671 -328 
83 -431 -109 177 0 0 539 1057 -1026 
-53 0 -327 19 0 -650 577 0 -288 
-70 0 -490 -993 2034 309 1389 0 -687 
-149 1762 -478 -811 1324 -62 494 762 -890 
138 844 -1223 361 1100 -2647 -2360 1107 -553 
484 335 -1265 1460 1290 -3360 463 -171 -868 
-228 1022 -633 -1533 928 0 -457 933 -1253 
166 1131 -1291 -444 523 -1511 2326 1838 -1606 
662 409 -715 3758 2538 232 4110 764 -418 
459 777 -332 0 966 0 3279 388 -1104 
-44 1066 -1477 -492 311 -788 -44 0 -1109 
70 144 -443 177 3333 1688 0 0 559 
783 683 -40 -1155 1761 -311 1998 582 -1733 
157 0 -1914 180 43 -3551 -2407 -802 -4446 
-233 -1006 -2182 143 85 -3656 454 -989 -2980 
-25 44 -1582 -2080 652 -2233 -1233 16 -4126 
30 277 -1941 214 505 -3148 471 1008 -4136 
12 250 -1368 2896 1179 -1362 1778 -478 -2142 
212 -162 -416 166 -200 0 2762 227 -2343 
641 0 -1702 -47 748 -4547 0 44 -3596 
61 867 -1015 111 2153 -1063 511 0 -2128 
146 -496 -573 0 1578 -824 1182 336 -3085 
-120 0 0 0 0 0 532 0 0 
70 0 0 0 1612 0 1361 0 0 
-158 0 0 -819 0 0 -187 0 -1270 
-42 0 0 0 0 0 303 0 0 
620 0 0 63 1831 0 1634 0 0 
249 0 0 -1194 0 0 718 0 -798 
-31 0 0 -195 0 0 311 0 0 
155 0 0 -605 1782 0 1627 0 0 
111 0 0 -1132 0 0 51 0 -998 
-191 1452 0 0 0 0 376 1344 0 
56 184 0 0 1867 0 2025 1410 0 
25 1321 0 -2488 1572 0 342 421 -1058 
-331 1210 0 0 0 0 232 985 0 
282 2863 0 96 2348 0 2336 680 0 
-188 2567 0 -2121 0 0 2408 1388 -539 
-152 1003 0 -488 200 0 -88 1562 0 
71 813 0 -1066 444 0 44 0 0 
32 2896 0 -2257 66 0 -17 1286 -1325 
-63 0 -1660 0 0 0 604 0 -1619 
91 0 -1009 0 792 0 466 0 -1874 
-324 0 -1263 -1282 0 0 -10 0 -2961 
3 0 -1561 0 0 0 549 0 -2066 
606 0 -939 244 1055 -324 1527 0 -1546 
301 0 -726 -2091 0 0 1091 0 -876 
-14 0 -898 -622 0 -11 1720 0 -687 
245 0 -1428 -1251 546 422 1244 0 0 
207 0 -301 -1984 0 166 276 0 -1750 
-628 61 0 162 0 22 -989 170 0 
-682 204 -595 -288 434 0 461 -478 -1888 
-322 361 0 -1884 257 -955 -2496 -210 -2773 
-86 45 0 -777 600 0 -262 -75 0 
356 446 -1003 -611 1063 -856 3833 -485 -1546 
-205 429 0 -852 300 0 729 -197 -1399 
-171 19 0 -53 1774 0 221 -13 0 
191 251 -920 -537 1490 -1194 -166 0 0 
-13 754 0 -1715 29 -429 -1901 157 -2428 
-1149 1513 0 -84 2922 -906 -1480 2495 -141 
-577 1117 1033 0 2405 -773 0 1046 -208 
-423 2012 222 -1388 2301 370 -2954 1900 -1661 
-874 951 0 -355 488 333 -789 1725 -1355 
-72 933 -751 -1908 3138 -397 3960 716 -1925 
-812 55 -222 -1386 1441 0 1022 1328 -1527 
-702 1104 -630 -2433 2606 -22 -22 1647 -703 
-423 448 484 -522 2164 -961 0 0 -744 
-113 1200 -905 -3233 2289 -885 -3299 1534 -1637 
-500 878 -2313 -66 556 -1826 -2658 762 -1903 
-905 175 -133 355 -10 -1591 -511 -706 206 
-1545 321 438 0 -4 -963 -2566 597 -1713 
-564 1272 -55 0 92 -1266 -2006 647 -1177 
-198 458 -543 -2398 1665 -1239 1009 -293 -2743 
-1641 43 -522 -111 744 0 444 661 -1758 
-798 816 -1642 -511 324 -2066 -644 800 -911 
-766 -47 -785 -2222 115 -1796 0 0 -2200 
-1148 256 -723 -955 790 -1309 -4018 1145 -2513 
160 0 -733 211 0 22 287 1489 -729 
200 0 -666 123 1262 -66 201 351 -890 
245 463 -393 -212 -66 0 62 1190 -1146 
123 0 -113 644 0 -88 51 1731 -443 
688 0 354 1196 2214 -572 451 518 -270 
418 312 -159 -708 533 0 550 778 -1131 
135 0 -335 721 0 -606 85 658 -649 
5 0 199 1022 -33 -1519 1216 0 -1106 
552 675 -236 -429 -133 -33 318 610 -1395 
1295 1378 -1185 533 818 -111 1479 1758 -140 
1828 1544 -558 0 1502 0 3255 508 -1215 
1376 1882 -733 960 800 0 1812 1590 -1189 
1117 1115 -174 0 -88 0 1305 2372 -112 
1218 3733 -292 3251 2154 -1213 3648 364 -963 
267 2763 -336 -111 386 0 3411 340 -1193 
925 1580 -12 2244 -22 -844 1011 2144 451 
547 278 -291 0 922 -177 44 0 755 
1065 3159 -34 -244 1455 0 1973 809 -1447 
599 122 -1808 466 -44 -3402 1141 274 -2144 
172 311 -1483 -422 327 -3480 505 -365 -3212 
216 193 -858 -266 -825 -1130 257 183 -3839 
597 217 -1837 233 -83 -3420 1132 533 -2149 
653 914 -686 2294 934 -601 1532 -138 -3109 
202 837 -1002 -577 -875 0 1301 128 -3333 
320 28 -1609 302 1083 -1580 617 682 -934 
149 443 -1841 -366 896 -1880 622 0 -2711 
332 1201 -147 733 48 -376 1177 191 -3680 
397 0 0 0 0 0 0 0 0 
306 0 0 0 0 0 0 0 0 
7 0 0 0 0 0 0 0 0 
746 0 0 0 0 0 0 0 0 
339 0 0 216 2339 0 0 0 0 
66 0 0 0 0 0 0 0 0 
403 0 0 0 0 0 0 0 0 
-19 0 0 0 0 0 0 0 0 
-166 0 0 0 0 0 163 0 -391 
335 2364 0 0 0 0 0 0 0 
-61 1216 0 0 0 0 0 0 0 
63 1393 0 0 0 0 0 0 0 
168 3181 0 0 0 0 0 0 0 
14 2034 0 123 2437 0 0 0 0 
-146 811 0 0 0 0 0 0 0 
259 2199 0 0 0 0 0 0 0 
-336 491 0 0 0 0 0 0 0 
-216 2073 0 0 0 0 -205 -30 -372 
620 0 -894 0 0 0 0 0 0 
231 0 -1376 0 0 0 0 0 0 
396 0 -322 0 0 0 0 0 0 
549 0 -148 0 0 0 0 0 0 
365 0 -253 352 109 -1501 0 0 0 
229 0 -1473 0 0 0 0 0 0 
523 0 -1502 0 0 0 0 0 0 
35 0 -1066 0 0 0 0 0 0 
356 0 -1920 0 0 0 186 0 -1886 
-168 1362 0 455 0 -2198 0 1233 0 
-32 280 -1182 0 1733 0 0 0 0 
-415 1379 0 -985 0 -855 0 0 -920 
-22 556 0 -66 0 0 0 0 0 
-243 -23 -327 -694 2087 -1344 0 0 0 
-1052 -244 0 0 44 0 0 0 -133 
-233 1015 0 -544 0 -222 0 0 0 
-583 -40 -1111 0 0 -134 0 0 0 
-508 338 0 -1444 422 -774 -1785 -385 -3235 
-366 2250 0 3279 3918 -1496 0 2961 0 
-499 67 3006 88 4376 2180 0 0 0 
-495 2554 0 -88 2990 -124 0 444 -1463 
-426 1478 0 288 1200 -444 0 0 0 
-361 1058 266 -1526 2851 2181 0 0 0 
-764 1418 0 466 888 0 0 711 16 
-458 2000 0 2700 2611 -100 0 1277 0 
-625 -114 -593 -66 4638 2355 0 0 0 
-692 1278 0 -466 1966 -884 -450 431 -401 
-681 1215 -1089 -477 0 -2500 0 871 0 
-490 155 -1315 0 -1288 -577 0 0 0 
259 1584 -35 0 644 -738 0 0 0 
-1476 334 -511 0 0 -422 0 0 0 
-477 -426 -788 -245 1973 -368 0 0 0 
-177 -41 -177 0 0 0 0 0 0 
-954 245 -1277 1266 0 -2444 0 -355 0 
-1051 120 -800 0 0 -996 0 0 0 
-383 803 -1997 0 800 -1012 -1691 -133 -783 
1223 0 -754 0 0 883 1991 3386 0 
973 0 -197 0 971 0 -128 111 0 
903 2170 -520 0 0 -66 511 700 16 
871 0 10 0 0 0 577 688 0 
279 0 -61 1713 1371 -115 0 133 0 
-229 0 -1533 44 0 0 0 -341 0 
823 0 -475 0 0 111 244 1303 0 
393 0 -761 0 600 0 0 0 0 
230 966 -357 0 0 0 743 361 -976 
2338 3521 -4 0 0 3124 3460 3444 0 
911 0 372 0 0 88 577 988 -22 
1849 2800 -835 0 0 0 977 2726 640 
1345 177 -244 0 0 711 0 2535 0 
628 311 418 2174 493 -38 0 -431 0 
868 200 516 0 0 0 0 901 0 
1962 2185 -4 0 0 2869 699 3525 0 
74 933 -180 0 0 0 0 0 0 
1298 2722 -680 0 0 0 1037 1567 -353 
1036 0 -1273 0 0 -977 1325 1324 -2271 
230 0 -764 0 1026 0 0 0 -211 
1019 -1186 -924 0 0 -466 200 2032 -2545 
860 0 -1056 0 0 0 0 266 0 
642 0 -801 2265 383 -644 0 233 -544 
838 -133 -996 0 0 0 0 733 -1549 
884 0 -825 0 0 -200 1293 -155 -2912 
148 0 -1094 0 222 0 0 0 0 
810 1056 -311 1155 0 -1527 896 -50 -2698 
81 0 0 -498 0 0 0 0 0 
163 0 0 191 1833 0 720 0 0 
-96 0 0 -1310 0 0 0 0 -1575 
33 0 0 -249 0 0 382 0 0 
-109 0 0 -12 1097 0 1105 0 0 
-218 0 0 -2167 0 0 642 0 -1873 
14 0 0 -254 0 0 0 0 0 
-277 0 0 -601 416 0 1475 0 0 
-567 0 0 -1554 0 0 14 0 -1659 
66 1496 0 -671 1537 0 0 0 0 
390 1719 0 44 2863 0 1336 0 0 
-126 648 0 -471 1730 0 0 0 -721 
48 1671 0 -647 1288 0 971 1295 0 
-85 475 0 -132 1688 0 2019 133 0 
-278 1242 0 -1033 0 0 1525 533 -488 
-44 1607 0 -388 2145 0 0 0 0 
-175 1145 0 -791 1212 0 1767 0 0 
-515 1512 0 -1430 1568 0 1 1020 -955 
272 0 -1587 -352 0 -1486 0 0 0 
127 0 -1230 -196 984 -673 2872 0 -499 
51 0 -1390 -2409 0 -1132 0 0 -2108 
151 0 -1101 -262 0 -546 942 0 -133 
-24 0 -2441 83 1347 -1049 1908 0 -666 
108 0 -1415 -1038 0 0 980 0 -2000 
403 0 -1251 -9 0 -997 0 0 0 
182 0 -1827 -2176 1760 -2118 2562 0 -288 
-107 0 -3365 -2612 0 -545 115 0 -2444 
-194 1208 0 -480 356 -1757 -690 0 0 
-238 402 -557 -226 519 -1442 617 866 0 
-168 1027 0 -409 646 -461 -416 0 -1645 
-93 389 0 -91 -204 -1060 -236 895 0 
-495 356 -1062 -335 1405 -695 273 -188 -844 
-96 203 0 -2051 -471 0 1244 -740 -2392 
-180 131 0 -124 307 -1258 -1174 733 0 
-335 37 -664 -529 366 -795 1226 0 0 
-592 -263 0 -442 198 -504 -1034 267 -2279 
-575 1712 -175 -1549 2336 -570 -933 3490 -1288 
-259 812 -480 -495 3520 174 400 1148 -203 
-493 1367 498 -416 3515 211 0 2498 -601 
-507 1811 189 -1441 1483 -369 126 1113 -511 
-452 403 -781 -1035 3783 -423 0 1288 184 
-325 1349 -807 466 3751 0 -2666 2038 -862 
-463 1508 -48 -851 1716 -642 0 2806 -731 
-326 835 -431 -1141 3626 -12 0 0 -666 
-536 509 -950 -1442 3388 131 -2057 808 -974 
-1318 859 -2037 -1500 69 -1758 66 0 -1373 
-1086 49 -1454 -1821 715 -1769 -327 0 -311 
-1703 2477 -933 -3800 643 -864 -888 0 -1624 
-1613 362 -1677 -1038 -349 -2729 -1500 577 -616 
-1071 3 -3044 -1935 1894 -898 0 -66 -274 
-188 340 -1111 0 960 0 0 0 -1737 
-596 829 -957 -1064 67 -1942 0 0 -1311 
-243 105 -2850 -3764 894 -474 693 0 -266 
-1088 261 -3883 -3238 1069 -430 -3276 1495 -2292 
724 0 -253 733 0 -471 414 444 -1090 
406 0 -439 2374 1597 -226 2200 520 -95 
1021 200 -148 -528 2712 176 -22 766 -648 
14 0 131 178 0 -324 827 -22 -1106 
95 0 -537 1966 2359 -224 1366 99 324 
-174 358 -412 22 0 0 697 -585 -1782 
-13 0 -9 -107 0 -79 1044 0 -1222 
-178 0 -229 -1403 738 -98 1433 0 520 
-396 399 -523 -4142 924 682 445 107 -967 
240 1164 -675 2537 816 -77 -711 1755 -603 
1389 337 -111 3742 3503 -252 377 638 -892 
1666 0 -114 222 1019 488 0 770 -421 
1266 2470 -349 222 1084 77 2191 1654 -608 
1169 606 -818 4524 2629 -997 355 814 589 
597 495 -545 0 777 0 1555 1464 555 
400 183 -630 1369 882 -323 0 1044 24 
1976 155 141 0 1970 -222 0 0 -145 
266 250 -247 177 2131 -1257 1996 1068 -1504 
1051 0 -1540 1656 662 -2697 13 -755 -3274 
520 -72 -1791 1263 647 -1868 1955 -555 -2266 
1020 311 -1251 -688 822 -1078 466 1433 -2226 
734 807 -1520 555 117 -1704 735 -133 -2388 
202 1013 -1163 3719 1292 -1091 2435 -254 -1583 
486 -308 -451 0 -472 0 311 785 -1812 
674 0 -934 788 402 -1831 0 800 -1330 
696 882 -247 -333 1728 -1335 1883 0 -30 
12 -394 -531 -2751 2181 -893 1867 -661 -2965 
298 0 0 0 0 0 542 0 0 
719 0 0 0 1371 0 1041 0 0 
293 0 0 -344 0 0 415 0 -735 
365 0 0 0 0 0 551 0 0 
554 0 0 66 1477 0 739 0 0 
177 0 0 -562 0 0 1345 0 -109 
250 0 0 -104 0 0 729 0 0 
108 0 0 -151 2055 0 1208 0 0 
128 0 0 -444 0 0 0 0 -1257 
296 2307 0 0 0 0 707 2454 0 
471 1955 0 0 3570 0 3587 1540 0 
351 2915 0 -648 1878 0 762 1447 -493 
211 2604 0 0 0 0 781 2903 0 
371 3295 0 154 2034 0 2319 539 0 
31 2103 0 -1163 1585 0 1681 985 -807 
263 2061 0 -516 1468 0 626 1800 0 
-43 1800 0 -520 1955 0 333 0 0 
75 2459 0 -601 2514 0 -157 1370 -1326 
471 0 -408 0 0 0 1363 0 -928 
801 0 -656 0 1382 0 1535 0 -965 
633 0 -396 -277 0 0 928 0 -527 
419 0 -1322 0 0 0 1089 0 -1926 
601 0 -358 352 1045 -1347 1145 0 -1987 
197 0 -1250 -716 0 0 1245 0 -1078 
392 0 -746 -632 0 -844 1459 0 -708 
91 0 -1899 -274 1124 0 0 0 0 
257 0 -510 -276 0 -271 307 0 -2136 
132 510 0 1100 1338 -733 39 562 0 
467 837 -635 326 2079 0 1100 139 -2311 
207 906 0 -829 257 -541 497 335 -1520 
76 171 0 -555 -333 -88 93 657 0 
334 460 -988 -433 822 312 360 -174 -755 
-238 304 0 -1013 3 0 712 -294 -627 
245 350 0 -425 2151 -933 -209 400 0 
-10 1 -504 -524 748 -741 -677 0 0 
65 481 0 -1249 66 -562 -1755 -27 -2329 
-282 1989 0 1461 3610 447 -736 3442 -254 
20 2151 -911 -311 3926 -1123 2262 3560 197 
107 2091 624 -587 2663 1156 -1468 3621 -323 
-97 1636 0 0 3337 -88 220 4524 -125 
-153 685 -438 -938 3140 1430 644 858 -1455 
-377 1026 -496 -1872 1559 0 616 1152 -1859 
-90 1966 -166 -661 4261 -220 -323 3585 -428 
-242 656 -728 -1188 2236 -366 0 0 -200 
-72 1433 275 -1463 1798 495 -2403 1498 -1314 
-70 1436 -1508 2902 1588 -1843 -1128 2413 -853 
478 641 -688 1416 1945 0 1488 0 1616 
-415 1173 -650 -2188 905 -237 -1285 1600 -1466 
-151 1375 -350 -311 907 66 1230 2361 -1444 
-432 -202 -1340 -2171 1692 -681 2877 352 -2083 
-131 393 -705 -1177 136 0 66 321 -2554 
-187 847 -1127 -2471 1125 -1609 1535 1200 -880 
-321 235 -873 -3466 632 -835 0 0 -977 
-552 571 -531 -3177 497 -1127 -3581 380 -2490 
543 0 -117 460 0 33 765 973 -474 
1034 0 -124 2228 1632 -204 1050 948 -574 
876 619 207 171 944 -434 750 1526 -916 
364 0 -108 1526 0 -100 909 275 -409 
715 0 83 981 2034 -313 1110 413 -233 
348 257 -311 -132 755 0 182 675 -621 
434 0 -149 1471 0 -631 771 1630 301 
-40 0 -322 1109 1212 -773 966 0 277 
294 383 132 -396 2108 11 310 641 -1899 
1992 2456 -280 2142 1619 3037 3274 1833 93 
2605 3317 -59 3120 3272 -66 3015 1052 -371 
2104 3697 467 2073 1613 177 3983 1729 -259 
1185 2183 441 711 900 0 4254 3015 680 
1039 3824 321 3470 2297 -689 3350 354 -479 
784 2874 -422 -577 907 0 3199 725 -1071 
2105 1781 -490 3618 3383 32 3477 2864 657 
622 1358 -303 1444 1627 -266 1463 0 22 
1030 3178 459 -395 1208 -1366 2206 667 -1269 
1181 494 -979 1097 938 -2332 1864 644 -2056 
982 1293 -1227 2885 811 -1919 1891 56 -2151 
1153 1058 40 650 566 -756 2217 942 -2072 
1175 370 -1329 2076 973 -1138 2357 949 -1588 
671 1515 -509 2212 1114 -668 2540 -154 -2408 
447 985 -918 -484 -256 0 2097 291 -3007 
958 340 -1499 1799 2254 -2228 2640 1698 -1625 
194 485 -309 254 712 -1232 1948 0 -2290 
469 1367 77 -818 250 -643 977 183 -3787 
