487 0 0 0 0 0 0 0 0 
1009 0 0 690 869 -133 1300 0 0 
668 0 0 775 0 0 1283 0 832 
0 0 0 0 0 0 0 0 0 
0 0 0 0 0 0 0 0 0 
0 0 0 0 0 0 0 0 0 
0 0 0 0 0 0 0 0 0 
0 0 0 0 0 0 0 0 0 
0 0 0 0 0 0 0 0 0 
0 0 0 0 0 0 0 0 0 
0 0 0 0 0 0 0 0 0 
0 0 0 0 0 0 0 0 0 
0 0 0 0 0 0 0 0 0 
0 0 0 0 0 0 0 0 0 
0 0 0 0 0 0 0 0 0 
0 0 0 0 0 0 0 0 0 
0 0 0 0 0 0 0 0 0 
0 0 0 0 0 0 0 0 0 
0 0 0 0 0 0 0 0 0 
0 0 0 0 0 0 0 0 0 
0 0 0 0 0 0 0 0 0 
0 0 0 0 0 0 0 0 0 
0 0 0 0 0 0 0 0 0 
0 0 0 0 0 0 0 0 0 
0 0 0 0 0 0 0 0 0 
0 0 0 0 0 0 0 0 0 
0 0 0 0 0 0 0 0 0 
-561 0 0 -1750 0 0 0 0 0 
641 0 0 517 1920 75 800 0 0 
-1373 0 0 -2555 0 0 211 0 -1794 
0 0 0 0 0 0 0 0 0 
0 0 0 0 0 0 0 0 0 
0 0 0 0 0 0 0 0 0 
0 0 0 0 0 0 0 0 0 
0 0 0 0 0 0 0 0 0 
0 0 0 0 0 0 0 0 0 
-1387 0 0 -3066 0 0 -377 0 0 
2282 0 0 1276 4620 0 -333 0 2400 
-1212 0 0 233 0 0 -3144 0 -1483 
0 0 0 0 0 0 -1066 0 0 
900 0 0 4033 0 1575 0 0 1100 
-1378 0 0 -1500 0 0 -833 0 -4861 
0 0 0 0 0 0 300 0 0 
0 0 0 1033 1033 0 0 0 0 
633 0 0 0 0 0 0 0 0 
-1166 0 0 -600 0 0 0 0 0 
-566 0 0 1200 1066 1860 0 0 0 
1300 0 0 -4852 0 0 0 0 -4676 
0 0 0 0 0 0 0 0 0 
0 0 0 0 0 0 0 0 0 
0 0 0 0 0 0 0 0 0 
0 0 0 0 0 0 0 0 0 
0 0 0 3479 833 -700 0 0 0 
0 0 0 -1533 0 0 0 0 -1433 
620 0 0 -933 0 0 2003 0 0 
1876 0 0 651 3212 0 3008 0 4371 
265 0 0 300 0 0 550 933 1976 
0 0 0 0 0 0 0 0 0 
0 0 0 0 0 0 0 0 0 
0 0 0 0 0 0 0 0 0 
0 0 0 0 0 0 0 0 0 
0 0 0 0 0 0 0 0 0 
0 0 0 0 0 0 0 0 0 
0 0 0 0 0 0 -266 0 0 
-2775 0 0 900 5222 0 4537 0 0 
0 0 0 0 0 0 -1600 -2480 0 
0 0 0 0 0 0 0 0 0 
0 0 0 0 166 0 1166 0 0 
0 0 0 0 0 0 -1685 0 -400 
0 0 0 0 0 0 0 0 0 
0 0 0 0 0 0 0 0 0 
0 0 0 0 0 0 0 0 0 
573 0 0 -1133 0 0 1260 0 0 
2734 0 0 2775 4583 0 850 0 200 
-2202 0 0 -1466 0 0 -466 1333 -2087 
0 0 0 0 0 0 0 0 0 
833 0 0 0 266 0 0 0 0 
0 0 0 0 0 0 0 0 -933 
0 0 0 0 0 0 0 0 0 
3700 0 0 800 5575 0 1500 0 0 
-3533 0 0 -100 0 0 -1033 -2600 766 
745 0 0 0 0 0 0 0 0 
317 0 0 1660 433 0 433 0 0 
614 0 0 0 0 0 128 0 -66 
675 1861 0 0 0 0 0 0 0 
527 0 0 1300 -233 0 0 0 0 
-537 666 0 0 0 0 1600 0 0 
-1625 0 366 0 0 0 0 0 0 
-1266 0 0 866 0 0 0 0 0 
0 0 0 0 0 0 0 0 0 
0 0 0 0 0 0 0 0 0 
0 0 0 0 0 0 0 0 0 
0 0 0 0 0 0 0 0 0 
0 0 0 0 0 0 0 0 0 
0 0 0 0 0 0 0 0 0 
0 0 0 0 0 0 0 0 0 
0 0 0 0 0 0 0 0 0 
0 0 0 0 0 0 0 0 0 
0 0 0 0 0 0 0 0 0 
0 0 0 0 0 0 0 0 0 
0 0 0 0 0 0 0 0 0 
0 0 0 0 0 0 0 0 0 
0 0 0 0 0 0 0 0 0 
0 0 0 0 0 0 0 0 0 
0 0 0 0 0 0 0 0 0 
0 0 0 0 0 0 0 0 0 
0 0 0 0 0 0 0 0 0 
0 0 0 0 0 0 0 0 0 
-96 0 0 -44 0 0 0 0 0 
205 0 0 730 0 -366 0 0 0 
-688 0 0 -366 -166 0 100 0 866 
-236 -333 0 366 -100 0 0 0 0 
-1340 33 0 325 -100 0 0 0 0 
-260 0 0 0 0 0 0 0 -266 
0 0 0 0 0 0 0 0 0 
0 0 0 0 0 0 0 0 0 
0 0 0 0 0 0 0 0 0 
-340 0 0 0 0 0 0 0 0 
0 0 0 1325 0 -366 0 0 0 
280 0 0 -1066 0 0 -2575 0 0 
0 0 0 0 0 0 0 0 0 
-80 0 -200 233 0 900 0 0 0 
200 0 0 0 0 0 -233 0 -2500 
0 0 0 0 0 0 0 0 0 
0 0 0 1433 0 0 0 0 0 
633 0 633 0 0 0 0 0 0 
0 0 0 -866 0 0 0 0 0 
0 0 0 0 0 0 0 0 0 
-400 0 0 -633 0 0 0 0 -633 
0 0 0 0 0 0 0 0 0 
0 0 0 -1033 0 0 0 0 0 
0 0 0 0 0 0 0 0 0 
0 0 0 0 0 0 0 0 0 
0 0 0 0 0 0 0 0 0 
0 0 0 0 0 0 0 0 -766 
715 0 0 0 0 0 1185 0 0 
727 0 0 -966 1075 0 1311 0 -233 
540 0 0 -1066 0 0 22 1033 -366 
2433 -566 0 0 0 0 266 0 0 
933 -33 0 366 -33 0 0 0 0 
500 0 -733 0 0 0 0 266 0 
0 0 0 0 0 0 0 0 0 
0 0 0 0 0 0 0 0 0 
0 0 0 0 0 0 0 0 0 
0 0 0 0 0 0 -66 0 0 
616 0 0 1140 0 0 466 0 0 
-700 0 0 0 0 0 -600 0 0 
0 0 0 0 0 0 0 0 0 
0 1633 0 0 5752 0 0 0 0 
0 0 0 0 0 0 -1733 866 -1266 
0 0 0 0 0 0 0 0 0 
1650 0 133 800 0 800 266 0 133 
0 0 0 0 0 0 0 0 666 
800 0 0 0 0 0 0 0 0 
260 0 0 233 0 0 0 0 -233 
0 0 0 0 -166 0 -133 0 -666 
0 0 0 0 0 0 0 0 0 
-1033 1766 0 233 2125 0 0 1766 0 
-800 0 0 0 0 0 0 -2066 -1133 
0 0 0 0 0 0 0 0 0 
266 0 0 1366 0 0 0 0 0 
-500 0 0 -100 0 0 -1000 0 0 
209 0 0 0 0 0 0 0 0 
496 0 0 1322 666 0 -1533 0 0 
1072 0 0 933 0 0 1114 0 366 
1833 0 0 0 0 0 0 0 0 
-433 0 0 0 0 0 0 0 0 
0 0 0 0 0 0 0 0 0 
109 -300 -1235 0 0 0 0 0 0 
112 0 -100 -833 0 0 0 0 0 
-784 -766 -700 0 0 0 0 0 0 
0 0 0 0 0 0 0 0 0 
0 0 0 0 0 0 0 0 0 
0 0 0 0 0 0 0 0 0 
0 0 0 0 0 0 0 0 0 
0 0 0 0 0 0 0 0 0 
0 0 0 0 0 0 0 0 0 
0 0 0 0 0 0 0 0 0 
0 0 0 0 0 0 0 0 0 
0 0 0 0 0 0 0 0 0 
0 0 0 0 0 0 0 0 0 
0 0 0 0 0 0 0 0 0 
0 0 0 0 0 0 0 0 0 
0 0 0 0 0 0 0 0 0 
0 0 0 0 0 0 0 0 0 
0 0 0 0 0 0 0 0 0 
0 0 0 0 0 0 0 0 0 
0 0 0 0 0 0 0 0 0 
0 0 0 0 0 0 0 0 0 
-537 0 0 -1166 0 0 0 0 0 
-633 0 0 747 -1066 0 -966 0 0 
-548 0 0 -775 0 0 166 0 -800 
0 0 0 0 0 0 0 0 0 
-800 0 0 0 0 0 0 0 0 
766 0 0 0 0 0 0 0 0 
-525 0 -260 -975 0 -100 0 0 0 
-90 -633 0 125 0 0 0 0 0 
-533 0 0 933 0 0 200 0 933 
-550 0 0 0 0 0 0 0 0 
-500 0 0 33 766 0 0 0 966 
0 0 0 66 0 0 640 0 0 
0 0 0 0 0 0 0 0 0 
0 0 0 0 966 0 0 0 0 
-1966 -966 0 -1000 0 0 0 0 0 
0 0 0 0 0 0 0 0 0 
366 366 0 980 1033 2133 0 0 200 
-1566 0 -500 0 0 0 -33 0 -2100 
-933 0 0 633 0 0 0 0 0 
133 0 0 -300 0 1000 0 0 0 
-1080 0 0 133 0 0 -1000 0 -900 
0 0 0 0 0 0 0 0 0 
0 0 0 0 0 0 0 0 0 
-1380 -566 0 0 -566 0 0 0 0 
0 0 0 0 0 0 0 0 0 
0 0 0 700 0 -766 0 0 0 
-933 0 -2266 0 0 -933 -433 0 -5666 
425 0 0 0 0 0 2025 0 0 
733 0 0 1266 1733 0 -566 0 0 
338 0 0 366 0 0 462 0 366 
0 0 0 0 0 0 0 0 0 
-333 0 0 0 0 0 0 0 0 
0 0 0 0 0 0 0 0 0 
-654 0 0 0 0 0 1733 0 33 
-1090 0 -66 -700 166 0 0 0 0 
688 0 0 0 0 0 -100 0 0 
0 0 0 0 0 0 266 0 0 
0 0 0 0 433 0 -533 0 0 
0 0 0 0 0 0 100 0 0 
0 0 0 0 0 0 0 0 0 
0 0 0 0 0 0 0 0 0 
0 0 0 0 0 0 0 0 0 
0 0 0 0 0 0 0 0 0 
1033 0 0 0 0 0 0 366 0 
0 0 0 0 0 0 0 0 -2133 
-466 0 0 0 0 0 0 0 0 
550 0 0 4020 966 0 0 0 0 
-683 0 0 -1000 0 0 -566 0 -400 
0 0 0 0 0 0 0 0 0 
0 0 0 766 0 0 0 0 0 
0 0 0 0 0 0 0 0 0 
0 0 0 0 0 0 0 0 0 
1125 -633 -66 133 2000 0 133 0 133 
500 0 -766 0 0 0 0 0 -1600 
-445 0 0 0 0 0 0 0 0 
-207 0 0 -400 -485 666 0 0 0 
-815 0 0 0 0 0 -64 0 111 
-1282 0 0 0 0 0 0 0 0 
-1818 0 0 333 0 0 0 0 0 
-2350 0 0 0 0 0 -1333 0 0 
0 0 0 0 0 0 0 0 0 
0 0 0 0 0 0 0 0 0 
0 0 0 0 0 0 0 0 0 
-1525 0 0 0 0 0 0 0 0 
-428 0 0 -166 733 0 0 0 0 
-300 0 0 0 0 0 0 0 -166 
733 0 0 0 0 0 0 0 0 
-433 0 0 0 0 0 0 0 0 
0 0 0 0 0 0 0 0 0 
-700 0 0 0 0 0 0 0 0 
-133 0 0 0 0 0 0 0 0 
800 0 0 0 0 0 0 0 0 
0 0 0 0 0 0 0 0 0 
0 0 0 0 0 0 0 0 0 
0 0 0 0 0 0 0 0 0 
1933 0 0 0 0 0 0 0 0 
0 0 0 0 0 0 0 0 0 
-66 0 0 0 0 0 0 0 0 
0 0 0 0 0 0 0 0 0 
0 0 0 0 0 0 0 0 0 
0 0 0 0 0 0 0 0 0 
-1310 0 0 -314 0 0 -525 0 0 
129 0 0 108 866 533 -450 0 900 
-428 0 0 -2688 0 0 -504 0 -3054 
-1000 0 0 -666 0 0 0 0 0 
36 0 0 -225 0 0 0 0 0 
-1026 0 0 -500 0 0 0 0 -533 
833 0 0 0 0 0 0 0 0 
966 0 0 1033 0 0 0 0 0 
1320 0 0 0 0 0 0 0 0 
-2075 0 0 -1866 0 0 133 0 0 
376 0 0 -138 3820 -433 2600 0 2000 
-1116 0 0 -4342 -866 0 -1600 0 -3840 
-766 0 0 -100 0 0 0 0 0 
1120 0 0 1285 2100 0 0 0 900 
-1942 0 0 -1433 -433 0 0 0 400 
1200 0 0 0 0 0 0 0 0 
-1028 0 0 -166 1833 -700 1366 0 0 
0 0 0 0 0 0 0 0 0 
-66 0 0 0 0 0 1066 0 0 
2466 0 0 1000 0 0 366 0 366 
-180 0 0 0 0 0 0 0 0 
0 0 0 0 0 0 0 0 0 
0 0 0 0 0 0 0 0 0 
0 0 0 0 0 0 0 0 0 
0 0 0 0 0 0 0 0 0 
2166 0 0 0 0 0 900 0 0 
0 0 0 0 0 0 0 0 0 
-337 0 0 0 0 0 -342 0 0 
427 0 0 -1280 1766 0 2025 0 0 
-542 0 0 0 0 0 -375 -600 1228 
-307 0 0 0 0 0 -220 0 0 
573 0 0 0 0 0 566 0 0 
-536 0 0 0 0 0 -177 466 0 
0 0 0 0 0 0 566 0 0 
0 0 0 0 0 0 766 0 0 
-100 0 0 0 0 0 -533 0 0 
-675 0 0 -1266 0 0 766 0 0 
-566 0 0 166 1533 0 866 0 866 
-1900 0 0 -2333 -1500 0 425 0 -1033 
966 0 0 0 0 0 0 0 0 
-800 0 0 0 -133 0 0 0 0 
-433 0 0 0 0 0 -1766 0 -133 
933 0 0 0 0 0 0 0 0 
0 0 0 0 0 0 0 0 0 
0 0 0 0 0 0 -500 -500 0 
-1125 0 0 0 0 0 33 0 0 
1585 0 0 -233 1933 0 1833 0 866 
-1419 0 0 0 0 0 -1080 33 -2771 
433 0 0 0 0 0 0 0 0 
-100 0 0 0 -66 0 0 0 0 
-83 0 0 0 0 0 0 0 0 
2000 0 0 0 0 0 0 0 0 
1033 0 0 0 333 0 566 0 0 
100 0 0 -1066 0 0 0 -800 -1700 
472 0 0 0 0 0 0 0 0 
14 0 0 1311 -766 0 -66 0 0 
447 0 0 0 0 0 -350 0 0 
18 0 433 0 0 0 0 0 0 
-92 0 1000 -228 0 0 0 0 0 
529 166 0 -100 166 0 -828 0 600 
1100 0 366 0 0 0 0 0 0 
0 0 0 0 0 0 0 0 0 
0 0 0 0 0 0 0 0 0 
2454 0 0 2090 0 0 0 0 0 
566 0 0 1033 -766 0 0 0 0 
1639 0 0 666 -33 0 -766 0 0 
-1400 3833 0 -166 1100 2120 633 0 0 
700 0 0 466 866 0 633 0 633 
200 1633 0 0 0 0 -900 0 2666 
2033 0 500 2266 0 0 0 0 0 
0 0 0 0 0 0 0 0 0 
-866 0 0 0 0 0 0 0 0 
0 0 0 0 0 0 0 0 0 
0 0 0 0 0 0 0 0 0 
-633 0 0 0 0 0 0 0 0 
1576 366 2120 0 0 0 1800 333 0 
66 0 0 0 0 0 0 0 0 
1466 0 -33 0 0 0 0 0 -33 
1066 0 0 0 0 0 0 0 0 
0 0 0 0 0 0 0 0 0 
0 0 0 0 0 0 0 0 0 
47 0 0 -714 0 0 0 0 0 
-194 0 0 692 33 0 300 0 0 
-52 0 0 450 0 0 -866 0 533 
-943 -840 800 -1166 0 0 0 0 0 
463 -466 200 -1355 -33 0 -633 0 0 
-131 100 0 266 0 0 0 0 0 
1933 0 0 0 0 0 0 0 0 
-400 0 333 0 0 0 0 0 0 
1033 0 0 0 0 0 0 0 0 
1000 0 0 1244 0 0 766 0 0 
230 0 0 777 533 -233 66 0 366 
-150 0 0 1850 -33 0 -2333 0 766 
-127 800 1800 933 600 0 833 1900 833 
-426 0 200 1000 4360 -233 0 0 1233 
-614 0 0 -400 400 0 166 1200 966 
1533 0 766 2133 0 0 0 0 0 
566 0 1066 0 -766 0 900 0 0 
233 0 0 1066 0 0 0 0 0 
1460 0 0 0 0 0 1225 0 0 
-475 0 0 0 566 0 0 0 -233 
450 0 0 0 0 0 0 0 0 
0 0 0 0 0 0 0 0 0 
0 0 0 0 2520 0 0 0 0 
0 0 0 0 0 0 0 0 0 
-200 0 0 0 0 0 0 0 0 
-266 0 0 0 0 0 0 0 0 
0 0 0 0 0 0 0 0 0 
496 0 0 0 0 0 617 0 0 
-453 0 0 575 -533 0 0 0 0 
-133 0 0 0 0 0 -618 -1033 -500 
168 -100 0 500 0 0 -600 966 0 
445 0 0 -233 166 0 -425 0 0 
492 0 0 33 -666 0 -100 166 0 
833 0 0 0 0 0 0 0 0 
0 0 0 0 0 0 0 0 0 
0 0 0 0 0 0 -533 0 0 
2496 0 0 1660 0 0 1133 0 0 
2618 0 0 1400 66 0 933 0 866 
0 0 0 -433 -433 0 600 0 0 
175 0 0 266 466 0 0 900 0 
300 766 0 300 4155 0 1033 766 0 
-100 0 0 0 0 0 -433 -233 775 
0 0 0 1066 0 1066 0 0 133 
-233 0 0 900 1033 0 0 0 0 
0 0 0 0 0 0 0 0 0 
660 0 0 0 0 0 666 0 0 
-875 0 0 -166 0 0 0 0 0 
-700 0 0 0 0 0 -900 0 -466 
1400 2500 0 0 0 0 2400 2333 0 
900 4650 0 0 4200 0 1366 1000 0 
-33 0 0 0 0 0 0 166 0 
1466 0 0 266 0 0 0 0 0 
3800 0 800 0 0 0 600 0 0 
-500 0 0 0 0 0 0 0 -1100 
-1245 0 0 0 0 0 0 0 0 
-860 0 0 -476 0 0 0 0 0 
-397 0 0 133 0 0 -381 0 100 
-3236 -800 0 0 0 0 0 0 0 
-1266 0 0 0 266 0 0 0 0 
509 0 0 0 0 0 -2633 0 0 
637 0 -2895 0 0 0 0 0 0 
220 0 -1300 0 0 -133 0 0 0 
-333 0 -400 0 0 0 -200 0 -366 
-2075 0 0 -2257 0 0 0 0 0 
-700 0 0 280 0 0 0 0 0 
-569 0 0 0 0 0 -166 0 -700 
-166 -1033 0 -733 0 0 0 0 0 
-433 0 0 0 0 0 0 0 0 
-566 0 0 0 0 0 -1666 0 -700 
-1226 -1266 -2837 -1275 0 -4000 0 0 0 
-400 0 -800 0 0 -1200 0 0 0 
-66 0 0 0 0 0 0 0 0 
3742 0 0 0 0 0 0 0 0 
0 0 0 0 -633 0 0 0 0 
-1542 0 0 -1325 -1325 0 0 0 0 
-3154 0 0 0 0 0 -1366 0 0 
200 0 0 0 -600 0 0 0 0 
-57 -333 0 -733 -600 0 -633 0 0 
0 0 -3357 0 0 0 0 0 0 
0 0 200 0 0 0 0 0 0 
366 0 33 0 0 0 0 0 -4872 
-1140 0 0 -1542 0 0 0 0 0 
332 0 0 -285 -666 0 -566 0 0 
-917 0 0 -633 0 0 -400 0 -766 
-1492 233 0 300 0 0 0 0 0 
-666 -400 0 166 333 0 0 0 0 
-260 333 0 0 0 0 -966 0 0 
30 0 -2816 766 0 66 0 0 0 
-1133 0 766 -1066 0 -300 0 0 0 
-433 0 -819 -300 0 -1566 459 0 -33 
-1954 0 0 -1775 0 0 140 0 0 
450 0 0 -100 166 0 -166 0 0 
-1533 0 0 -280 0 0 20 0 -1000 
-566 0 0 -900 0 0 766 0 0 
-800 0 0 -166 766 0 0 0 0 
-285 -333 0 -266 -433 0 -566 -33 -1400 
-3085 0 -1085 -600 0 -2571 0 0 0 
-1085 0 66 500 2300 -80 900 366 0 
-2066 0 200 0 200 -66 0 0 -900 
-520 0 0 0 0 0 0 0 0 
1133 0 0 400 966 0 0 0 0 
-1263 0 0 0 0 0 -1466 0 -1333 
0 0 0 0 0 0 0 0 0 
0 0 0 0 0 0 0 0 0 
-566 -500 0 0 -433 0 0 0 0 
0 0 -466 0 0 0 0 0 0 
0 0 -66 0 0 0 0 0 133 
100 0 -275 0 0 0 0 0 -5075 
-264 0 0 0 0 0 -1025 0 0 
-800 0 0 -1166 533 0 75 0 0 
-112 0 0 0 0 0 -78 -166 0 
-1340 0 0 -700 0 0 -500 0 0 
475 0 0 0 166 0 0 0 0 
-160 -433 0 0 0 0 -575 466 0 
300 0 -2314 0 0 0 566 0 -1000 
0 0 0 0 0 0 0 0 0 
166 0 -1166 0 0 0 366 0 -400 
-440 0 0 -200 0 0 -566 0 0 
0 0 0 0 0 0 0 0 0 
466 0 0 0 0 0 -200 0 0 
0 0 0 -1066 0 0 0 0 0 
0 0 0 0 0 0 0 0 0 
0 0 0 -266 0 0 0 466 0 
166 0 -1033 0 0 0 0 0 0 
-233 0 -233 0 0 0 0 0 -233 
0 0 0 0 0 0 0 0 0 
-1150 0 0 0 0 0 -500 0 0 
300 0 0 -366 0 0 0 0 0 
-109 0 0 0 -1066 0 -1100 0 -400 
0 0 0 0 0 0 -1433 0 0 
-266 0 0 0 0 0 -700 0 0 
0 0 0 0 0 0 0 -333 0 
0 0 500 -200 0 0 0 0 -833 
1466 0 800 1033 0 0 0 0 -66 
0 0 0 0 0 0 0 0 -966 
756 0 0 0 0 0 0 0 0 
1271 0 0 328 1600 0 300 0 0 
549 0 0 0 0 0 1916 0 -700 
0 0 0 0 0 0 0 0 0 
0 0 0 -833 0 0 0 0 0 
0 0 0 0 0 0 0 0 0 
1365 0 0 0 0 0 0 0 0 
2628 0 0 -133 866 0 0 0 0 
1962 0 0 0 0 0 1260 0 -866 
-800 0 0 0 0 0 0 0 0 
0 0 0 0 0 0 0 0 0 
-700 0 0 0 0 0 0 0 0 
0 0 0 0 0 0 0 0 0 
0 0 0 0 0 0 0 0 0 
0 0 0 0 0 0 0 0 0 
-2666 0 0 0 0 0 0 0 0 
1066 0 0 0 0 0 0 0 0 
-700 0 0 0 0 0 0 0 -166 
2590 0 0 0 0 0 0 0 0 
166 0 0 733 66 0 0 0 0 
866 0 0 0 0 0 266 0 0 
850 0 0 0 0 0 -233 0 0 
-66 0 0 0 0 0 0 0 0 
0 0 0 0 0 0 0 0 0 
-533 0 0 0 0 0 0 0 0 
1033 0 0 0 66 0 0 0 0 
0 0 0 0 0 0 0 0 0 
-315 0 0 -28 0 0 0 0 0 
440 0 0 674 1000 0 0 0 0 
525 0 0 -566 0 0 -133 0 -742 
0 0 0 0 0 0 0 0 0 
0 0 0 0 0 0 0 0 0 
0 0 0 0 0 0 0 0 0 
429 0 0 -1000 0 0 -33 0 0 
137 0 0 707 0 -1000 0 0 0 
871 0 0 -533 0 0 1866 0 0 
900 0 0 0 0 0 1300 0 0 
919 0 0 4366 3920 466 533 0 0 
-145 0 0 -333 0 0 -66 0 -466 
-600 0 0 0 0 0 0 0 0 
1766 0 0 -100 533 0 0 0 0 
-666 0 0 0 0 0 0 0 0 
0 0 0 0 0 0 0 0 0 
725 0 0 1266 2600 0 600 0 0 
-1333 0 0 0 0 0 0 0 0 
2033 0 0 733 0 0 1133 0 0 
125 0 0 2485 1566 633 2125 0 0 
560 0 0 -100 0 0 0 0 -800 
0 0 0 366 0 0 0 0 0 
-166 0 0 66 900 0 0 0 0 
0 0 0 0 0 0 0 0 0 
1066 0 0 0 0 0 0 0 0 
2666 0 0 1250 2100 0 600 0 0 
-66 0 0 -166 0 0 0 0 466 
1017 0 0 400 0 0 2333 0 0 
1284 0 0 705 2435 0 2466 0 0 
379 0 0 -1766 0 0 433 1166 -425 
0 0 0 0 0 0 0 0 0 
-250 0 0 0 0 0 0 0 0 
-540 0 0 -66 0 0 -66 0 0 
2266 0 0 0 0 0 400 0 0 
752 0 0 0 100 0 -700 0 0 
760 0 0 0 0 0 825 0 0 
0 0 0 0 0 0 0 0 0 
120 0 0 -300 1333 0 0 0 0 
-1100 0 0 900 33 0 0 0 0 
0 0 0 0 0 0 0 0 0 
-33 0 0 0 1866 0 0 0 0 
-433 0 0 0 0 0 0 0 -366 
0 0 0 0 0 0 0 0 0 
0 0 0 0 0 0 0 0 0 
0 0 0 0 0 0 0 0 0 
1920 0 0 133 0 0 560 0 0 
2022 0 0 600 2900 0 1666 0 0 
-96 0 0 -1166 0 0 -683 -666 -1733 
100 0 0 0 0 0 0 0 0 
350 0 0 0 800 0 1166 0 366 
-800 0 0 0 0 0 -550 0 0 
133 0 0 0 0 0 1960 0 0 
2694 0 0 0 4471 -433 1571 0 0 
-250 0 0 0 0 0 2633 -966 -1533 
1566 0 0 0 0 0 0 0 0 
1105 0 0 1013 0 0 400 0 0 
1338 0 0 0 0 0 1360 0 0 
1594 3658 0 0 0 0 0 0 0 
971 333 0 -833 1300 0 0 0 0 
-150 1920 0 0 0 0 1000 0 -833 
3194 0 1166 0 0 0 0 0 0 
-283 0 0 700 0 0 0 0 0 
1750 0 966 0 0 0 0 0 0 
-733 0 0 0 0 0 0 0 0 
2123 0 0 533 0 0 -33 0 0 
300 0 0 0 0 0 0 0 0 
1300 3350 0 0 800 0 0 0 0 
3725 666 -566 633 3933 0 0 0 0 
0 600 0 0 0 0 0 0 0 
3171 0 0 2725 0 0 0 0 0 
1300 0 0 0 -766 0 0 0 0 
566 0 0 0 0 0 0 0 0 
1803 0 0 0 0 0 2490 0 0 
-300 0 0 1433 0 0 1100 0 0 
933 0 0 0 0 0 566 0 0 
2778 3107 -566 0 0 0 -966 4475 0 
-166 333 0 0 466 0 0 366 0 
1833 0 0 0 0 0 2000 1100 0 
780 0 0 0 0 0 -900 0 0 
133 0 0 0 0 0 0 0 0 
333 0 433 0 0 0 0 0 0 
-655 0 0 -563 0 0 0 0 0 
240 0 0 1050 0 0 0 0 0 
542 0 0 980 0 0 0 0 0 
275 -300 0 0 100 0 0 0 0 
-1900 0 0 633 533 0 0 0 0 
0 300 0 0 900 0 0 0 0 
1000 0 0 266 0 0 -33 0 0 
100 0 466 -150 0 0 0 0 0 
725 0 0 0 0 0 0 0 0 
-480 0 0 -266 0 0 0 0 0 
181 0 0 1866 0 466 600 0 600 
-333 0 0 0 0 0 366 0 -66 
-600 -666 0 0 633 0 100 0 0 
66 0 0 0 566 0 1066 1400 1933 
0 0 0 0 0 0 0 0 0 
0 0 0 633 0 0 0 0 0 
0 0 0 0 0 1066 0 0 0 
0 0 0 0 0 0 0 0 0 
100 0 0 -966 0 0 1700 0 0 
-333 0 0 133 1033 0 0 0 0 
300 0 0 0 0 0 0 0 0 
0 0 0 0 0 0 0 0 0 
0 0 0 300 4600 0 0 0 0 
0 300 0 0 0 0 1000 1000 0 
0 0 0 0 0 0 0 0 0 
0 0 0 0 1825 0 0 0 0 
0 0 0 0 0 0 0 0 633 
797 0 0 -220 0 0 2350 0 0 
1040 0 0 -60 975 0 428 0 0 
356 0 0 -300 0 0 1485 900 -66 
-525 1225 0 0 0 0 0 700 0 
400 -233 0 100 175 0 -66 0 0 
1000 1566 0 0 0 0 -533 200 0 
475 0 0 -200 0 0 1800 0 133 
2100 0 0 0 0 0 0 0 133 
-133 0 0 0 0 0 1366 0 -500 
2485 0 0 0 0 0 0 0 0 
2078 0 0 1720 600 0 800 0 0 
-300 0 0 -566 -866 0 -433 0 0 
0 -300 0 0 1666 0 0 0 0 
1019 233 0 0 4827 0 0 0 0 
-300 0 0 0 0 0 0 0 -166 
0 0 0 0 0 0 0 0 0 
1220 0 1633 1066 0 633 -833 0 0 
0 0 0 0 0 0 0 0 0 
1652 0 0 -1066 0 0 2444 0 0 
866 0 0 500 3242 0 4060 0 0 
876 0 0 -233 0 0 1080 0 0 
450 2244 0 0 800 0 0 1200 0 
833 4753 0 -600 2818 0 766 4366 1066 
-433 100 0 0 0 0 -266 150 -400 
2866 0 600 1600 0 1066 1050 0 0 
1580 0 0 1975 3875 0 833 0 733 
-733 0 0 0 0 0 633 0 0 
0 0 0 0 0 0 0 0 0 
372 0 0 490 -33 0 600 0 0 
611 0 0 0 0 0 615 600 -266 
966 0 0 0 0 0 0 0 0 
-433 0 0 0 0 0 0 0 0 
0 0 0 0 0 0 0 0 0 
120 1400 666 0 0 0 0 0 0 
257 0 800 488 866 0 0 0 0 
470 200 366 133 0 0 700 0 0 
-900 0 0 0 0 0 0 0 0 
0 0 0 500 0 0 0 0 0 
0 0 0 0 0 0 0 0 0 
0 0 0 0 0 0 0 0 0 
0 0 0 0 0 0 0 0 0 
0 0 0 0 0 0 0 0 0 
-1050 -666 0 -1180 0 -766 0 0 0 
1050 0 0 100 0 -766 0 0 0 
-750 0 0 0 0 0 -166 0 0 
-1732 0 0 0 0 0 -3150 0 0 
-693 0 0 166 -66 0 -966 0 0 
-357 0 0 0 0 0 -800 0 233 
-1700 566 0 0 0 0 0 0 0 
-1333 0 0 0 0 0 0 0 0 
0 0 0 0 0 0 0 0 0 
-1960 525 -2340 0 0 0 -1750 -800 -866 
-600 0 0 -133 -766 0 0 0 0 
-600 200 433 0 -633 0 33 0 0 
-290 0 0 -238 0 0 0 0 0 
-165 0 0 321 0 0 0 0 0 
-432 0 0 33 0 0 233 0 100 
0 0 0 0 0 0 0 0 0 
0 0 0 0 0 0 0 0 0 
-333 0 0 0 0 0 0 0 0 
-8 0 -1000 -50 0 -333 -166 0 0 
120 0 0 1163 100 33 0 0 0 
-814 0 0 -966 0 0 -166 0 0 
-1066 0 0 0 0 0 666 0 0 
-500 0 0 800 0 0 0 0 0 
-200 0 0 0 0 0 -100 0 0 
-200 0 0 0 0 0 0 0 0 
0 0 0 0 533 0 0 0 0 
0 0 0 -300 0 0 -133 0 0 
-1266 133 0 -866 0 0 0 0 0 
-1766 -1000 0 -1033 1800 0 0 0 0 
-525 0 0 0 0 0 0 0 0 
-1096 0 0 -740 0 0 -1340 0 0 
-180 0 0 -1066 -533 0 -1033 0 0 
188 0 0 -366 0 0 -600 0 0 
0 0 0 0 0 0 0 0 0 
0 0 0 0 0 0 0 0 0 
-333 0 0 0 0 0 0 0 0 
-1525 -1100 -680 0 0 -966 0 0 -133 
-50 -200 0 466 0 -1033 0 0 0 
-1440 200 433 0 0 0 0 0 0 
97 0 0 -425 0 0 -800 0 0 
480 0 0 -533 0 0 -100 0 0 
280 0 0 -700 -700 0 270 -133 133 
0 0 0 0 0 0 0 0 0 
-1166 0 0 0 0 0 0 0 0 
-200 133 0 0 0 0 0 0 0 
-102 -366 -675 -200 0 0 1833 0 666 
506 0 100 -700 166 233 -600 0 0 
-20 0 400 0 0 0 1252 0 66 
-314 0 0 -866 0 0 0 0 0 
-733 0 0 0 0 0 0 0 0 
-914 0 0 0 0 0 0 0 0 
0 0 0 0 0 0 0 0 0 
-433 0 0 0 833 0 0 0 0 
-66 -966 0 -266 0 0 0 0 0 
-866 0 0 0 0 0 0 0 0 
66 0 0 0 0 0 0 0 0 
0 0 0 0 0 0 0 -166 -966 
-391 0 0 233 0 0 -1420 0 0 
-527 0 0 566 560 0 -933 0 -666 
-121 0 0 -266 0 0 400 -33 -700 
-1980 0 0 0 0 0 -466 0 0 
-966 -733 0 166 1066 0 0 0 0 
0 -433 0 -300 0 0 -33 0 0 
-750 -366 -1700 250 0 -833 -700 0 -975 
1676 0 800 233 2366 -1733 433 0 -100 
20 0 0 600 -1066 -733 -1800 0 -3600 
-1475 0 0 0 0 0 0 0 0 
-1153 0 0 -1080 -1245 -1700 -1739 0 0 
-1004 0 0 -1200 0 0 -900 -633 -2700 
0 0 0 0 0 0 0 0 0 
0 0 0 0 0 0 0 0 0 
0 0 0 0 0 0 0 0 0 
0 0 0 0 0 0 0 0 0 
0 0 0 0 0 0 0 0 0 
0 0 0 0 0 0 0 0 0 
-318 488 0 0 0 0 0 0 0 
-131 76 0 -436 1300 0 -2033 0 0 
-76 536 633 166 0 0 34 1275 225 
0 0 0 0 0 0 0 0 0 
0 0 0 0 0 0 0 0 0 
0 0 0 0 0 0 0 0 0 
0 0 0 0 0 0 0 0 0 
0 0 0 0 0 0 0 0 0 
0 0 0 0 0 0 0 0 0 
-517 0 733 0 0 0 0 0 0 
144 0 -66 -866 -133 0 0 0 0 
527 0 300 0 0 0 133 0 266 
0 0 0 0 0 0 0 0 0 
0 0 0 0 0 0 0 0 0 
0 0 0 0 0 0 0 0 0 
0 0 0 0 0 0 0 0 0 
0 0 0 0 0 0 0 0 0 
0 0 0 0 0 0 0 0 0 
-929 0 0 -1235 0 0 220 0 0 
-763 0 0 -924 -708 -1134 296 0 702 
-1119 0 0 -2436 -2157 0 -350 -466 -2180 
0 0 0 0 0 0 0 0 0 
0 0 0 0 0 0 0 0 0 
0 0 0 0 0 0 0 0 0 
0 0 0 0 0 0 0 0 0 
0 0 0 0 0 0 0 0 0 
0 0 0 0 0 0 0 0 0 
-501 385 240 -936 -400 766 378 200 0 
93 27 1600 297 1046 259 1805 -166 2892 
-293 -625 466 -1006 -1200 -566 -1433 -1766 -976 
300 0 -133 0 0 0 0 0 0 
-687 -333 -233 1866 1148 1937 2314 0 660 
-177 300 -600 -1200 0 0 -2600 -2485 -2504 
-100 0 0 0 0 0 0 0 0 
0 200 0 -33 3772 0 966 0 0 
500 0 0 -200 -33 0 466 -1333 466 
311 0 -40 -66 0 366 0 0 700 
588 0 109 1694 1466 1835 228 0 1258 
-492 0 -1210 -1771 0 -50 -25 0 -1686 
0 0 0 0 0 0 0 0 0 
0 0 0 0 0 0 0 0 366 
0 0 200 0 0 0 0 0 -1466 
800 0 0 0 -1033 466 0 0 0 
0 33 400 3055 2177 1711 1366 0 -300 
-166 0 0 0 0 0 0 0 -1953 
-169 0 0 -600 0 0 -271 0 0 
147 0 0 -246 392 33 -88 0 233 
-294 0 0 -1057 -566 0 -748 -342 -322 
0 0 0 0 0 0 0 0 0 
0 0 0 0 0 0 0 0 0 
0 0 0 0 0 0 0 0 0 
0 0 0 0 0 0 0 0 0 
0 0 0 0 0 0 0 0 0 
0 0 0 0 0 0 0 0 0 
270 -29 766 0 290 0 -163 266 0 
306 693 0 444 1294 0 1235 437 133 
28 -218 -666 -80 -400 0 -851 -668 -1285 
533 -1033 0 0 0 0 233 133 0 
0 333 0 0 1828 0 200 366 0 
0 0 0 0 -866 0 -980 -55 100 
0 566 0 0 0 0 0 0 0 
0 1633 0 0 3160 0 0 0 0 
0 -520 0 0 -1900 0 0 -2220 0 
951 0 -400 1080 0 -466 626 0 -600 
93 366 3342 1309 1483 2200 610 0 260 
-163 0 -1688 -485 -33 0 -289 -200 -1501 
0 0 0 0 0 0 0 0 0 
0 0 0 -566 0 0 0 0 0 
0 0 0 0 0 0 0 0 -166 
66 -1000 0 0 -33 0 0 0 0 
-226 1244 1466 515 1484 2800 2600 -366 866 
-128 -275 -566 -660 -1200 -33 -2359 -600 -2103 
-1200 0 0 0 0 0 0 0 0 
-919 0 0 -978 -625 -1233 -1160 0 0 
-714 0 0 -733 0 0 -484 100 -1666 
-1163 -620 -1000 0 0 0 0 0 0 
-680 -828 200 -881 -300 -266 0 0 0 
-337 475 333 0 0 0 94 166 -280 
-888 0 0 0 0 0 0 0 0 
-625 0 300 66 0 0 0 0 0 
-350 0 -300 0 0 0 -900 0 0 
335 456 -666 0 0 0 0 0 0 
-188 -375 0 -440 533 -1066 -333 0 0 
71 323 0 -166 0 0 -816 -828 25 
100 -1260 0 0 0 0 0 0 0 
-116 44 433 725 -66 0 0 0 0 
620 300 0 0 0 0 -333 0 0 
466 0 0 0 0 0 0 0 0 
-900 0 0 0 0 0 0 0 0 
0 0 0 0 0 0 0 0 0 
-409 0 133 0 0 0 0 0 0 
325 0 -33 300 0 66 0 0 0 
-771 0 333 0 0 0 466 0 0 
466 966 -266 0 0 0 0 0 0 
33 0 0 266 0 0 0 0 0 
-400 966 0 0 0 0 0 0 0 
0 0 0 0 0 0 0 0 0 
0 0 0 0 0 0 0 0 0 
0 0 0 0 0 0 0 0 0 
-448 0 0 -971 0 0 -100 0 0 
-550 0 0 -587 -260 -1720 374 0 -466 
-458 0 0 -1261 -1633 0 -202 -150 -1613 
-518 -487 -900 -486 -700 0 0 0 0 
-537 -834 -857 -406 242 -555 946 0 233 
-390 -780 0 -1650 -1166 0 191 275 -306 
-1416 0 0 -433 0 0 0 0 0 
-969 0 -600 -550 533 -333 0 0 0 
-533 0 0 66 0 0 0 0 -866 
-223 -410 266 -485 440 733 -183 666 0 
-70 17 -550 -56 225 365 250 133 1300 
43 242 133 -617 -1244 0 -433 -503 -129 
-42 -262 875 66 466 266 -57 -200 266 
-284 -73 -100 -138 1613 200 250 1200 2600 
268 -133 225 -50 -200 0 259 -888 -1139 
-766 0 0 0 0 0 0 0 0 
-366 0 400 0 -200 1133 100 0 133 
0 0 0 0 0 0 33 -33 -933 
485 0 1600 342 0 -25 -66 0 233 
793 0 0 -9 -133 325 -200 0 0 
405 0 666 233 0 -300 400 0 -417 
-200 0 0 0 -100 0 0 0 0 
0 0 0 0 0 0 0 0 0 
0 0 0 0 0 0 300 0 -1000 
0 0 200 0 -266 200 0 0 66 
0 0 0 200 200 933 0 0 0 
0 0 266 0 0 0 0 0 -1450 
242 0 0 -33 0 0 -82 0 0 
-18 0 0 71 194 0 -321 0 0 
55 0 0 -800 0 0 -263 257 -300 
-98 375 0 0 0 0 551 700 0 
-155 0 0 -300 777 0 -225 -600 0 
103 316 -733 0 300 0 -24 -1316 -369 
900 0 0 0 0 0 0 0 0 
-133 0 0 233 -33 0 0 0 0 
100 0 0 0 0 0 -480 0 -200 
296 251 0 0 -22 0 478 -109 0 
400 163 0 266 352 1766 433 -840 285 
205 418 300 -40 114 0 -159 60 -657 
400 1557 0 0 433 0 800 0 433 
800 890 0 0 1790 66 200 763 0 
600 466 -100 -133 -500 0 -285 -982 -320 
0 0 0 0 0 0 0 0 0 
125 0 1666 -133 0 900 233 0 966 
866 0 0 0 0 0 0 0 500 
52 0 1733 -200 0 0 -285 0 233 
-45 0 0 105 66 -20 88 0 -133 
440 0 500 833 0 0 -250 0 -1010 
200 -66 0 0 300 0 0 1033 0 
-175 0 0 -600 475 233 0 0 0 
225 -700 33 0 -200 0 333 -1369 -333 
1200 -250 0 0 -333 733 -66 75 0 
-457 -377 0 960 60 340 333 -533 -33 
433 725 0 -33 400 0 -1545 -400 -2166 
-1049 0 0 0 0 0 0 0 0 
-656 0 0 -368 173 -33 -680 0 0 
-357 0 0 -66 0 0 -440 0 -80 
125 0 0 0 0 0 0 0 0 
1066 0 0 66 0 0 0 0 0 
475 33 0 0 0 0 0 0 0 
-1430 -1666 -2371 0 0 0 0 0 0 
-518 0 -1725 -1223 233 0 0 0 0 
-495 -800 -1033 -100 0 166 -345 0 -350 
-230 693 566 0 0 0 0 0 0 
202 342 0 511 1266 0 -700 0 0 
292 257 0 0 0 0 -53 1233 -133 
466 0 0 0 0 0 0 0 0 
666 0 0 0 0 0 0 0 0 
266 0 0 0 0 0 0 0 0 
19 1075 -260 0 0 0 0 0 0 
-882 -66 -114 -771 0 -233 0 0 0 
680 600 0 0 0 0 400 1033 1000 
-366 0 -1050 0 0 0 0 0 0 
300 0 -433 66 833 100 0 0 0 
-294 1600 175 0 0 0 1800 833 800 
0 0 0 0 0 0 0 0 0 
0 0 0 0 0 0 0 0 0 
0 0 166 0 0 0 0 0 0 
-100 0 0 0 0 0 0 0 0 
0 0 -33 0 0 0 0 0 0 
466 633 0 0 0 0 0 0 0 
-500 0 0 -423 0 0 -25 0 0 
-466 0 0 -425 -76 -1133 61 0 463 
-403 0 0 -1087 -66 0 -124 -400 -465 
-200 0 0 -1000 0 0 0 0 0 
-648 -400 0 -613 500 0 0 0 0 
955 0 0 0 0 0 -666 0 -266 
-650 -433 -859 -819 0 -514 0 0 0 
-305 -914 -707 -206 733 7 400 0 620 
-414 233 -340 -1345 -100 0 -100 -133 -685 
-106 -661 433 -143 -180 0 -56 -1050 0 
-292 -122 233 -27 592 -360 66 0 -233 
33 -333 266 167 0 0 -11 -145 -93 
-866 0 -366 0 0 100 0 0 0 
140 -233 -66 2360 1420 675 0 0 -233 
-100 425 100 200 -466 0 1688 -200 -933 
142 -700 -440 -75 -766 -133 -1260 -533 -233 
-200 88 -33 -200 2221 782 -66 -300 -466 
200 -366 -33 -866 -100 -300 -178 -709 -769 
16 0 -1186 500 0 200 0 0 0 
310 0 400 915 1225 1361 160 0 600 
320 628 85 494 -400 725 -518 -520 -855 
0 0 0 0 0 0 0 0 0 
0 0 0 0 0 0 0 0 0 
66 0 0 0 0 0 -275 -633 0 
400 0 -300 0 525 -833 0 0 0 
1388 433 -133 688 10 2116 0 0 100 
-360 0 -100 66 166 700 300 -500 -2780 
-43 0 0 0 0 0 -157 0 0 
122 0 0 -248 320 -366 -666 0 -433 
93 0 0 600 -66 0 -163 16 700 
-350 0 0 0 0 0 333 0 0 
0 0 0 0 0 0 0 -400 0 
-575 0 0 0 0 0 28 0 0 
-111 -400 -475 0 0 0 228 0 -480 
-127 0 0 825 -106 0 -50 -400 -1000 
83 0 376 0 0 0 97 -1300 300 
93 7 0 0 80 0 845 155 0 
287 288 0 500 689 0 -181 -666 0 
127 379 0 200 60 0 -355 266 -450 
-500 0 0 0 0 0 0 133 0 
0 333 0 0 1780 0 0 0 0 
0 0 0 0 166 0 500 -150 -66 
125 0 100 0 0 0 400 33 -233 
766 -166 0 0 697 0 0 0 -1000 
640 -100 -100 0 -200 0 -325 -733 -1033 
768 0 -66 266 0 -200 33 0 120 
211 0 33 1174 800 1933 437 0 366 
270 538 0 -166 -233 0 -52 -525 -1284 
0 0 0 0 0 0 0 0 0 
-433 0 0 0 0 0 0 0 0 
0 0 166 0 0 0 400 666 0 
1660 430 -1200 0 366 733 -133 -325 0 
-52 114 -366 672 944 1942 133 -66 660 
1300 230 233 -200 -1500 -33 -100 -1111 -1816 
-867 0 0 0 0 0 0 0 0 
-523 0 0 -417 -126 -466 -1414 0 0 
-589 0 0 580 333 0 -635 266 -1253 
-1159 0 0 0 0 0 0 0 0 
-406 0 0 -657 0 -366 -33 0 -33 
-470 0 0 400 0 0 -266 0 -733 
-1480 0 0 0 0 0 0 0 0 
750 0 0 0 900 0 0 0 0 
-1066 0 0 0 0 0 33 0 -400 
-189 0 1033 -900 0 0 0 0 0 
-99 211 600 -166 14 525 0 0 0 
-121 -48 -466 1880 -600 220 -263 -100 -366 
-1216 -840 0 0 0 0 0 -400 0 
-936 -563 -33 -1033 400 0 0 0 0 
-163 -15 0 0 0 0 66 140 -833 
-114 -433 0 0 0 0 0 0 0 
-140 766 0 -155 0 66 0 0 0 
-317 -566 -66 0 0 0 800 0 -166 
254 0 -1160 0 0 0 0 0 -66 
380 -833 -628 0 0 0 -300 0 300 
-35 233 333 0 0 0 125 0 -933 
320 0 400 0 0 0 0 0 0 
-181 0 333 0 -233 0 0 700 0 
380 0 -266 0 0 0 0 400 0 
0 0 0 0 0 0 0 0 0 
0 0 -100 0 0 0 0 0 0 
66 0 0 0 0 0 0 0 0 
-617 0 0 -663 0 0 -50 0 0 
-536 0 0 -413 -354 -977 -92 0 -269 
-541 0 0 -1146 -1495 0 -230 -218 -1523 
-654 0 0 -347 0 0 430 0 0 
-355 0 0 -332 -128 -813 18 0 770 
-393 0 0 -925 -1400 0 -275 -300 -874 
-230 0 0 -37 0 0 866 0 0 
139 0 0 106 257 50 297 0 -825 
-70 0 0 -522 0 0 -227 -400 -897 
-586 -362 511 -506 -316 -135 -836 -453 0 
-391 -353 137 -243 598 364 277 206 919 
-229 -303 -83 -646 -728 -163 -610 -901 -549 
-301 -226 -477 -248 -33 -688 -685 511 200 
-163 -5 301 -30 852 732 1205 -58 1111 
-65 -89 -165 -479 -261 102 -260 -359 -541 
-229 -788 666 -104 -160 -775 -600 -300 -166 
-367 -337 -200 -88 559 100 -6 -300 175 
-122 326 542 -20 -380 141 -221 -377 -512 
-100 0 -531 0 0 -866 -409 0 -983 
-11 -466 -54 301 385 651 383 498 587 
142 0 -746 0 0 0 509 351 -1162 
33 0 0 0 0 -466 0 0 0 
0 0 566 -666 525 250 0 333 466 
0 0 733 0 0 0 0 100 -923 
44 -166 -657 0 0 0 0 0 0 
184 200 235 2590 964 1933 730 161 320 
325 0 -90 300 0 0 1533 -400 -1041 
42 0 0 -100 0 0 -242 0 0 
-224 0 0 -387 30 -1100 -464 0 -466 
-66 0 0 250 200 0 -342 -691 105 
78 0 0 -475 0 0 52 0 0 
111 0 0 105 329 -850 -62 0 320 
-52 0 0 -800 0 0 -6 -324 473 
50 0 0 0 0 0 300 0 0 
0 0 0 -233 840 0 662 0 0 
196 0 0 466 0 0 126 300 850 
208 150 400 -914 33 -833 152 -62 -566 
-242 -142 400 -330 55 600 -576 -483 0 
57 -209 66 -592 -1489 -66 -934 -615 -974 
98 252 -133 75 1333 0 -475 840 0 
-98 -83 666 125 572 -350 -1633 136 533 
334 324 490 -300 -948 -140 -1060 -366 -1494 
400 600 0 0 33 666 -1171 -1200 0 
-54 440 0 906 903 2840 -57 -857 0 
237 395 -200 -1000 -888 0 -290 -446 -1742 
50 0 -204 -166 0 0 -172 0 -440 
-212 0 242 -68 -536 -166 103 666 -190 
39 0 -175 -166 0 0 -143 1411 -1037 
325 0 140 0 0 -133 1100 50 933 
-53 0 200 144 47 333 300 477 33 
320 0 -185 0 0 0 414 64 -1449 
476 -33 -400 166 -366 0 120 -33 -1733 
-368 0 440 1123 910 1517 654 -175 -666 
438 1450 -40 -200 -633 -1025 -543 -676 -1875 
-754 0 0 0 0 0 0 0 0 
-478 0 0 -378 -342 -533 -158 0 -400 
-483 0 0 570 -66 0 -622 -200 -1105 
-874 -652 -1505 0 0 0 0 0 0 
-605 -705 -528 -484 153 -833 -600 0 -33 
-280 -310 -518 -550 -300 0 -375 -647 -19 
550 0 1058 0 0 0 0 0 0 
34 0 710 -11 0 366 0 0 0 
400 0 542 100 0 0 223 0 -44 
-218 -94 -250 -627 -666 -433 0 0 0 
-300 -509 275 -533 -485 -25 -1300 -33 100 
-335 -64 100 911 -266 -540 -424 -1342 -400 
237 1154 37 2090 1138 -500 766 3000 0 
-3 552 455 468 461 200 350 -133 1400 
-76 680 87 1163 1323 633 -46 453 930 
1486 -166 2371 350 0 100 0 0 0 
272 0 650 1900 -340 425 100 0 0 
306 0 -28 -133 0 133 800 0 -400 
114 -533 194 0 0 -233 533 0 333 
61 0 425 933 0 -66 -475 0 -366 
361 66 -200 366 0 0 581 500 200 
1044 3244 802 0 0 1300 3825 -300 2560 
-46 0 163 0 533 0 1400 150 -333 
-129 3644 211 0 0 0 1540 476 1626 
496 0 760 0 0 0 0 0 0 
0 0 0 0 0 0 0 0 0 
586 0 700 0 0 0 -333 0 -33 
-562 0 0 -413 0 0 146 0 0 
-420 0 0 -239 -327 -732 41 0 -74 
-457 0 0 -564 -770 0 -166 0 -931 
-460 -612 -1254 -307 -355 -456 269 114 -700 
-267 -316 -742 -53 -63 -306 251 90 163 
-230 -62 -251 -209 50 200 1 23 -533 
-125 0 -18 367 0 681 -260 0 461 
5 0 8 225 382 263 321 0 396 
63 0 -26 -184 0 918 57 0 -382 
-359 -390 -220 -277 -207 207 -359 -383 285 
-421 -394 -70 -212 -56 -94 -171 -44 68 
-296 -362 -50 -249 -276 -66 -352 -410 -651 
-251 443 524 -216 662 423 -182 614 100 
-185 -31 -67 -47 1650 280 213 440 341 
-57 97 127 5 801 550 -258 303 -39 
-105 365 769 956 -95 456 -325 0 1711 
-200 -547 5 216 362 347 442 466 528 
254 250 501 169 407 622 12 -494 -180 
-138 -1333 -331 -163 0 -485 -113 -183 673 
-185 0 -234 951 533 89 567 452 409 
-115 66 -241 320 0 671 129 -269 -398 
513 180 603 -333 120 -660 1738 755 416 
828 765 136 2176 1090 230 1507 316 562 
877 320 441 -266 250 -33 1604 172 -13 
294 220 297 333 0 1100 1839 111 1577 
279 86 63 1900 240 327 1575 -237 1094 
196 144 548 0 -133 272 704 -186 -578 
129 0 0 -169 0 0 -112 0 0 
-15 0 0 -103 34 -650 -69 0 -25 
31 0 0 -438 -292 0 -208 -311 -54 
319 367 257 -164 266 200 96 -200 -539 
-19 365 -542 246 505 -182 277 117 156 
206 422 291 -160 -541 0 17 24 117 
557 0 654 333 0 0 286 0 878 
298 0 592 572 -260 624 400 0 480 
303 0 478 -591 0 266 218 333 259 
428 -12 7 182 525 750 200 -206 620 
8 94 277 156 -135 405 -42 -520 56 
155 49 338 -358 -503 -618 -556 -433 -544 
558 1228 560 385 1829 916 168 1533 173 
112 632 50 67 1372 401 225 346 -213 
306 786 560 17 855 1370 -387 349 -152 
2433 0 1300 600 644 1180 -66 0 3675 
-37 0 195 238 520 268 360 -500 273 
1033 0 980 633 323 613 358 107 192 
231 0 220 203 0 457 26 1233 24 
20 0 300 399 66 613 -124 500 -607 
238 -433 202 -181 -966 66 111 -240 -408 
1543 510 1065 1444 600 233 1806 1065 943 
868 836 888 1360 1336 948 1318 264 122 
786 698 771 22 -144 100 867 93 214 
423 227 372 1066 -114 777 1019 -56 931 
-264 18 0 704 -68 321 1600 -1209 -258 
310 217 450 -854 -800 126 397 -617 -440 
-1016 0 0 0 0 0 0 0 0 
-648 0 0 -283 -40 366 -3500 0 0 
-395 0 0 171 0 0 -396 0 -142 
-2432 -2505 0 0 0 0 0 0 0 
-639 166 0 -542 233 -66 -1200 0 0 
-822 0 0 0 0 0 -511 0 160 
-413 266 -1983 0 0 0 0 0 0 
-37 -33 -835 -207 -711 -669 0 0 -566 
-70 -25 -575 -720 -100 333 -163 0 -482 
-412 -1083 -133 -857 0 -1166 666 0 0 
-13 16 -700 -741 977 20 -466 0 0 
82 636 266 -700 0 -33 213 100 -300 
-1213 -1376 0 -1333 -333 -1033 -66 0 0 
-544 -618 -366 500 -33 -900 0 -200 0 
-500 -309 266 566 0 0 -325 0 100 
-1162 -1389 -729 -2262 -2680 -1348 2325 -700 -133 
-622 -770 -130 73 -133 -1245 1066 0 -133 
-339 -150 -87 -375 -418 -933 -285 -333 -320 
176 0 -950 0 0 0 300 0 -333 
525 0 -200 0 0 0 0 0 0 
124 -133 -422 -333 0 0 -857 633 366 
-1960 0 633 0 0 0 -1066 533 633 
-533 0 -266 0 0 0 0 -166 0 
-15 -180 -333 0 0 0 -466 -166 -400 
69 0 -1720 0 0 -300 0 0 -2560 
450 0 -600 0 0 0 0 0 -1100 
-220 -600 -734 -100 -933 0 -375 0 -2051 
-570 0 0 -310 0 0 -87 0 0 
-424 0 0 -236 5 -318 100 0 379 
-327 0 0 -351 -100 0 -237 -244 -618 
-1346 -1915 0 -603 -900 0 -1050 0 0 
-546 -1314 0 -246 17 225 45 0 472 
-535 -145 0 21 75 0 -361 -916 -289 
-275 660 -1422 -259 66 -847 -144 0 -577 
-224 240 -883 15 -55 -581 57 66 -400 
-143 472 -704 -387 1100 -169 -277 1538 -1281 
-281 -602 165 -166 -273 -215 78 -287 -700 
-325 -377 -225 -52 190 63 282 685 92 
-29 -35 272 -128 -137 -215 -44 27 -336 
-548 -854 -146 -462 -551 98 -650 -140 275 
-240 -335 -113 -100 807 511 451 360 414 
-20 69 163 -345 -36 378 -215 292 100 
-560 -722 -683 -207 -343 -790 -189 -540 -589 
-400 -445 -631 -225 236 -55 15 -285 -122 
-139 82 -325 -379 234 26 -535 -479 -597 
44 0 -634 -433 0 -200 -66 -200 -514 
45 0 -185 1200 636 413 475 630 571 
306 11 154 -100 0 166 216 -220 -362 
-233 0 -33 0 0 0 0 -100 0 
-325 766 48 1366 83 233 1000 600 333 
400 450 -66 -333 66 0 833 -452 -400 
117 93 -1076 620 433 -1711 933 -85 -1004 
168 116 -444 974 198 -21 1278 -84 -517 
382 315 -280 50 -574 261 300 -1042 -1107 
249 0 0 -33 0 0 -49 0 0 
-73 0 0 -338 142 0 -107 0 850 
152 0 0 -153 -466 0 -65 -53 150 
224 -371 0 -633 0 0 -939 -800 0 
-40 314 0 -342 459 -233 -180 -433 0 
57 -940 0 0 -433 0 -456 362 216 
306 428 -121 400 0 -483 135 160 -633 
171 0 -382 476 322 -291 -20 800 -545 
219 764 -93 181 600 100 -61 154 -527 
463 308 200 -54 25 -366 198 -56 375 
178 58 600 212 133 557 -33 -760 150 
271 459 -173 -60 -82 -150 -305 -174 52 
139 150 260 189 760 0 400 -436 150 
-135 48 300 -48 788 -690 616 -600 -866 
156 537 175 -509 16 1109 -556 -10 -408 
470 423 349 194 80 828 -287 -450 98 
130 110 147 52 571 -15 16 -920 -633 
118 353 238 -440 149 141 -810 -320 -770 
211 0 115 -200 0 -366 200 0 -360 
206 0 -800 164 -171 350 68 0 63 
468 -170 -49 -140 0 0 146 678 -664 
-220 0 240 566 0 0 250 1066 1700 
-155 0 436 -160 424 2057 100 751 276 
295 85 1021 -433 1155 0 735 837 319 
50 -380 -190 55 257 -1041 -342 -34 -1041 
-129 -466 -170 336 -69 -346 172 -622 -448 
238 -120 307 -43 -268 -329 208 -717 -906 
-88 0 0 0 0 0 0 0 0 
264 0 0 -255 -425 0 300 0 0 
29 0 0 300 0 0 -240 533 919 
-300 0 0 0 0 0 0 0 0 
-233 0 0 0 0 0 0 0 0 
0 0 0 0 0 0 0 0 0 
-235 0 0 0 0 0 0 0 0 
-102 0 0 142 -25 0 -33 0 0 
33 0 0 -66 -133 0 226 0 -660 
498 71 1033 0 133 0 0 0 0 
441 218 0 -250 414 0 0 0 0 
195 490 0 1000 133 0 -22 459 0 
0 1111 0 0 0 0 0 0 0 
66 125 0 0 0 0 0 0 0 
0 200 0 0 0 0 0 0 0 
365 361 0 0 433 0 0 0 0 
-193 53 0 100 155 -33 0 0 0 
87 -80 0 0 0 -266 300 -66 -1060 
1316 0 -400 0 0 0 -500 0 0 
355 0 -833 433 220 0 0 162 0 
838 0 -200 0 0 0 828 173 -33 
360 0 833 0 0 0 0 0 0 
-233 0 0 0 0 0 0 0 0 
66 0 0 0 0 0 -66 33 0 
514 0 -666 0 0 0 0 33 0 
262 0 -450 0 33 233 733 166 0 
-400 0 260 0 0 0 -66 133 -33 
127 0 0 90 0 0 120 0 0 
143 0 0 283 478 108 583 0 850 
172 0 0 139 533 0 295 425 -208 
-233 0 0 87 0 0 0 0 0 
68 0 0 -38 -1266 -266 60 0 0 
166 0 0 -850 0 0 133 0 -504 
-247 0 0 -115 0 0 84 0 0 
-89 0 0 65 -210 -336 334 0 -250 
-79 0 0 -577 -1525 0 112 466 -756 
314 160 1175 221 336 1100 708 -566 0 
441 66 382 581 1270 988 1950 0 1750 
391 -133 333 539 981 40 435 627 510 
580 -83 0 -933 666 -66 0 0 0 
136 100 900 153 1574 1885 1433 622 266 
-303 222 466 -26 -44 0 -73 -55 -490 
192 -334 1033 -171 90 933 -275 -333 0 
212 -164 466 376 1727 -15 1700 -300 1381 
189 163 1100 452 209 500 -123 -383 91 
245 -966 -420 833 0 -100 740 -280 566 
406 166 70 1619 523 1039 831 50 680 
554 0 -108 240 0 690 187 101 -200 
-500 0 0 0 0 0 0 0 0 
431 0 828 862 1440 640 1975 -433 428 
0 0 -600 0 0 333 -555 -416 -947 
564 0 -832 -100 1250 1575 -200 -33 -633 
255 92 93 2270 1043 1446 536 720 -106 
823 0 -375 800 1800 1075 769 183 -957 
376 0 0 -381 0 0 504 0 0 
302 0 0 116 695 -200 549 0 333 
328 0 0 -993 -66 0 266 557 248 
-97 0 0 320 0 0 100 0 0 
-121 0 0 -218 428 -433 145 0 333 
-411 0 0 -760 0 0 -45 -275 74 
389 0 0 550 0 0 326 0 0 
130 0 0 170 677 -400 264 0 325 
193 0 0 -180 -166 0 149 -24 68 
761 474 633 433 1473 -133 1516 995 0 
534 159 125 400 814 -459 1620 114 0 
590 404 -100 -731 -268 -312 -297 186 -841 
316 664 -66 -133 1560 0 0 2000 0 
-76 112 0 33 1346 -200 0 -233 1000 
149 693 0 -200 -366 1133 -1226 110 -632 
1080 652 0 0 2142 0 0 -766 0 
946 47 0 742 872 0 0 0 0 
723 317 -200 -400 -300 0 800 204 -500 
551 0 -116 1888 0 -33 1022 444 71 
318 0 465 830 692 1000 939 -45 428 
311 0 223 -485 -100 533 413 -2 -390 
-88 0 66 0 0 0 -160 853 0 
174 0 275 830 1155 914 421 336 466 
145 0 733 -166 0 0 315 395 68 
726 321 387 171 975 666 1360 435 -966 
232 255 700 848 975 526 919 76 368 
315 661 190 -46 -629 -101 84 6 -705 
35 0 0 0 0 0 0 0 0 
50 0 0 -312 0 0 -533 0 0 
70 0 0 -166 0 0 -53 0 0 
-563 524 0 0 0 0 0 0 0 
-302 452 0 -75 1433 0 0 -166 0 
-5 609 33 -33 66 0 -540 308 0 
-78 0 600 0 0 0 0 0 0 
-169 0 266 675 -200 266 0 0 0 
-33 0 -766 0 0 0 220 -366 -500 
1042 508 666 0 733 0 0 -550 0 
-509 25 200 966 114 0 0 0 0 
157 -30 0 0 0 0 366 -657 0 
105 1237 0 0 2666 0 0 2525 0 
1021 373 950 933 1401 0 -100 0 1033 
-37 516 0 0 533 0 0 820 0 
1257 458 166 0 1025 400 0 0 0 
462 -610 -633 -700 485 -466 0 0 0 
500 0 0 566 -33 -500 -300 -33 33 
-480 0 2033 0 0 0 -275 566 0 
-322 0 -866 -325 -100 -33 -700 771 300 
-36 0 366 0 0 0 -276 363 -200 
1102 572 2088 0 366 0 2380 1309 1025 
-211 700 225 300 1462 833 -600 307 -266 
138 1000 2700 0 -600 0 650 756 925 
1026 0 233 0 0 0 1366 333 1733 
0 0 0 0 33 0 100 -457 866 
933 0 700 0 0 0 300 -666 0 
-245 0 0 53 0 0 366 0 0 
68 0 0 136 170 400 212 0 135 
16 0 0 -385 -166 0 187 0 -352 
-493 42 -866 -230 484 100 0 447 0 
-121 161 -240 127 483 -566 371 311 468 
-436 235 0 -335 268 0 2 481 -411 
-258 0 400 208 0 1171 -400 0 0 
-27 0 271 330 -246 159 425 0 84 
119 0 -66 -478 -1400 0 188 350 -635 
-53 -180 -133 70 141 100 400 436 500 
19 70 57 75 480 -139 -30 0 -105 
150 47 -450 -289 22 -266 104 -4 -135 
-137 38 1361 -95 464 700 840 826 1142 
118 -116 327 60 1254 470 160 438 351 
74 -11 120 275 740 100 -90 676 34 
-131 -636 233 -422 7 20 -771 -380 -133 
95 -534 573 368 238 473 556 -600 948 
-98 -733 666 342 -457 173 -336 -687 -614 
-82 0 -400 641 0 1033 -735 -25 0 
104 0 -102 836 57 772 408 261 518 
283 0 117 987 0 233 -213 -425 -263 
478 -1033 1080 1177 -306 700 745 1294 1525 
222 94 229 1172 1256 772 869 50 350 
-372 -575 -314 -733 2048 -200 -135 34 -329 
109 -500 -135 -160 157 200 185 285 -300 
-211 0 -54 1314 271 404 1028 -280 300 
282 -333 -620 300 301 545 153 -581 -369 
205 0 0 -45 0 0 30 0 0 
45 0 0 -84 549 666 623 0 160 
116 0 0 -843 -300 0 34 215 -221 
95 860 428 -153 670 0 228 578 -333 
-108 623 -200 427 549 600 640 153 1133 
14 586 -666 -373 634 0 42 377 362 
873 0 1500 413 0 433 481 0 900 
303 0 625 478 78 66 602 0 -173 
463 0 81 100 -33 166 97 -316 49 
466 141 966 68 140 0 1000 106 0 
36 12 413 -3 1 -285 880 140 500 
194 352 500 -313 -261 20 -536 -45 -307 
392 680 -819 -40 1050 -366 -57 1000 266 
-152 29 133 585 1026 1500 33 -137 371 
62 388 0 857 719 1220 -764 531 -29 
600 -728 -100 0 -233 0 0 500 0 
2057 633 633 0 -55 1600 0 -1100 0 
525 -1022 0 0 -720 -633 900 -200 1615 
398 0 465 85 0 20 187 93 16 
394 0 200 370 388 10 -26 103 56 
516 0 679 -250 -133 66 13 126 -43 
711 347 770 277 767 980 988 787 730 
362 214 878 839 821 780 518 -55 -278 
504 886 719 -31 329 -66 405 215 7 
446 -25 298 0 364 375 617 75 1333 
-50 116 212 416 -125 -124 695 -483 123 
273 269 283 504 -321 -193 491 -307 -763 
-277 0 0 0 0 0 0 0 0 
57 0 0 82 -100 -233 -350 0 0 
-12 0 0 125 0 0 -134 0 -584 
-600 -200 0 0 0 0 0 0 0 
-33 -466 0 800 -33 0 0 0 0 
33 -66 0 0 0 0 -366 -33 0 
-713 -740 -983 0 0 0 0 0 0 
-404 -327 358 -25 190 50 25 0 0 
-148 900 164 -85 -66 0 200 0 -900 
122 451 0 0 -100 0 0 111 0 
148 500 100 152 -28 100 0 0 0 
-92 674 266 0 0 0 -400 250 -933 
-276 -1326 0 0 0 0 0 -733 0 
-771 323 0 -133 0 0 0 0 0 
560 -107 0 0 -433 0 0 0 0 
-1068 -664 -2450 -1707 -730 -200 0 -1588 0 
-279 -411 -566 -209 -420 1342 266 0 0 
-458 14 511 -1033 150 0 -1166 -250 -971 
-185 0 -900 0 0 0 -275 40 0 
121 0 -540 -100 500 0 142 233 0 
370 350 -150 0 -33 0 130 -385 -500 
-1400 0 0 -633 0 0 0 -2500 0 
-300 0 0 0 -1500 0 0 -300 0 
-166 380 0 0 0 0 0 -450 0 
-258 100 -1252 0 0 -233 -2242 -326 -1669 
-127 0 -213 454 -665 -366 -588 -925 -1303 
-208 -739 -431 133 -819 0 -156 -616 -704 
-45 0 0 -9 0 0 693 0 0 
27 0 0 168 423 245 361 0 410 
106 0 0 -2 300 0 85 173 -151 
528 -750 0 -371 0 0 -33 0 0 
-387 -833 0 -341 -314 66 -443 0 33 
-666 200 0 -300 -66 0 270 -233 -171 
-358 -804 -405 -82 176 94 -46 0 -475 
-201 -108 25 14 82 -5 244 -300 237 
-181 -26 123 -403 -32 363 -22 279 -617 
29 -80 241 186 20 980 233 226 225 
135 30 188 298 729 652 759 400 1321 
263 298 462 185 447 1000 155 212 174 
-556 -1645 -800 -1705 -747 -525 -1800 -963 100 
-237 -333 103 -275 853 1158 -1200 212 720 
174 36 -700 -752 -72 1880 -225 175 236 
-986 -653 -1007 -942 -496 -1000 -618 -927 340 
-589 -401 -664 -463 351 -283 124 -116 262 
-361 -128 -29 -576 118 -475 -712 -71 -877 
-172 66 -109 73 0 -186 181 60 850 
190 300 134 889 400 747 298 130 486 
532 -254 -57 337 305 -258 107 370 267 
-100 0 0 33 0 0 -400 -200 -640 
-266 -1285 -33 166 -440 433 -1545 -1091 106 
-819 133 0 -600 955 0 -1431 -537 -432 
-216 -224 -1198 -20 -218 -1568 -785 -651 -1989 
176 -142 -312 790 81 294 525 -860 -578 
235 -595 -354 1137 677 319 98 -292 -1009 
341 0 0 -115 0 0 304 0 0 
131 0 0 2 789 -430 515 0 1090 
349 0 0 -402 -120 0 220 529 363 
-253 -200 0 -250 0 0 -542 433 0 
-149 -942 0 -628 129 0 -1142 -700 100 
-282 -54 0 -800 -233 0 -588 -512 -200 
300 509 291 142 180 -19 58 -521 117 
-7 125 -384 41 336 -136 59 -114 105 
207 537 384 -427 -547 -60 69 189 264 
559 312 220 190 538 360 1163 240 0 
205 325 854 43 409 511 -100 766 0 
647 515 800 0 116 -166 130 212 -262 
-488 -276 -750 -500 540 -66 -459 -684 0 
-120 -240 -500 -780 659 57 0 220 33 
-148 217 833 466 -325 433 453 -37 -351 
-22 75 -414 -1271 186 -1095 -568 204 -1555 
-677 -64 -531 -741 452 -40 266 -538 -57 
-315 232 233 -880 113 -265 -420 355 -1123 
249 0 148 144 0 400 364 239 568 
598 500 543 498 1138 774 375 358 419 
811 270 510 40 805 220 349 377 299 
-1400 300 0 200 0 0 387 -341 -32 
-762 -225 200 -300 214 1025 59 -293 -55 
-110 906 40 -466 533 0 -116 54 -227 
320 -37 -521 395 176 -296 225 -156 -675 
56 36 -72 492 210 0 291 -338 -737 
381 445 419 300 10 -257 188 62 -942 
1904 0 0 0 0 0 0 0 0 
1243 0 0 1378 2068 1100 1538 0 233 
1508 0 0 3723 0 0 1307 1475 1593 
0 0 0 0 0 0 0 0 0 
0 0 0 0 0 0 0 0 0 
0 0 0 0 0 0 0 0 0 
0 0 0 0 0 0 0 0 0 
0 0 0 0 0 0 0 0 0 
0 0 0 0 0 0 0 0 0 
-800 66 0 0 0 0 0 0 0 
-200 -400 0 233 1166 0 0 0 0 
706 533 0 0 0 0 200 0 -300 
0 0 0 0 0 0 0 0 0 
0 0 0 0 0 0 0 0 0 
0 0 0 0 0 0 0 0 0 
0 0 0 0 0 0 0 0 0 
0 0 0 0 0 0 0 0 0 
0 0 0 0 0 0 0 0 0 
456 66 573 0 0 0 0 0 0 
264 -125 -431 462 -538 -125 -1000 0 0 
127 233 75 900 0 0 266 66 -657 
0 0 0 0 0 0 0 0 0 
0 0 0 0 0 0 0 0 0 
0 0 0 0 0 0 0 0 0 
0 0 0 0 0 0 0 0 0 
0 0 0 0 0 0 0 0 0 
0 0 0 0 0 0 0 0 0 
200 0 0 340 0 0 566 0 0 
512 0 0 857 1065 672 1200 0 233 
28 0 0 -94 -1300 0 563 400 -324 
0 0 0 0 0 0 0 0 0 
0 0 0 0 0 0 0 0 0 
0 0 0 0 0 0 0 0 0 
0 0 0 0 0 0 0 0 0 
0 0 0 0 0 0 0 0 0 
0 0 0 0 0 0 0 0 0 
-907 -740 0 -1050 -1220 0 -440 -700 0 
592 1916 -100 648 1912 666 3700 0 366 
-190 -1166 0 -1303 -971 0 -1377 -2148 -359 
0 0 -366 -666 -666 0 -1066 0 800 
-547 566 1800 1998 2036 1185 1657 0 966 
-100 0 200 -1488 -400 100 -757 -266 -1315 
0 0 0 0 0 0 0 -300 0 
0 0 0 0 3966 0 0 0 0 
100 0 0 100 0 0 -433 0 0 
-209 0 593 -257 -500 120 600 0 550 
-36 -175 247 1250 1885 1097 2490 0 1835 
360 0 -604 -1023 0 8 757 0 -1509 
0 0 -66 0 0 0 0 0 0 
0 0 -266 0 0 1881 0 0 275 
0 0 266 0 0 66 0 0 -1485 
233 0 0 0 0 1066 0 0 0 
0 33 0 3221 1900 1923 0 0 466 
0 0 -233 0 0 133 0 0 -1700 
968 0 0 1233 0 0 1164 0 0 
1325 0 0 431 2547 -400 2543 0 3105 
891 0 0 171 -708 0 1193 1932 1625 
0 0 0 0 0 0 0 0 0 
0 0 0 0 0 0 0 0 0 
0 0 0 0 0 0 0 0 0 
0 0 0 0 0 0 0 0 0 
0 0 0 0 0 0 0 0 0 
0 0 0 0 0 0 0 0 0 
396 844 0 -333 -133 0 -57 -600 0 
-16 1062 0 100 1470 0 1022 200 133 
-172 388 666 -1411 -272 0 -1459 -1700 -325 
0 0 0 0 0 0 66 0 0 
66 766 0 0 2053 0 0 -300 0 
-1433 -1233 0 -433 -333 0 -4422 -1620 -1033 
0 0 0 0 0 0 0 0 0 
0 666 0 0 800 0 0 0 0 
0 -533 0 0 0 0 0 -233 0 
258 600 1200 -62 0 -33 298 0 -261 
510 -111 1612 1346 1338 2236 1254 700 1525 
266 342 206 -1468 -2764 -233 -28 714 -773 
0 0 533 0 0 0 0 0 0 
0 0 0 -1466 133 0 133 -200 233 
66 0 -1433 -700 133 0 533 566 -3200 
-433 0 0 0 0 0 0 -400 0 
2400 533 633 2313 2330 860 2066 0 -166 
345 166 333 -1175 466 0 -1648 -1923 -416 
1234 0 0 0 0 0 0 0 0 
650 0 0 930 2425 -33 1457 0 0 
1006 0 0 633 0 0 480 0 1090 
1862 2600 880 0 0 0 0 0 0 
824 1400 633 30 360 0 0 0 0 
1200 2036 900 633 0 0 923 933 2100 
3228 0 1066 0 0 0 0 0 0 
666 0 0 66 0 0 0 0 0 
1040 0 0 0 0 0 666 0 66 
1109 266 0 0 0 0 0 0 0 
85 220 -257 500 866 0 -900 0 0 
866 0 0 0 0 0 -266 -33 0 
100 1400 0 0 0 0 0 0 0 
333 0 0 0 0 0 -900 0 0 
-433 -66 0 0 0 0 0 0 0 
0 0 0 0 0 0 0 0 0 
0 0 0 0 0 0 0 0 0 
0 0 0 0 0 0 0 0 0 
325 -33 690 0 0 0 0 0 0 
180 0 -566 380 -66 -233 0 0 0 
427 0 -293 0 0 0 433 0 -800 
1074 2600 700 0 0 0 0 0 0 
146 0 -333 725 -66 233 0 0 0 
-295 1060 800 200 0 0 475 33 0 
0 0 0 0 0 0 0 0 0 
0 0 0 0 0 0 0 0 0 
0 0 0 0 0 0 0 0 0 
-21 0 0 -229 0 0 -166 0 0 
-16 0 0 127 -284 -160 925 0 0 
-330 0 0 -133 133 0 53 366 -185 
59 -75 233 -215 500 0 0 0 0 
81 -260 0 321 400 475 0 0 0 
-70 133 0 -300 675 333 509 0 -688 
0 0 0 -566 0 0 0 0 0 
-100 0 -66 511 0 -300 0 0 0 
0 0 0 833 0 0 0 0 -300 
-368 100 0 -320 -459 0 100 0 0 
-46 475 112 104 381 205 100 0 2066 
-439 233 0 -1314 -571 0 -591 -1266 -1887 
184 233 -342 0 -666 -150 66 66 133 
-436 0 -22 556 1546 1400 1233 0 -666 
-84 166 260 -1175 -400 220 -363 -466 -748 
-200 0 0 0 0 0 0 0 0 
0 0 -266 100 500 420 0 0 -200 
-333 0 0 0 0 0 300 0 0 
-411 0 25 174 0 -642 0 0 -333 
-56 0 -220 121 200 -34 266 0 0 
76 66 -130 -600 -66 555 533 0 -753 
400 33 -914 -575 -233 33 0 0 0 
1236 0 -675 1109 666 306 0 0 0 
0 0 940 -166 0 800 0 0 -900 
66 0 -200 -366 -200 100 0 0 -200 
0 0 -300 0 0 -61 0 0 0 
0 0 0 0 0 233 0 0 0 
654 0 0 -866 0 0 474 0 0 
577 0 0 15 646 -66 951 0 -100 
490 0 0 -547 -542 0 505 490 498 
771 1522 100 466 133 0 1190 166 33 
709 1307 0 124 1131 0 1061 -33 33 
678 942 500 -518 -762 0 617 1139 70 
647 0 0 0 0 0 266 0 0 
1114 0 0 -900 0 0 -33 0 0 
364 0 0 0 0 0 -440 0 0 
123 447 0 0 -166 0 360 580 0 
-269 563 -44 684 1135 2700 -177 100 777 
-37 160 0 -1142 490 0 -292 -476 800 
44 -466 0 0 -833 0 0 300 100 
314 0 400 600 3130 0 0 0 575 
520 -666 -500 66 -150 0 -653 -1177 -466 
0 0 0 0 0 0 0 0 0 
-66 0 633 1533 0 833 933 0 66 
0 0 0 0 0 0 0 0 0 
224 133 813 375 0 133 97 0 66 
-59 -166 -200 235 221 376 538 -166 -527 
395 466 424 -358 -760 0 -42 1116 -570 
738 1600 1333 533 366 0 866 -400 -225 
521 0 66 1018 827 580 -400 -666 0 
369 75 -1342 -50 -1155 333 -37 -494 -1010 
-1366 233 325 0 0 0 0 0 0 
-80 0 -625 1420 244 1000 0 0 0 
-40 0 33 -366 -966 0 -771 -100 -814 
1519 0 0 0 0 0 0 0 0 
610 0 0 926 1675 0 1025 0 500 
1094 0 0 1833 0 0 787 1100 1114 
2709 0 0 0 0 0 0 0 0 
1260 0 0 0 0 0 533 0 0 
1266 0 0 0 0 0 0 0 0 
1349 866 1800 0 0 0 0 0 0 
628 -33 306 384 166 33 -66 0 -200 
916 0 1650 0 0 0 276 0 1800 
800 0 0 0 0 0 0 0 0 
-233 -33 0 0 100 0 0 0 0 
-533 0 0 0 0 0 533 0 -166 
0 0 0 0 0 0 0 0 0 
0 0 0 0 0 0 0 0 0 
0 0 0 0 0 0 0 0 0 
466 0 0 0 0 0 0 0 0 
433 0 0 0 266 0 0 0 0 
0 0 0 0 0 0 0 0 0 
259 0 64 0 0 0 0 0 0 
185 0 77 -189 800 -300 0 0 0 
378 0 66 200 0 233 254 1100 -750 
233 0 0 0 0 0 0 0 0 
0 0 0 0 0 0 0 0 0 
0 0 0 0 0 0 0 0 0 
200 0 236 0 0 0 0 0 0 
837 0 -800 1966 -100 -300 0 0 0 
447 0 -350 0 0 0 0 0 0 
-85 0 0 122 0 0 -200 0 0 
153 0 0 409 921 1142 -366 0 300 
-260 0 0 533 266 0 286 0 -212 
-200 0 0 0 0 0 0 0 0 
0 0 0 2100 0 0 0 0 0 
366 0 0 866 0 0 0 0 0 
38 0 0 -13 0 -166 0 0 0 
-77 0 200 117 275 -27 0 0 0 
500 0 300 100 0 1600 -105 0 -175 
-569 700 -33 -828 1066 200 125 0 0 
76 966 0 -302 757 666 0 0 33 
225 0 0 -157 -1066 0 -92 -925 -1100 
566 0 -181 0 0 -266 0 0 -300 
244 566 -257 1564 2500 709 666 0 -466 
466 0 -300 -100 0 300 -2666 0 -104 
-200 0 -860 0 0 233 0 0 0 
780 266 1833 125 2750 2171 0 0 1233 
500 0 -166 0 0 133 300 200 -914 
-187 0 -525 115 0 -392 0 0 0 
-95 0 -446 -26 -90 -134 88 0 -457 
-127 0 -95 -622 33 -150 -400 -675 -369 
0 0 0 0 0 0 0 0 0 
0 0 0 0 0 0 0 0 0 
433 0 0 0 0 0 -66 66 0 
781 0 -500 -900 0 -375 0 0 -400 
-425 0 -831 1085 280 835 100 0 -400 
-166 0 -771 -25 666 -800 233 0 -1194 
705 0 0 300 0 0 949 0 0 
500 0 0 185 1453 -66 1128 0 1066 
616 0 0 139 496 0 573 1450 715 
980 0 0 0 0 0 733 0 0 
560 0 0 533 1733 0 1566 0 0 
1314 33 0 0 -166 0 786 0 0 
539 825 1147 -100 0 466 722 100 500 
308 233 -733 360 658 -720 1345 0 -333 
521 890 919 -57 180 0 515 1000 335 
-85 1494 200 0 133 0 542 600 0 
83 400 0 420 -111 0 -1150 -200 0 
70 -1600 0 0 0 0 74 -380 0 
0 733 0 0 0 0 0 233 -40 
0 766 0 0 1900 0 266 0 -100 
-500 0 0 0 0 0 100 0 -685 
0 0 0 0 0 0 0 0 500 
0 -100 0 1000 766 0 300 0 533 
666 166 0 0 0 0 -33 0 -133 
433 433 357 123 0 -133 425 0 -275 
135 -33 345 670 1020 1131 841 0 1228 
137 1828 528 8 -28 -100 101 -1190 -697 
100 0 0 0 0 0 233 0 0 
-433 0 0 733 200 0 133 0 0 
233 0 933 -433 -333 0 -233 -300 -133 
-136 1500 104 675 133 0 250 0 -300 
77 1100 -200 5 1371 383 459 -200 33 
186 1672 362 0 -840 166 313 -729 -1032 
173 0 0 0 0 0 0 0 0 
34 0 0 450 525 533 333 0 0 
-68 0 0 333 0 0 101 333 200 
233 0 0 0 0 0 0 0 0 
-182 0 0 -219 1600 666 0 0 0 
-145 0 0 0 0 0 333 0 -133 
0 0 0 0 0 0 0 0 0 
0 0 0 0 0 0 0 0 0 
-633 0 0 0 0 0 0 0 0 
-446 160 0 -166 -166 -1200 0 0 0 
-1120 -200 0 -466 100 -1053 0 0 0 
-943 1000 0 0 -166 290 333 0 -919 
-485 360 0 0 0 0 0 0 0 
-1025 -628 0 -1266 1366 -1160 0 0 0 
-341 166 0 0 0 -125 0 0 -1033 
-225 -400 0 500 0 -1066 0 0 0 
1533 266 0 0 0 -400 0 0 0 
0 0 0 433 0 180 200 0 -100 
-278 0 -473 0 0 0 0 0 0 
-3 0 -545 -1450 0 -520 0 0 0 
-120 -200 -269 0 0 -100 885 -100 200 
-488 -66 -363 0 0 -566 -100 0 0 
-72 0 -107 -566 66 -880 0 200 0 
-393 -300 -306 0 0 0 33 -100 -311 
0 0 -1692 0 0 100 0 0 0 
0 0 -466 0 0 -33 0 0 0 
0 0 44 0 0 0 0 0 -133 
-334 0 0 -391 0 0 535 0 0 
-291 0 0 -216 -63 -705 406 0 4800 
-272 0 0 -763 -1300 0 -138 -50 -811 
-324 0 0 -184 0 0 566 0 0 
-147 0 0 -106 19 0 288 0 1000 
-54 0 0 -141 50 0 -169 -33 -595 
295 0 0 133 0 0 1400 0 0 
-21 0 0 -45 548 -33 925 0 266 
193 0 0 -740 333 0 0 -366 -957 
-568 516 0 -436 14 -447 -1325 -1366 0 
-448 -359 0 -240 749 -136 -60 433 0 
-347 -418 0 -720 -538 -60 -695 -1506 -603 
-763 -369 -390 -1550 1075 -180 775 200 -584 
-441 -59 -143 -157 809 58 25 -110 785 
-165 -600 -377 -603 -553 -125 -767 -696 -861 
-2766 -33 0 -133 -700 -275 0 0 0 
-578 -200 0 -46 345 -266 -100 0 0 
-150 -733 0 -707 -1600 -47 -1355 -66 -662 
-763 -433 -754 -714 0 -746 -186 0 -2123 
-553 -733 -487 282 711 -203 743 -352 189 
-464 0 -258 -866 0 -475 -194 -1072 -796 
-1900 0 -548 -666 0 -2725 33 0 -933 
-740 -500 -348 -1090 -82 -16 766 0 566 
200 -466 -108 -300 0 -700 -100 733 -821 
-271 66 -740 66 0 233 -60 0 0 
-71 33 -569 1211 1436 -355 100 100 -180 
217 -300 -446 0 0 433 -400 -66 -1241 
-94 0 0 -100 0 0 -100 0 0 
-148 0 0 -329 176 -514 4 0 -66 
-157 0 0 -593 -486 0 -253 138 -560 
303 0 0 242 0 0 -45 0 0 
7 0 0 -19 948 733 522 0 720 
193 0 0 -287 -271 0 60 472 107 
0 0 0 0 0 0 485 0 0 
-233 0 0 200 1100 0 400 0 233 
230 0 0 377 -466 0 250 -100 350 
-288 292 0 -1285 -133 -1100 575 -200 0 
-301 76 0 122 141 44 0 -216 0 
-308 -300 200 -562 -970 -131 -1313 -996 -590 
-1053 -290 0 -166 0 0 0 333 -1266 
31 -54 0 337 844 294 -660 800 -166 
-154 -179 -553 -750 -116 -714 -1590 -1405 -935 
433 0 0 -766 -66 0 0 0 0 
-66 366 0 506 1366 1253 -100 0 0 
340 -140 0 177 -955 233 -1781 -2600 -436 
-151 -1371 -580 -668 0 -1350 -322 0 -643 
-551 -220 -359 -450 -260 -218 -165 -366 -509 
-337 -710 -28 -1660 -1123 0 -558 -1080 -1235 
409 0 -102 -911 0 -633 -100 0 -566 
-167 -433 -92 650 317 754 340 166 -376 
-60 -600 57 -1425 -300 -533 -362 -695 -1616 
580 -400 -400 0 0 -1033 -175 0 200 
-271 -166 -1075 229 -87 -158 -107 666 -1533 
-283 -100 283 -33 0 17 -548 -180 -1248 
422 0 0 0 0 0 0 0 0 
63 0 0 3 -666 266 -60 0 0 
59 0 0 140 0 0 169 100 171 
795 905 1090 0 0 0 0 0 0 
264 -38 175 137 957 -919 2200 0 0 
303 -414 -107 1057 666 0 231 -200 90 
500 0 933 0 0 0 0 0 0 
250 0 0 133 0 0 0 0 0 
0 0 -533 0 0 0 533 0 0 
324 -571 0 387 0 1566 -33 0 0 
81 -140 -171 -224 433 -560 0 0 0 
-18 -20 0 -260 0 633 -1050 0 -233 
563 2259 0 2100 2575 697 -33 233 0 
195 831 914 705 2366 1397 -200 0 1133 
184 768 0 1212 2389 1200 433 459 1932 
1288 0 -800 333 0 850 0 0 0 
80 0 0 400 0 -33 0 0 0 
-300 0 0 0 0 100 0 0 1033 
92 66 -209 0 0 -500 0 0 0 
-192 0 -666 925 0 -260 -33 0 0 
-143 66 251 0 0 0 -60 0 1428 
1073 1736 889 0 0 2784 1693 900 1822 
409 -300 50 977 800 -800 675 0 200 
269 1153 330 0 0 0 305 1685 974 
1090 0 1894 0 0 -66 0 0 0 
-233 0 -280 66 0 400 0 0 0 
-333 0 733 0 0 0 -66 0 66 
-272 0 0 -250 0 0 315 0 0 
-297 0 0 -229 -374 -478 490 0 757 
-184 0 0 -480 -411 0 -165 -493 -645 
-296 -201 -894 -152 -290 -750 45 262 -275 
-199 -313 -746 -4 -36 -210 568 100 342 
28 303 -231 -77 -213 327 43 -34 -359 
886 0 300 1075 0 40 700 0 133 
179 0 750 395 -138 353 -485 0 -633 
555 0 600 -100 0 260 833 0 -209 
-292 -250 0 -382 -326 -72 -427 -800 0 
-647 -275 -352 -353 -251 -340 -123 0 -644 
-450 -616 0 -278 -408 -276 -670 -1098 -1057 
-288 505 -71 -225 596 89 -307 396 -230 
-397 -250 -345 -50 956 -106 -9 212 -136 
-79 -77 -99 -33 843 282 -387 -18 -238 
-800 -133 -466 684 81 158 0 0 0 
-335 -575 -706 130 444 -163 -33 0 30 
-322 -300 -100 808 289 343 -642 -800 -238 
-577 -733 -388 -166 0 -324 -178 100 -520 
-697 -580 -490 257 319 -321 49 133 -390 
-264 -1111 -348 -1177 0 -888 -6 -327 -505 
316 823 -62 -317 277 -206 1216 1159 -487 
301 41 -318 971 966 -212 1420 137 125 
645 196 -88 0 -466 936 932 -128 -415 
530 -200 -83 33 133 773 -76 -200 1016 
210 66 -472 118 225 65 300 -66 -262 
73 280 -38 0 600 780 625 40 -537 
129 0 0 -812 0 0 -28 0 0 
-76 0 0 -88 132 -455 124 0 -360 
-58 0 0 -405 -511 0 -144 -135 -368 
394 244 514 123 725 -166 162 -221 -514 
191 -231 -47 105 480 -244 365 300 408 
208 56 367 -179 -174 0 76 167 36 
604 0 140 333 0 0 377 0 966 
357 0 -33 1260 380 900 133 0 233 
648 0 432 460 0 0 147 333 170 
15 266 0 -442 400 1650 -100 -127 0 
-397 -16 -210 -179 -195 -507 -9 -1066 -722 
-287 -262 433 -436 -470 -174 -788 -504 -1003 
235 1006 375 1168 2061 724 287 2448 -400 
-186 292 664 103 1119 574 -90 -248 -652 
-135 363 266 -320 558 846 -718 -123 -149 
-466 0 466 575 140 20 0 200 0 
-25 0 -266 14 363 -58 275 -400 -955 
416 -28 1033 400 -36 825 -483 -600 534 
-71 -276 193 149 700 -36 -320 -450 -320 
-242 -29 -256 -52 -407 -293 -203 -125 -501 
-166 -544 -70 -742 -314 0 -295 -593 -771 
1018 1114 698 595 1600 852 1091 1331 444 
283 491 18 1030 825 520 910 560 -96 
614 970 481 -32 115 360 621 268 -180 
919 57 922 80 0 763 517 233 1000 
-19 -100 1 270 -141 -248 562 100 -279 
319 600 468 60 -1365 -274 -152 -675 -762 
66 0 0 0 0 0 0 0 0 
-89 0 0 33 0 0 -33 0 0 
203 0 0 0 0 0 295 -166 0 
-217 -1200 0 0 0 0 0 0 0 
418 -66 0 -1222 540 1633 0 0 0 
-206 -466 0 1266 0 0 -111 466 1246 
579 233 -238 0 0 0 0 0 0 
312 0 -427 577 -133 -507 0 0 0 
-151 0 -572 300 0 0 -260 366 -487 
198 -1120 0 128 -100 933 666 0 0 
-9 -325 0 63 225 72 566 0 0 
176 433 0 171 400 -300 -100 0 200 
-869 -1700 0 -1466 0 150 0 0 0 
275 -355 0 -1050 500 114 0 0 0 
54 -200 0 -500 0 500 0 0 -166 
-1212 -1311 -17 -1737 -685 -1230 400 433 0 
-1073 -2155 -580 -444 -133 -720 400 0 100 
-200 -1433 -333 900 -433 -328 -266 0 -600 
475 0 -645 0 0 -133 0 0 0 
446 333 -111 0 0 -300 0 0 0 
257 -166 33 33 0 0 -300 0 440 
325 -566 -544 0 0 0 0 300 -1200 
826 0 -42 0 400 -66 -300 -200 -366 
-36 -33 84 0 0 0 433 0 -288 
661 0 -1263 0 0 -3253 0 0 -1080 
366 0 -850 33 0 -961 0 0 -600 
75 180 -473 -175 566 0 0 0 -1369 
-138 0 0 -91 0 0 290 0 0 
-156 0 0 -23 384 10 953 0 1057 
-85 0 0 -360 566 0 93 200 -582 
-911 -1555 0 -196 -566 0 -800 -833 0 
-474 -793 0 -114 22 88 400 -100 -459 
-376 -75 0 -274 125 0 -67 80 -241 
7 800 -940 -36 300 -531 562 366 -225 
-151 76 -778 42 -58 -312 222 0 -389 
128 566 -432 -274 250 -188 -118 775 -445 
-399 -668 0 -372 -535 -293 115 950 0 
-574 -344 -266 -162 -147 -129 230 0 -733 
-271 -337 0 -108 -435 -159 -200 101 -209 
-529 -927 -53 -734 -681 -156 -95 -1285 119 
-244 -292 -350 -82 741 266 -310 150 184 
-121 -205 -204 -393 -117 577 -161 165 92 
-1004 -791 -721 -363 -447 -757 -1500 233 -1258 
-590 -524 -910 -414 30 -236 -892 -633 -605 
-389 -739 -563 -324 159 26 -550 -379 -915 
-547 -600 -291 37 0 -162 -238 0 -138 
-260 166 -411 457 176 -36 146 600 118 
-126 -411 -260 300 140 900 133 -600 -32 
-1266 -366 -53 -100 0 500 0 133 733 
-1716 -333 -140 -825 -200 866 333 -233 658 
-1085 133 -363 0 0 300 466 33 -111 
-191 1044 -794 75 0 -881 420 0 -1174 
27 342 -447 995 21 -465 1571 -100 -548 
147 -75 -61 225 -620 -98 192 -575 -1062 
274 0 0 0 0 0 57 0 0 
-220 0 0 -90 765 0 291 0 0 
-82 0 0 -193 -194 0 15 226 -44 
398 500 0 87 0 0 -76 288 0 
31 -675 0 -185 653 550 282 433 966 
57 177 0 -423 -149 0 -172 57 160 
662 300 -34 -400 -133 22 492 0 -429 
385 0 -330 -53 592 -359 528 -466 -352 
115 -342 -174 -278 -471 184 19 -33 -471 
89 -294 0 105 200 -300 117 -120 0 
-121 -240 0 393 547 40 414 175 0 
-100 -129 -466 602 510 -363 -852 -957 -283 
-305 -64 -516 -161 -66 -266 300 -1620 -466 
-113 221 -333 -149 620 -60 0 -516 -803 
-81 109 0 -783 106 546 -1297 -479 -433 
-266 -880 1023 121 -120 -592 1085 525 -616 
-417 836 -1171 -272 397 -122 -340 -333 -1252 
-148 -106 -337 -870 -25 -106 -1488 -574 -1384 
66 466 60 -416 0 0 -168 0 -191 
-233 -1000 -380 -48 -179 -80 44 -133 -254 
-22 -407 -71 -120 -416 0 -71 -651 -378 
-33 -100 476 836 0 57 480 -171 692 
-178 320 274 266 1018 737 892 485 380 
5 0 447 -40 -697 600 -389 371 -84 
164 -647 -18 666 -1142 -593 570 100 -664 
-288 25 -47 135 -34 -567 -66 -533 -959 
49 -352 139 -26 -291 -524 16 -678 -1211 
1049 0 0 0 0 0 0 0 0 
600 0 0 448 754 433 683 0 0 
598 0 0 2333 0 0 610 400 484 
-560 0 0 0 0 0 0 0 0 
-1133 0 0 -1366 0 0 0 0 0 
-400 0 0 0 0 0 0 0 -1033 
1042 0 0 0 0 0 0 0 0 
706 0 0 58 20 -133 800 0 0 
635 0 0 666 533 0 376 0 140 
-207 585 0 0 900 0 0 0 0 
-280 84 0 -114 760 0 0 0 0 
-453 -254 0 133 725 0 0 0 0 
0 -400 0 0 0 0 0 0 0 
-966 0 0 0 0 0 0 0 0 
100 0 0 0 0 0 0 0 0 
459 100 0 0 0 0 0 0 0 
666 500 0 0 -100 -175 0 0 0 
-150 -433 0 0 0 140 200 0 0 
294 -1500 648 0 0 0 0 0 0 
214 0 348 240 520 1155 450 0 0 
310 -600 324 366 0 -466 -166 466 -85 
384 0 0 0 0 0 -500 -900 0 
426 0 -433 -400 0 0 -400 0 -733 
-707 -66 -100 0 0 0 -400 0 -766 
297 0 200 0 0 0 0 0 0 
49 -1133 514 575 100 200 -433 0 0 
324 0 644 0 0 0 -100 -66 -100 
-86 0 0 258 0 0 -66 0 0 
122 0 0 431 649 75 142 0 375 
227 0 0 512 700 0 536 857 -58 
-400 0 0 248 0 0 0 0 0 
17 0 0 54 -233 66 0 0 0 
266 0 0 450 0 0 75 0 -528 
-51 0 0 58 0 0 480 0 0 
-53 0 0 130 170 183 283 0 833 
-31 0 0 119 166 0 481 66 -200 
-430 -30 0 -737 -262 0 1000 0 0 
79 128 -100 162 1379 288 -140 0 0 
54 323 0 -95 -270 -1080 20 528 100 
271 -233 -100 428 819 0 -1366 0 0 
-205 942 -60 1065 1900 573 1233 860 1440 
16 -20 100 0 33 666 -739 -539 -487 
-466 466 0 0 766 -625 0 0 0 
-693 -92 0 -35 1928 -200 0 0 0 
-61 -40 0 200 233 -292 -345 -1475 -1250 
-155 -666 -78 459 -600 -155 -272 -966 -375 
-51 -446 81 1037 1012 596 772 -114 1395 
-12 333 52 1142 0 252 337 -1250 -36 
-965 -33 -644 400 0 0 -200 0 -100 
-87 300 68 603 687 739 20 0 488 
286 0 -133 -212 0 1085 -790 -980 -760 
-441 -666 -496 1033 -33 500 1050 0 0 
-306 -861 -204 1065 1481 437 816 -666 1286 
-14 0 44 20 900 -139 237 500 -439 
632 0 0 268 0 0 687 0 0 
630 0 0 331 1660 -642 1337 0 2025 
564 0 0 46 223 0 541 1293 575 
382 0 0 -325 0 0 771 0 0 
83 0 0 -53 1227 -66 711 0 733 
237 0 0 729 -725 0 -81 -355 251 
748 0 0 866 0 0 545 0 0 
445 0 0 588 1021 -140 572 0 466 
431 0 0 -180 -409 0 559 748 43 
40 -114 700 52 933 -60 33 666 0 
185 487 0 -43 1166 -350 0 0 0 
52 172 0 -202 -11 -552 163 24 -900 
222 520 -233 -33 0 0 0 0 0 
-550 -688 0 -584 1548 -88 0 0 0 
-258 -733 -571 -22 -142 30 -1083 -670 -656 
933 1133 0 0 0 166 0 600 0 
400 466 0 100 2566 0 0 0 0 
314 -1900 0 257 257 0 -166 -466 -766 
578 1125 172 463 -800 1383 417 -328 -134 
257 -187 408 661 750 916 625 -180 585 
402 90 327 -252 -751 -200 255 -349 -427 
367 0 707 857 0 100 684 -1371 -600 
146 583 42 474 817 582 600 252 1047 
460 526 265 -193 -550 0 385 336 -597 
237 277 -376 352 628 -314 832 1460 314 
67 51 23 319 1061 306 441 352 477 
250 119 329 -511 -742 47 331 -424 -659 
1231 0 0 0 0 0 0 0 0 
535 0 0 468 707 100 1155 0 0 
660 0 0 600 0 0 630 300 475 
507 2355 -320 0 0 0 0 0 0 
530 900 150 315 525 0 33 -100 33 
-21 1539 475 180 0 0 111 590 -100 
2526 0 3211 0 0 0 0 0 0 
1385 0 1733 1142 -433 0 233 0 0 
1595 0 566 266 0 0 1416 0 33 
-360 471 -200 -600 -66 0 0 0 0 
21 -333 50 475 -200 66 0 0 -666 
-591 -1215 0 0 0 0 0 0 0 
-186 1430 0 0 860 0 0 850 0 
488 209 389 -166 2503 866 766 0 0 
66 657 0 -200 1166 0 0 0 0 
200 250 0 966 366 400 0 0 0 
0 -133 333 0 566 680 0 0 0 
766 -133 0 0 -366 633 0 0 0 
328 1533 1605 -700 0 0 -675 800 -666 
85 333 -100 682 -66 100 1000 366 0 
9 333 350 500 0 66 172 333 -275 
1304 1224 1851 100 -500 625 2276 2784 650 
433 343 193 793 1512 1100 785 -166 -40 
450 475 748 166 33 0 554 1028 900 
1151 0 1661 -300 0 1400 1833 100 866 
220 0 -1120 925 0 833 233 0 433 
147 0 1833 0 0 0 825 -133 866 
-194 0 0 -36 0 0 0 0 0 
-113 0 0 111 372 323 1470 0 -166 
164 0 0 100 0 0 410 700 -124 
-351 128 -1666 25 659 0 200 1253 0 
-96 6 -1000 125 441 -156 876 -225 700 
-217 465 66 -286 724 54 -148 394 -294 
-117 0 300 431 0 1425 1133 0 0 
-67 0 -70 565 154 715 625 0 966 
455 0 0 95 -325 171 416 333 -548 
-371 66 0 -429 25 0 433 800 0 
-389 297 -274 -143 240 -179 291 0 733 
129 150 0 -137 -375 0 -127 -480 40 
117 132 243 -380 795 250 1163 1852 1226 
-266 -310 -33 210 1059 676 106 249 115 
418 193 396 -740 534 133 249 526 -80 
100 -800 0 -333 -700 -1166 0 200 0 
-274 -790 -728 -688 -163 -450 566 0 107 
-653 114 0 500 -680 -400 166 -560 -663 
-558 -587 -306 -226 66 -266 432 0 822 
-275 -339 -466 312 567 266 278 -300 71 
-48 -377 -94 79 485 195 -100 46 -82 
-574 -404 -191 507 170 553 465 584 -595 
-78 -210 -347 999 840 478 888 -115 11 
12 -187 223 -13 581 508 224 -258 -568 
-566 -100 -427 -434 53 707 60 0 -425 
-222 -1133 -380 725 417 -93 963 75 -357 
-131 -33 -503 800 240 393 514 -800 -557 
633 0 0 196 0 0 448 0 0 
256 0 0 207 670 -680 504 0 -1025 
412 0 0 -153 -169 0 311 600 187 
276 1402 152 171 1017 133 365 927 540 
251 689 -466 424 1539 -1000 437 459 266 
248 950 71 -223 354 266 166 777 223 
1540 0 3400 682 0 1800 562 0 2100 
510 0 640 680 413 440 -353 0 600 
613 0 1248 411 -518 166 463 -26 250 
10 417 0 -266 -375 0 233 285 0 
-359 230 -285 -200 280 800 733 133 233 
-97 -101 0 -241 -542 -261 -858 -506 -1000 
118 995 -97 -966 1784 -168 1366 2375 -366 
-178 417 600 -340 1252 650 380 0 -20 
-94 299 378 -486 405 0 -1020 16 -358 
-133 0 0 0 0 133 0 0 0 
411 0 666 1166 328 500 -440 0 0 
775 -500 0 -66 -757 233 -100 0 200 
226 -275 569 78 33 204 66 -37 129 
63 315 152 108 360 103 78 468 -12 
340 -112 454 -281 -15 -1283 5 -31 -242 
601 737 829 212 898 140 513 791 376 
134 333 -20 716 639 603 679 -75 -211 
324 851 427 7 298 555 377 95 -187 
678 -9 677 600 90 1844 328 0 866 
-13 200 109 575 -147 -351 593 -810 -364 
307 45 475 -490 -685 -408 159 -599 -668 
906 0 0 0 0 0 0 0 0 
615 0 0 737 594 1460 513 0 0 
635 0 0 2300 0 0 551 220 1100 
-254 156 0 0 0 0 0 0 0 
-106 155 0 0 250 0 0 0 0 
-189 8 0 0 0 0 447 633 0 
990 1730 951 0 0 0 0 0 0 
480 1290 554 647 -118 142 815 0 -66 
540 1160 594 1618 0 166 520 125 21 
-126 216 0 -1000 0 0 0 233 0 
-245 75 0 812 0 0 0 0 0 
210 500 0 0 0 0 400 0 0 
-1516 450 0 -33 -33 0 0 0 0 
-725 -725 0 0 766 0 0 0 0 
0 100 0 0 0 0 -800 -800 0 
-1106 -1626 -2640 -3100 -933 -1300 0 -866 0 
-554 -992 266 22 -306 -675 266 0 0 
466 325 0 0 0 -166 -700 0 133 
195 -977 240 -100 0 -500 455 833 666 
598 766 506 588 880 -133 615 0 500 
189 114 116 -260 466 33 363 660 800 
-1522 -4000 0 -1666 0 0 -2475 -250 0 
-297 533 0 925 300 0 -733 233 0 
-453 -1377 -466 -533 -166 0 -1025 300 -225 
-256 -566 -1088 400 0 -3181 -1730 -1366 -714 
25 -50 -380 162 -11 -106 300 -250 -352 
175 -1950 -549 633 -1200 -175 391 -1323 -807 
-154 0 0 108 0 0 -62 0 0 
-49 0 0 196 295 158 566 0 420 
-50 0 0 47 -71 0 189 458 -250 
-501 -848 0 -508 -771 0 -25 -100 0 
-247 -261 0 -171 -128 -600 275 0 0 
-341 -120 0 -292 -394 0 -352 43 480 
-237 -87 -495 0 378 36 422 -33 -120 
-180 -347 -268 -12 -74 -29 470 -166 1057 
-94 0 -240 -279 405 371 -49 -78 -602 
-367 -379 1366 -54 181 -1022 -276 -636 0 
-229 -251 -675 -180 384 48 -68 150 -257 
-188 -217 0 -100 173 0 -334 -117 -146 
-535 -721 -169 -445 119 -162 1228 -480 -142 
-326 -332 -83 -165 623 621 244 -110 328 
105 -406 -87 -1276 -85 1053 -655 -236 -132 
-1478 -1138 -581 -1949 -1041 -1061 -1600 -1333 -340 
-981 -823 -709 -862 -41 -208 -288 -800 352 
-981 -917 260 -1247 44 -481 -1203 -873 -1397 
-450 -114 -87 -4 225 130 -470 100 -458 
-123 -333 -37 588 940 432 201 619 328 
47 -150 -190 149 70 492 -47 -844 194 
-1848 -3200 0 -514 -1500 0 -1000 -866 -508 
-667 -1485 266 223 -311 670 216 -1166 -449 
-19 -379 0 -458 -685 220 -553 -232 -553 
-509 -750 -1208 -88 -550 -1297 -345 -375 -2518 
-309 -516 -766 405 317 -282 256 -960 -925 
-58 66 -565 -231 565 -166 -174 -650 -1262 
560 0 0 129 0 0 473 0 0 
429 0 0 229 986 -460 647 0 1021 
401 0 0 -3 168 0 389 723 278 
-109 55 0 -523 -525 0 -160 -374 0 
-150 -322 0 -16 359 -200 -174 -76 233 
49 165 0 -436 -732 0 -122 -129 109 
534 1060 589 -225 1333 -438 571 746 468 
367 321 316 168 706 110 504 -304 70 
327 623 450 -260 -219 -177 304 382 170 
67 -52 66 -65 -254 -250 346 -40 0 
-69 -217 0 -219 485 242 -1633 100 0 
163 295 0 -135 -192 -504 -681 -115 -703 
-195 -377 -159 -1142 133 237 -733 -1225 120 
-486 -562 -400 20 686 -616 0 -733 0 
-192 176 -384 -1725 -321 591 -142 -483 -478 
16 -661 305 -2714 -1760 -948 -1000 -633 -1600 
-400 271 -1116 -1100 129 -242 566 66 25 
-821 -46 -677 -777 -291 -338 -2117 -175 -1188 
365 735 376 300 840 453 250 -285 393 
337 148 416 316 886 403 324 30 224 
461 96 419 176 226 243 240 136 95 
-155 -263 -200 -34 -1233 200 -1255 -1115 195 
-255 -365 -66 -193 366 251 -344 -171 -468 
226 -260 408 -262 -508 966 -28 -345 -392 
249 -398 -412 268 45 -365 222 -695 -810 
-10 -21 -173 337 120 -202 137 -595 -772 
187 110 57 -133 -208 -324 164 -205 -1422 
